Frame,Time,Cursor Position X,Cursor Position Y,Cursor Position Z,Cursor Velocity X,Cursor Velocity Y,Cursor Velocity Z
1,0,0,0,0,0,0,0
2,0.02,0.06205082,0.03249353,-0.2455476,0,0,0
3,0.2887633,0.0620423,0.03243893,-0.2454946,0,0,0
4,0.2984689,0.0620423,0.03243893,-0.2454946,0,0,0
5,0.3033101,0.0620423,0.03243893,-0.2454946,0,0,0
6,0.3044673,0.0620423,0.03243893,-0.2454946,0,0,0
7,0.3052435,0.0620423,0.03243893,-0.2454946,0,0,0
8,0.3058859,0.0620423,0.03243893,-0.2454946,0,0,0
9,0.3066452,0.0620423,0.03243893,-0.2454946,0,0,0
10,0.3073602,0.0620423,0.03243893,-0.2454946,0,0,0
11,0.3081749,0.0620423,0.03243893,-0.2454946,0,0,0
12,0.3090318,0.0620423,0.03243893,-0.2454946,0,0,0
13,0.3099697,0.0620423,0.03243893,-0.2454946,0,0,0
14,0.3107226,0.0620423,0.03243893,-0.2454946,0,0,0
15,0.3114185,0.0620423,0.03243893,-0.2454946,0,0,0
16,0.3121148,0.0620423,0.03243893,-0.2454946,0,0,0
17,0.3128352,0.0620423,0.03243893,-0.2454946,0,0,0
18,0.3135522,0.0620423,0.03243893,-0.2454946,0,0,0
19,0.3142347,0.0620423,0.03243893,-0.2454946,0,0,0
20,0.3150171,0.0620423,0.03243893,-0.2454946,0,0,0
21,0.3157279,0.0620423,0.03243893,-0.2454946,0,0,0
22,0.3164336,0.0620423,0.03243893,-0.2454946,0,0,0
23,0.317098,0.0620423,0.03243893,-0.2454946,0,0,0
24,0.3179433,0.0620423,0.03243893,-0.2454946,0,0,0
25,0.3186542,0.0620423,0.03243893,-0.2454946,0,0,0
26,0.3195313,0.0620423,0.03243893,-0.2454946,0,0,0
27,0.3202511,0.0620423,0.03243893,-0.2454946,0,0,0
28,0.3211722,0.0620423,0.03243893,-0.2454946,0,0,0
29,0.3218814,0.0620423,0.03243893,-0.2454946,0,0,0
30,0.3226203,0.0620423,0.03243893,-0.2454946,0,0,0
31,0.3233576,0.0620423,0.03243893,-0.2454946,0,0,0
32,0.3241315,0.0620423,0.03243893,-0.2454946,0,0,0
33,0.3248393,0.0620423,0.03243893,-0.2454946,0,0,0
34,0.3255679,0.0620423,0.03243893,-0.2454946,0,0,0
35,0.3262458,0.0620423,0.03243893,-0.2454946,0,0,0
36,0.327054,0.0620423,0.03243893,-0.2454946,0,0,0
37,0.3277615,0.0620423,0.03243893,-0.2454946,0,0,0
38,0.328565,0.0620423,0.03243893,-0.2454946,0,0,0
39,0.3295604,0.0620423,0.03243893,-0.2454946,0,0,0
40,0.3302274,0.0620423,0.03243893,-0.2454946,0,0,0
41,0.330901,0.0620423,0.03243893,-0.2454946,0,0,0
42,0.3316208,0.0620423,0.03243893,-0.2454946,0,0,0
43,0.3322856,0.0620423,0.03243893,-0.2454946,0,0,0
44,0.3329971,0.0620423,0.03243893,-0.2454946,0,0,0
45,0.3336906,0.0620423,0.03243893,-0.2454946,0,0,0
46,0.3343688,0.0620423,0.03243893,-0.2454946,0,0,0
47,0.3351235,0.0620423,0.03243893,-0.2454946,0,0,0
48,0.3358655,0.0620423,0.03243893,-0.2454946,0,0,0
49,0.3365827,0.0620423,0.03243893,-0.2454946,0,0,0
50,0.3372638,0.0620423,0.03243893,-0.2454946,0,0,0
51,0.3379588,0.0620423,0.03243893,-0.2454946,0,0,0
52,0.3386323,0.0620423,0.03243893,-0.2454946,0,0,0
53,0.339255,0.0620423,0.03243893,-0.2454946,0,0,0
54,0.3400164,0.0620423,0.03243893,-0.2454946,0,0,0
55,0.340936,0.0620423,0.03243893,-0.2454946,0,0,0
56,0.3417651,0.0620423,0.03243893,-0.2454946,0,0,0
57,0.3426707,0.0620423,0.03243893,-0.2454946,0,0,0
58,0.3434211,0.0620423,0.03243893,-0.2454946,0,0,0
59,0.3441832,0.0620423,0.03243893,-0.2454946,0,0,0
60,0.3449311,0.0620423,0.03243893,-0.2454946,0,0,0
61,0.3456168,0.0620423,0.03243893,-0.2454946,0,0,0
62,0.3463635,0.0620423,0.03243893,-0.2454946,0,0,0
63,0.347036,0.0620423,0.03243893,-0.2454946,0,0,0
64,0.3477986,0.0620423,0.03243893,-0.2454946,0,0,0
65,0.3485149,0.0620423,0.03243893,-0.2454946,0,0,0
66,0.3492973,0.0620423,0.03243893,-0.2454946,0,0,0
67,0.3499984,0.0620423,0.03243893,-0.2454946,0,0,0
68,0.350692,0.0620423,0.03243893,-0.2454946,0,0,0
69,0.3513746,0.0620423,0.03243893,-0.2454946,0,0,0
70,0.3521028,0.0620423,0.03243893,-0.2454946,0,0,0
71,0.3528883,0.0620423,0.03243893,-0.2454946,0,0,0
72,0.3535749,0.0620423,0.03243893,-0.2454946,0,0,0
73,0.3542718,0.0620423,0.03243893,-0.2454946,0,0,0
74,0.3549372,0.0620423,0.03243893,-0.2454946,0,0,0
75,0.3556907,0.0620423,0.03243893,-0.2454946,0,0,0
76,0.3563504,0.0620423,0.03243893,-0.2454946,0,0,0
77,0.3570474,0.0620423,0.03243893,-0.2454946,0,0,0
78,0.3577287,0.0620423,0.03243893,-0.2454946,0,0,0
79,0.358505,0.0620423,0.03243893,-0.2454946,0,0,0
80,0.3593059,0.0620423,0.03243893,-0.2454946,0,0,0
81,0.3600789,0.0620423,0.03243893,-0.2454946,0,0,0
82,0.3609055,0.0620423,0.03243893,-0.2454946,0,0,0
83,0.3616107,0.0620423,0.03243893,-0.2454946,0,0,0
84,0.3623739,0.0620423,0.03243893,-0.2454946,0,0,0
85,0.3631956,0.0620423,0.03243893,-0.2454946,0,0,0
86,0.3639923,0.0620423,0.03243893,-0.2454946,0,0,0
87,0.3647787,0.0620423,0.03243893,-0.2454946,0,0,0
88,0.3654701,0.0620423,0.03243893,-0.2454946,0,0,0
89,0.3661506,0.0620423,0.03243893,-0.2454946,0,0,0
90,0.3668627,0.0620423,0.03243893,-0.2454946,0,0,0
91,0.3675694,0.0620423,0.03243893,-0.2454946,0,0,0
92,0.3682593,0.0620423,0.03243893,-0.2454946,0,0,0
93,0.3690502,0.0620423,0.03243893,-0.2454946,0,0,0
94,0.3697859,0.0620423,0.03243893,-0.2454946,0,0,0
95,0.3704543,0.0620423,0.03243893,-0.2454946,0,0,0
96,0.3711395,0.0620423,0.03243893,-0.2454946,0,0,0
97,0.3719358,0.0620423,0.03243893,-0.2454946,0,0,0
98,0.3726284,0.0620423,0.03243893,-0.2454946,0,0,0
99,0.3734056,0.0620423,0.03243893,-0.2454946,0,0,0
100,0.3740654,0.0620423,0.03243893,-0.2454946,0,0,0
101,0.3747466,0.0620423,0.03243893,-0.2454946,0,0,0
102,0.3754627,0.0620423,0.03243893,-0.2454946,0,0,0
103,0.3762456,0.0620423,0.03243893,-0.2454946,0,0,0
104,0.3768984,0.0620423,0.03243893,-0.2454946,0,0,0
105,0.3775268,0.0620423,0.03243893,-0.2454946,0,0,0
106,0.3783345,0.0620423,0.03243893,-0.2454946,0,0,0
107,0.379054,0.0620423,0.03243893,-0.2454946,0,0,0
108,0.3797229,0.0620423,0.03243893,-0.2454946,0,0,0
109,0.3803825,0.0620423,0.03243893,-0.2454946,0,0,0
110,0.3812203,0.0620423,0.03243893,-0.2454946,0,0,0
111,0.3819373,0.0620423,0.03243893,-0.2454946,0,0,0
112,0.3826908,0.0620423,0.03243893,-0.2454946,0,0,0
113,0.3834037,0.0620423,0.03243893,-0.2454946,0,0,0
114,0.3840488,0.0620423,0.03243893,-0.2454946,0,0,0
115,0.3847402,0.0620423,0.03243893,-0.2454946,0,0,0
116,0.3854254,0.0620423,0.03243893,-0.2454946,0,0,0
117,0.3861233,0.0620423,0.03243893,-0.2454946,0,0,0
118,0.3868869,0.0620423,0.03243893,-0.2454946,0,0,0
119,0.3876626,0.0620423,0.03243893,-0.2454946,0,0,0
120,0.3883892,0.0620423,0.03243893,-0.2454946,0,0,0
121,0.3891163,0.0620423,0.03243893,-0.2454946,0,0,0
122,0.3899113,0.0620423,0.03243893,-0.2454946,0,0,0
123,0.3906025,0.0620423,0.03243893,-0.2454946,0,0,0
124,0.3912621,0.0620423,0.03243893,-0.2454946,0,0,0
125,0.3919349,0.0620423,0.03243893,-0.2454946,0,0,0
126,0.3927405,0.0620423,0.03243893,-0.2454946,0,0,0
127,0.3935029,0.0620423,0.03243893,-0.2454946,0,0,0
128,0.3941873,0.0620423,0.03243893,-0.2454946,0,0,0
129,0.3949236,0.0620423,0.03243893,-0.2454946,0,0,0
130,0.3956243,0.0620423,0.03243893,-0.2454946,0,0,0
131,0.396395,0.0620423,0.03243893,-0.2454946,0,0,0
132,0.3970891,0.0620423,0.03243893,-0.2454946,0,0,0
133,0.3977846,0.0620423,0.03243893,-0.2454946,0,0,0
134,0.3984324,0.0620423,0.03243893,-0.2454946,0,0,0
135,0.3991279,0.0620423,0.03243893,-0.2454946,0,0,0
136,0.3999127,0.0620423,0.03243893,-0.2454946,0,0,0
137,0.4006038,0.0620423,0.03243893,-0.2454946,0,0,0
138,0.4015001,0.0620423,0.03243893,-0.2454946,0,0,0
139,0.4021476,0.0620423,0.03243893,-0.2454946,0,0,0
140,0.402882,0.0620423,0.03243893,-0.2454946,0,0,0
141,0.4035469,0.0620423,0.03243893,-0.2454946,0,0,0
142,0.4041953,0.0620423,0.03243893,-0.2454946,0,0,0
143,0.4048268,0.0620423,0.03243893,-0.2454946,0,0,0
144,0.4054569,0.0620423,0.03243893,-0.2454946,0,0,0
145,0.4060827,0.0620423,0.03243893,-0.2454946,0,0,0
146,0.4067046,0.0620423,0.03243893,-0.2454946,0,0,0
147,0.4073299,0.0620423,0.03243893,-0.2454946,0,0,0
148,0.4080091,0.0620423,0.03243893,-0.2454946,0,0,0
149,0.4087616,0.0620423,0.03243893,-0.2454946,0,0,0
150,0.4094649,0.0620423,0.03243893,-0.2454946,0,0,0
151,0.4101473,0.0620423,0.03243893,-0.2454946,0,0,0
152,0.4108541,0.0620423,0.03243893,-0.2454946,0,0,0
153,0.4115228,0.0620423,0.03243893,-0.2454946,0,0,0
154,0.4122029,0.0620423,0.03243893,-0.2454946,0,0,0
155,0.412909,0.0620423,0.03243893,-0.2454946,0,0,0
156,0.4136222,0.0620423,0.03243893,-0.2454946,0,0,0
157,0.4143385,0.0620423,0.03243893,-0.2454946,0,0,0
158,0.4151146,0.0620423,0.03243893,-0.2454946,0,0,0
159,0.4158722,0.0620423,0.03243893,-0.2454946,0,0,0
160,0.416613,0.0620423,0.03243893,-0.2454946,0,0,0
161,0.4173694,0.0620423,0.03243893,-0.2454946,0,0,0
162,0.4180601,0.0620423,0.03243893,-0.2454946,0,0,0
163,0.4188137,0.0620423,0.03243893,-0.2454946,0,0,0
164,0.4195171,0.0620423,0.03243893,-0.2454946,0,0,0
165,0.4202892,0.0620423,0.03243893,-0.2454946,0,0,0
166,0.4212383,0.0620423,0.03243893,-0.2454946,0,0,0
167,0.4250649,0.06202972,0.03230916,-0.2454163,-0.0001897343,-0.0001897343,0.0001847226
168,0.4260595,0.06202972,0.03230916,-0.2454163,-0.0001897343,-0.0001897343,0.0001847226
169,0.4268015,0.06202972,0.03230916,-0.2454163,-0.0001897343,-0.0001897343,0.0001847226
170,0.4275492,0.06202972,0.03230916,-0.2454163,-0.0001897343,-0.0001897343,0.0001847226
171,0.4283562,0.06202972,0.03230916,-0.2454163,-0.0001897343,-0.0001897343,0.0001847226
172,0.4290564,0.06202972,0.03230916,-0.2454163,-0.0001897343,-0.0001897343,0.0001847226
173,0.4298548,0.06202972,0.03230916,-0.2454163,-0.0001897343,-0.0001897343,0.0001847226
174,0.4304844,0.06202972,0.03230916,-0.2454163,-0.0001897343,-0.0001897343,0.0001847226
175,0.4338939,0.06202972,0.03230916,-0.2454163,-0.0001897343,-0.0001897343,0.0001847226
176,0.4348491,0.06202972,0.03230916,-0.2454163,-0.0001897343,-0.0001897343,0.0001847226
177,0.4355546,0.06202972,0.03230916,-0.2454163,-0.0001897343,-0.0001897343,0.0001847226
178,0.4363086,0.06202972,0.03230916,-0.2454163,-0.0001897343,-0.0001897343,0.0001847226
179,0.4370436,0.06202972,0.03230916,-0.2454163,-0.0001897343,-0.0001897343,0.0001847226
180,0.4377299,0.06202972,0.03230916,-0.2454163,-0.0001897343,-0.0001897343,0.0001847226
181,0.4384411,0.06202972,0.03230916,-0.2454163,-0.0001897343,-0.0001897343,0.0001847226
182,0.4390662,0.06202972,0.03230916,-0.2454163,-0.0001897343,-0.0001897343,0.0001847226
183,0.4397413,0.06202972,0.03230916,-0.2454163,-0.0001897343,-0.0001897343,0.0001847226
184,0.4404303,0.06202972,0.03230916,-0.2454163,-0.0001897343,-0.0001897343,0.0001847226
185,0.4413754,0.06202972,0.03230916,-0.2454163,-0.0001897343,-0.0001897343,0.0001847226
186,0.4420883,0.06202972,0.03230916,-0.2454163,-0.0001897343,-0.0001897343,0.0001847226
187,0.4429031,0.06202972,0.03230916,-0.2454163,-0.0001897343,-0.0001897343,0.0001847226
188,0.443612,0.06202972,0.03230916,-0.2454163,-0.0001897343,-0.0001897343,0.0001847226
189,0.4443664,0.06202972,0.03230916,-0.2454163,-0.0001897343,-0.0001897343,0.0001847226
190,0.4450473,0.06202972,0.03230916,-0.2454163,-0.0001897343,-0.0001897343,0.0001847226
191,0.4457689,0.06202972,0.03230916,-0.2454163,-0.0001897343,-0.0001897343,0.0001847226
192,0.4464888,0.06202972,0.03230916,-0.2454163,-0.0001897343,-0.0001897343,0.0001847226
193,0.4472083,0.06202972,0.03230916,-0.2454163,-0.0001897343,-0.0001897343,0.0001847226
194,0.447852,0.06202972,0.03230916,-0.2454163,-0.0001897343,-0.0001897343,0.0001847226
195,0.4485383,0.06202972,0.03230916,-0.2454163,-0.0001897343,-0.0001897343,0.0001847226
196,0.4492573,0.06202972,0.03230916,-0.2454163,-0.0001897343,-0.0001897343,0.0001847226
197,0.4499653,0.06202972,0.03230916,-0.2454163,-0.0001897343,-0.0001897343,0.0001847226
198,0.4506098,0.06202972,0.03230916,-0.2454163,-0.0001897343,-0.0001897343,0.0001847226
199,0.451291,0.06202972,0.03230916,-0.2454163,-0.0001897343,-0.0001897343,0.0001847226
200,0.4519964,0.06202972,0.03230916,-0.2454163,-0.0001897343,-0.0001897343,0.0001847226
201,0.4526297,0.06202972,0.03230916,-0.2454163,-0.0001897343,-0.0001897343,0.0001847226
202,0.4533109,0.06202972,0.03230916,-0.2454163,-0.0001897343,-0.0001897343,0.0001847226
203,0.4541526,0.06202972,0.03230916,-0.2454163,-0.0001897343,-0.0001897343,0.0001847226
204,0.4548644,0.06202972,0.03230916,-0.2454163,-0.0001897343,-0.0001897343,0.0001847226
205,0.4555979,0.06202972,0.03230916,-0.2454163,-0.0001897343,-0.0001897343,0.0001847226
206,0.4563761,0.06202972,0.03230916,-0.2454163,-0.0001897343,-0.0001897343,0.0001847226
207,0.4570357,0.06202972,0.03230916,-0.2454163,-0.0001897343,-0.0001897343,0.0001847226
208,0.4577223,0.06202972,0.03230916,-0.2454163,-0.0001897343,-0.0001897343,0.0001847226
209,0.4585538,0.06202972,0.03230916,-0.2454163,-0.0001897343,-0.0001897343,0.0001847226
210,0.4594541,0.06202972,0.03230916,-0.2454163,-0.0001897343,-0.0001897343,0.0001847226
211,0.4602135,0.06202972,0.03230916,-0.2454163,-0.0001897343,-0.0001897343,0.0001847226
212,0.4610315,0.06202972,0.03230916,-0.2454163,-0.0001897343,-0.0001897343,0.0001847226
213,0.4617383,0.06202972,0.03230916,-0.2454163,-0.0001897343,-0.0001897343,0.0001847226
214,0.4623964,0.06202972,0.03230916,-0.2454163,-0.0001897343,-0.0001897343,0.0001847226
215,0.4630673,0.06202972,0.03230916,-0.2454163,-0.0001897343,-0.0001897343,0.0001847226
216,0.4637529,0.06202972,0.03230916,-0.2454163,-0.0001897343,-0.0001897343,0.0001847226
217,0.4643832,0.06202972,0.03230916,-0.2454163,-0.0001897343,-0.0001897343,0.0001847226
218,0.4651172,0.06202972,0.03230916,-0.2454163,-0.0001897343,-0.0001897343,0.0001847226
219,0.4658431,0.06202972,0.03230916,-0.2454163,-0.0001897343,-0.0001897343,0.0001847226
220,0.4665375,0.06202972,0.03230916,-0.2454163,-0.0001897343,-0.0001897343,0.0001847226
221,0.4672324,0.06202972,0.03230916,-0.2454163,-0.0001897343,-0.0001897343,0.0001847226
222,0.4679227,0.06202972,0.03230916,-0.2454163,-0.0001897343,-0.0001897343,0.0001847226
223,0.4686117,0.06202972,0.03230916,-0.2454163,-0.0001897343,-0.0001897343,0.0001847226
224,0.4692656,0.06202972,0.03230916,-0.2454163,-0.0001897343,-0.0001897343,0.0001847226
225,0.4700402,0.06202972,0.03230916,-0.2454163,-0.0001897343,-0.0001897343,0.0001847226
226,0.4707231,0.06202972,0.03230916,-0.2454163,-0.0001897343,-0.0001897343,0.0001847226
227,0.4714406,0.06202972,0.03230916,-0.2454163,-0.0001897343,-0.0001897343,0.0001847226
228,0.4721248,0.06202972,0.03230916,-0.2454163,-0.0001897343,-0.0001897343,0.0001847226
229,0.4728117,0.06202972,0.03230916,-0.2454163,-0.0001897343,-0.0001897343,0.0001847226
230,0.4734621,0.06202972,0.03230916,-0.2454163,-0.0001897343,-0.0001897343,0.0001847226
231,0.4741419,0.06202972,0.03230916,-0.2454163,-0.0001897343,-0.0001897343,0.0001847226
232,0.474784,0.06202972,0.03230916,-0.2454163,-0.0001897343,-0.0001897343,0.0001847226
233,0.4754719,0.06202972,0.03230916,-0.2454163,-0.0001897343,-0.0001897343,0.0001847226
234,0.4761973,0.06202972,0.03230916,-0.2454163,-0.0001897343,-0.0001897343,0.0001847226
235,0.4770688,0.06202972,0.03230916,-0.2454163,-0.0001897343,-0.0001897343,0.0001847226
236,0.4777949,0.06202972,0.03230916,-0.2454163,-0.0001897343,-0.0001897343,0.0001847226
237,0.4785303,0.06202972,0.03230916,-0.2454163,-0.0001897343,-0.0001897343,0.0001847226
238,0.4792214,0.06202972,0.03230916,-0.2454163,-0.0001897343,-0.0001897343,0.0001847226
239,0.4799042,0.06202972,0.03230916,-0.2454163,-0.0001897343,-0.0001897343,0.0001847226
240,0.4805966,0.06202972,0.03230916,-0.2454163,-0.0001897343,-0.0001897343,0.0001847226
241,0.4814531,0.06202972,0.03230916,-0.2454163,-0.0001897343,-0.0001897343,0.0001847226
242,0.482136,0.06202972,0.03230916,-0.2454163,-0.0001897343,-0.0001897343,0.0001847226
243,0.4828324,0.06202972,0.03230916,-0.2454163,-0.0001897343,-0.0001897343,0.0001847226
244,0.4835723,0.06202972,0.03230916,-0.2454163,-0.0001897343,-0.0001897343,0.0001847226
245,0.4842713,0.06202972,0.03230916,-0.2454163,-0.0001897343,-0.0001897343,0.0001847226
246,0.4850663,0.06202972,0.03230916,-0.2454163,-0.0001897343,-0.0001897343,0.0001847226
247,0.4857792,0.06202972,0.03230916,-0.2454163,-0.0001897343,-0.0001897343,0.0001847226
248,0.486458,0.06202972,0.03230916,-0.2454163,-0.0001897343,-0.0001897343,0.0001847226
249,0.487162,0.06202972,0.03230916,-0.2454163,-0.0001897343,-0.0001897343,0.0001847226
250,0.4878777,0.06202972,0.03230916,-0.2454163,-0.0001897343,-0.0001897343,0.0001847226
251,0.4886153,0.06202972,0.03230916,-0.2454163,-0.0001897343,-0.0001897343,0.0001847226
252,0.4893304,0.06202972,0.03230916,-0.2454163,-0.0001897343,-0.0001897343,0.0001847226
253,0.4899916,0.06202972,0.03230916,-0.2454163,-0.0001897343,-0.0001897343,0.0001847226
254,0.4906432,0.06202972,0.03230916,-0.2454163,-0.0001897343,-0.0001897343,0.0001847226
255,0.4913977,0.06202972,0.03230916,-0.2454163,-0.0001897343,-0.0001897343,0.0001847226
256,0.4920814,0.06202972,0.03230916,-0.2454163,-0.0001897343,-0.0001897343,0.0001847226
257,0.4928739,0.06202972,0.03230916,-0.2454163,-0.0001897343,-0.0001897343,0.0001847226
258,0.4936354,0.06202972,0.03230916,-0.2454163,-0.0001897343,-0.0001897343,0.0001847226
259,0.4943773,0.06202972,0.03230916,-0.2454163,-0.0001897343,-0.0001897343,0.0001847226
260,0.4950548,0.06202972,0.03230916,-0.2454163,-0.0001897343,-0.0001897343,0.0001847226
261,0.4956997,0.06202972,0.03230916,-0.2454163,-0.0001897343,-0.0001897343,0.0001847226
262,0.4963758,0.06202972,0.03230916,-0.2454163,-0.0001897343,-0.0001897343,0.0001847226
263,0.4970823,0.06202972,0.03230916,-0.2454163,-0.0001897343,-0.0001897343,0.0001847226
264,0.4977695,0.06202972,0.03230916,-0.2454163,-0.0001897343,-0.0001897343,0.0001847226
265,0.4984442,0.06202972,0.03230916,-0.2454163,-0.0001897343,-0.0001897343,0.0001847226
266,0.4991538,0.06202972,0.03230916,-0.2454163,-0.0001897343,-0.0001897343,0.0001847226
267,0.4999129,0.06202972,0.03230916,-0.2454163,-0.0001897343,-0.0001897343,0.0001847226
268,0.5006426,0.06202972,0.03230916,-0.2454163,-0.0001897343,-0.0001897343,0.0001847226
269,0.5014297,0.06202972,0.03230916,-0.2454163,-0.0001897343,-0.0001897343,0.0001847226
270,0.5021115,0.06202972,0.03230916,-0.2454163,-0.0001897343,-0.0001897343,0.0001847226
271,0.5027727,0.06202972,0.03230916,-0.2454163,-0.0001897343,-0.0001897343,0.0001847226
272,0.5035416,0.06202972,0.03230916,-0.2454163,-0.0001897343,-0.0001897343,0.0001847226
273,0.5042364,0.06202972,0.03230916,-0.2454163,-0.0001897343,-0.0001897343,0.0001847226
274,0.5048945,0.06202972,0.03230916,-0.2454163,-0.0001897343,-0.0001897343,0.0001847226
275,0.5055731,0.06202972,0.03230916,-0.2454163,-0.0001897343,-0.0001897343,0.0001847226
276,0.5063189,0.06202972,0.03230916,-0.2454163,-0.0001897343,-0.0001897343,0.0001847226
277,0.5070121,0.06202972,0.03230916,-0.2454163,-0.0001897343,-0.0001897343,0.0001847226
278,0.5076824,0.06202972,0.03230916,-0.2454163,-0.0001897343,-0.0001897343,0.0001847226
279,0.5085979,0.06202972,0.03230916,-0.2454163,-0.0001897343,-0.0001897343,0.0001847226
280,0.5093501,0.06202972,0.03230916,-0.2454163,-0.0001897343,-0.0001897343,0.0001847226
281,0.5100703,0.06202972,0.03230916,-0.2454163,-0.0001897343,-0.0001897343,0.0001847226
282,0.5108527,0.06202972,0.03230916,-0.2454163,-0.0001897343,-0.0001897343,0.0001847226
283,0.5115368,0.06202972,0.03230916,-0.2454163,-0.0001897343,-0.0001897343,0.0001847226
284,0.5122206,0.06202972,0.03230916,-0.2454163,-0.0001897343,-0.0001897343,0.0001847226
285,0.5129238,0.06202972,0.03230916,-0.2454163,-0.0001897343,-0.0001897343,0.0001847226
286,0.5136116,0.06202972,0.03230916,-0.2454163,-0.0001897343,-0.0001897343,0.0001847226
287,0.5142997,0.06202972,0.03230916,-0.2454163,-0.0001897343,-0.0001897343,0.0001847226
288,0.5150002,0.06202972,0.03230916,-0.2454163,-0.0001897343,-0.0001897343,0.0001847226
289,0.5156666,0.06202972,0.03230916,-0.2454163,-0.0001897343,-0.0001897343,0.0001847226
290,0.5163178,0.06202972,0.03230916,-0.2454163,-0.0001897343,-0.0001897343,0.0001847226
291,0.516997,0.06202972,0.03230916,-0.2454163,-0.0001897343,-0.0001897343,0.0001847226
292,0.517724,0.06202972,0.03230916,-0.2454163,-0.0001897343,-0.0001897343,0.0001847226
293,0.5184258,0.06202972,0.03230916,-0.2454163,-0.0001897343,-0.0001897343,0.0001847226
294,0.5190757,0.06202972,0.03230916,-0.2454163,-0.0001897343,-0.0001897343,0.0001847226
295,0.5197458,0.06202972,0.03230916,-0.2454163,-0.0001897343,-0.0001897343,0.0001847226
296,0.5204692,0.06202972,0.03230916,-0.2454163,-0.0001897343,-0.0001897343,0.0001847226
297,0.5212901,0.06202972,0.03230916,-0.2454163,-0.0001897343,-0.0001897343,0.0001847226
298,0.5220109,0.06202972,0.03230916,-0.2454163,-0.0001897343,-0.0001897343,0.0001847226
299,0.5228169,0.06202972,0.03230916,-0.2454163,-0.0001897343,-0.0001897343,0.0001847226
300,0.5235585,0.06202972,0.03230916,-0.2454163,-0.0001897343,-0.0001897343,0.0001847226
301,0.5243084,0.06202972,0.03230916,-0.2454163,-0.0001897343,-0.0001897343,0.0001847226
302,0.5250758,0.06202972,0.03230916,-0.2454163,-0.0001897343,-0.0001897343,0.0001847226
303,0.5257803,0.06202972,0.03230916,-0.2454163,-0.0001897343,-0.0001897343,0.0001847226
304,0.5265357,0.06202972,0.03230916,-0.2454163,-0.0001897343,-0.0001897343,0.0001847226
305,0.5272705,0.06202972,0.03230916,-0.2454163,-0.0001897343,-0.0001897343,0.0001847226
306,0.5280148,0.06202972,0.03230916,-0.2454163,-0.0001897343,-0.0001897343,0.0001847226
307,0.5287945,0.06202972,0.03230916,-0.2454163,-0.0001897343,-0.0001897343,0.0001847226
308,0.5298872,0.06202972,0.03230916,-0.2454163,-0.0001897343,-0.0001897343,0.0001847226
309,0.530881,0.06202972,0.03230916,-0.2454163,-0.0001897343,-0.0001897343,0.0001847226
310,0.5315568,0.06202972,0.03230916,-0.2454163,-0.0001897343,-0.0001897343,0.0001847226
311,0.5323073,0.06202972,0.03230916,-0.2454163,-0.0001897343,-0.0001897343,0.0001847226
312,0.5330276,0.06202972,0.03230916,-0.2454163,-0.0001897343,-0.0001897343,0.0001847226
313,0.533758,0.06202972,0.03230916,-0.2454163,-0.0001897343,-0.0001897343,0.0001847226
314,0.5344885,0.06202972,0.03230916,-0.2454163,-0.0001897343,-0.0001897343,0.0001847226
315,0.53518,0.06202972,0.03230916,-0.2454163,-0.0001897343,-0.0001897343,0.0001847226
316,0.5358692,0.06202972,0.03230916,-0.2454163,-0.0001897343,-0.0001897343,0.0001847226
317,0.5365537,0.06202972,0.03230916,-0.2454163,-0.0001897343,-0.0001897343,0.0001847226
318,0.537318,0.06202972,0.03230916,-0.2454163,-0.0001897343,-0.0001897343,0.0001847226
319,0.5381108,0.06202972,0.03230916,-0.2454163,-0.0001897343,-0.0001897343,0.0001847226
320,0.5388704,0.06202972,0.03230916,-0.2454163,-0.0001897343,-0.0001897343,0.0001847226
321,0.5395664,0.06202972,0.03230916,-0.2454163,-0.0001897343,-0.0001897343,0.0001847226
322,0.5402526,0.06202972,0.03230916,-0.2454163,-0.0001897343,-0.0001897343,0.0001847226
323,0.5410324,0.06202972,0.03230916,-0.2454163,-0.0001897343,-0.0001897343,0.0001847226
324,0.541852,0.06202972,0.03230916,-0.2454163,-0.0001897343,-0.0001897343,0.0001847226
325,0.5425541,0.06202972,0.03230916,-0.2454163,-0.0001897343,-0.0001897343,0.0001847226
326,0.5432883,0.06202972,0.03230916,-0.2454163,-0.0001897343,-0.0001897343,0.0001847226
327,0.5439885,0.06202972,0.03230916,-0.2454163,-0.0001897343,-0.0001897343,0.0001847226
328,0.5446292,0.06202972,0.03230916,-0.2454163,-0.0001897343,-0.0001897343,0.0001847226
329,0.5453236,0.06202972,0.03230916,-0.2454163,-0.0001897343,-0.0001897343,0.0001847226
330,0.5460235,0.06202972,0.03230916,-0.2454163,-0.0001897343,-0.0001897343,0.0001847226
331,0.5466991,0.06202972,0.03230916,-0.2454163,-0.0001897343,-0.0001897343,0.0001847226
332,0.5473471,0.06202972,0.03230916,-0.2454163,-0.0001897343,-0.0001897343,0.0001847226
333,0.5479848,0.06202972,0.03230916,-0.2454163,-0.0001897343,-0.0001897343,0.0001847226
334,0.54867,0.06202972,0.03230916,-0.2454163,-0.0001897343,-0.0001897343,0.0001847226
335,0.5493399,0.06202972,0.03230916,-0.2454163,-0.0001897343,-0.0001897343,0.0001847226
336,0.5500207,0.06202972,0.03230916,-0.2454163,-0.0001897343,-0.0001897343,0.0001847226
337,0.5507382,0.06202972,0.03230916,-0.2454163,-0.0001897343,-0.0001897343,0.0001847226
338,0.551447,0.06202972,0.03230916,-0.2454163,-0.0001897343,-0.0001897343,0.0001847226
339,0.5521228,0.06202972,0.03230916,-0.2454163,-0.0001897343,-0.0001897343,0.0001847226
340,0.5527941,0.06202972,0.03230916,-0.2454163,-0.0001897343,-0.0001897343,0.0001847226
341,0.5534871,0.06202972,0.03230916,-0.2454163,-0.0001897343,-0.0001897343,0.0001847226
342,0.5542047,0.06202972,0.03230916,-0.2454163,-0.0001897343,-0.0001897343,0.0001847226
343,0.5550135,0.06202972,0.03230916,-0.2454163,-0.0001897343,-0.0001897343,0.0001847226
344,0.5557415,0.06202972,0.03230916,-0.2454163,-0.0001897343,-0.0001897343,0.0001847226
345,0.5564674,0.06202972,0.03230916,-0.2454163,-0.0001897343,-0.0001897343,0.0001847226
346,0.5571501,0.06202972,0.03230916,-0.2454163,-0.0001897343,-0.0001897343,0.0001847226
347,0.55794,0.06202972,0.03230916,-0.2454163,-0.0001897343,-0.0001897343,0.0001847226
348,0.5586751,0.06202972,0.03230916,-0.2454163,-0.0001897343,-0.0001897343,0.0001847226
349,0.5594266,0.06202972,0.03230916,-0.2454163,-0.0001897343,-0.0001897343,0.0001847226
350,0.5601871,0.06202972,0.03230916,-0.2454163,-0.0001897343,-0.0001897343,0.0001847226
351,0.5610064,0.06202972,0.03230916,-0.2454163,-0.0001897343,-0.0001897343,0.0001847226
352,0.5617051,0.06202972,0.03230916,-0.2454163,-0.0001897343,-0.0001897343,0.0001847226
353,0.5624191,0.06202972,0.03230916,-0.2454163,-0.0001897343,-0.0001897343,0.0001847226
354,0.5630793,0.06202972,0.03230916,-0.2454163,-0.0001897343,-0.0001897343,0.0001847226
355,0.5637291,0.06202972,0.03230916,-0.2454163,-0.0001897343,-0.0001897343,0.0001847226
356,0.5644477,0.06202972,0.03230916,-0.2454163,-0.0001897343,-0.0001897343,0.0001847226
357,0.5651407,0.06202972,0.03230916,-0.2454163,-0.0001897343,-0.0001897343,0.0001847226
358,0.5657952,0.06202972,0.03230916,-0.2454163,-0.0001897343,-0.0001897343,0.0001847226
359,0.5664249,0.06202972,0.03230916,-0.2454163,-0.0001897343,-0.0001897343,0.0001847226
360,0.567089,0.06202972,0.03230916,-0.2454163,-0.0001897343,-0.0001897343,0.0001847226
361,0.5677085,0.06202972,0.03230916,-0.2454163,-0.0001897343,-0.0001897343,0.0001847226
362,0.5683207,0.06202972,0.03230916,-0.2454163,-0.0001897343,-0.0001897343,0.0001847226
363,0.5691359,0.06202972,0.03230916,-0.2454163,-0.0001897343,-0.0001897343,0.0001847226
364,0.5698777,0.06202972,0.03230916,-0.2454163,-0.0001897343,-0.0001897343,0.0001847226
365,0.5705639,0.06202972,0.03230916,-0.2454163,-0.0001897343,-0.0001897343,0.0001847226
366,0.5713281,0.06202972,0.03230916,-0.2454163,-0.0001897343,-0.0001897343,0.0001847226
367,0.5748854,0.06202972,0.03230916,-0.2454163,-0.0001897343,-0.0001897343,0.0001847226
368,0.5757673,0.06202972,0.03230916,-0.2454163,-0.0001897343,-0.0001897343,0.0001847226
369,0.5765861,0.06202972,0.03230916,-0.2454163,-0.0001897343,-0.0001897343,0.0001847226
370,0.577337,0.06202972,0.03230916,-0.2454163,-0.0001897343,-0.0001897343,0.0001847226
371,0.5780718,0.06202972,0.03230916,-0.2454163,-0.0001897343,-0.0001897343,0.0001847226
372,0.5787813,0.06202972,0.03230916,-0.2454163,-0.0001897343,-0.0001897343,0.0001847226
373,0.5795012,0.06202972,0.03230916,-0.2454163,-0.0001897343,-0.0001897343,0.0001847226
374,0.5802132,0.06202972,0.03230916,-0.2454163,-0.0001897343,-0.0001897343,0.0001847226
375,0.5809924,0.06202972,0.03230916,-0.2454163,-0.0001897343,-0.0001897343,0.0001847226
376,0.5817225,0.06202972,0.03230916,-0.2454163,-0.0001897343,-0.0001897343,0.0001847226
377,0.5824166,0.06202972,0.03230916,-0.2454163,-0.0001897343,-0.0001897343,0.0001847226
378,0.5831897,0.06202972,0.03230916,-0.2454163,-0.0001897343,-0.0001897343,0.0001847226
379,0.5838578,0.06202972,0.03230916,-0.2454163,-0.0001897343,-0.0001897343,0.0001847226
380,0.5845184,0.06202972,0.03230916,-0.2454163,-0.0001897343,-0.0001897343,0.0001847226
381,0.5851963,0.06202972,0.03230916,-0.2454163,-0.0001897343,-0.0001897343,0.0001847226
382,0.5858756,0.06202972,0.03230916,-0.2454163,-0.0001897343,-0.0001897343,0.0001847226
383,0.5866524,0.06202972,0.03230916,-0.2454163,-0.0001897343,-0.0001897343,0.0001847226
384,0.5873613,0.06202972,0.03230916,-0.2454163,-0.0001897343,-0.0001897343,0.0001847226
385,0.5881522,0.06202972,0.03230916,-0.2454163,-0.0001897343,-0.0001897343,0.0001847226
386,0.5888415,0.06202972,0.03230916,-0.2454163,-0.0001897343,-0.0001897343,0.0001847226
387,0.5895384,0.06202972,0.03230916,-0.2454163,-0.0001897343,-0.0001897343,0.0001847226
388,0.5903767,0.06202972,0.03230916,-0.2454163,-0.0001897343,-0.0001897343,0.0001847226
389,0.5910906,0.06202972,0.03230916,-0.2454163,-0.0001897343,-0.0001897343,0.0001847226
390,0.5918247,0.06202972,0.03230916,-0.2454163,-0.0001897343,-0.0001897343,0.0001847226
391,0.5925472,0.06202972,0.03230916,-0.2454163,-0.0001897343,-0.0001897343,0.0001847226
392,0.5932651,0.06202972,0.03230916,-0.2454163,-0.0001897343,-0.0001897343,0.0001847226
393,0.5939944,0.06202972,0.03230916,-0.2454163,-0.0001897343,-0.0001897343,0.0001847226
394,0.5947234,0.06202972,0.03230916,-0.2454163,-0.0001897343,-0.0001897343,0.0001847226
395,0.5954092,0.06202972,0.03230916,-0.2454163,-0.0001897343,-0.0001897343,0.0001847226
396,0.5960914,0.06202972,0.03230916,-0.2454163,-0.0001897343,-0.0001897343,0.0001847226
397,0.5968294,0.06202972,0.03230916,-0.2454163,-0.0001897343,-0.0001897343,0.0001847226
398,0.5975537,0.06202972,0.03230916,-0.2454163,-0.0001897343,-0.0001897343,0.0001847226
399,0.5982457,0.06202972,0.03230916,-0.2454163,-0.0001897343,-0.0001897343,0.0001847226
400,0.5989461,0.06202972,0.03230916,-0.2454163,-0.0001897343,-0.0001897343,0.0001847226
401,0.5997287,0.06202972,0.03230916,-0.2454163,-0.0001897343,-0.0001897343,0.0001847226
402,0.6004297,0.06202972,0.03230916,-0.2454163,-0.0001897343,-0.0001897343,0.0001847226
403,0.6012712,0.06202972,0.03230916,-0.2454163,-0.0001897343,-0.0001897343,0.0001847226
404,0.6019678,0.06202972,0.03230916,-0.2454163,-0.0001897343,-0.0001897343,0.0001847226
405,0.6026694,0.06202972,0.03230916,-0.2454163,-0.0001897343,-0.0001897343,0.0001847226
406,0.6033676,0.06202972,0.03230916,-0.2454163,-0.0001897343,-0.0001897343,0.0001847226
407,0.6040974,0.06202972,0.03230916,-0.2454163,-0.0001897343,-0.0001897343,0.0001847226
408,0.6049494,0.06202972,0.03230916,-0.2454163,-0.0001897343,-0.0001897343,0.0001847226
409,0.6057417,0.06202972,0.03230916,-0.2454163,-0.0001897343,-0.0001897343,0.0001847226
410,0.6064434,0.06202972,0.03230916,-0.2454163,-0.0001897343,-0.0001897343,0.0001847226
411,0.6071227,0.06202972,0.03230916,-0.2454163,-0.0001897343,-0.0001897343,0.0001847226
412,0.6078113,0.06202972,0.03230916,-0.2454163,-0.0001897343,-0.0001897343,0.0001847226
413,0.6085146,0.06202972,0.03230916,-0.2454163,-0.0001897343,-0.0001897343,0.0001847226
414,0.6092474,0.06202972,0.03230916,-0.2454163,-0.0001897343,-0.0001897343,0.0001847226
415,0.6099566,0.06202972,0.03230916,-0.2454163,-0.0001897343,-0.0001897343,0.0001847226
416,0.6106784,0.06202972,0.03230916,-0.2454163,-0.0001897343,-0.0001897343,0.0001847226
417,0.6113705,0.06202972,0.03230916,-0.2454163,-0.0001897343,-0.0001897343,0.0001847226
418,0.6120665,0.06202972,0.03230916,-0.2454163,-0.0001897343,-0.0001897343,0.0001847226
419,0.6127335,0.06202972,0.03230916,-0.2454163,-0.0001897343,-0.0001897343,0.0001847226
420,0.6134066,0.06202972,0.03230916,-0.2454163,-0.0001897343,-0.0001897343,0.0001847226
421,0.6141407,0.06202972,0.03230916,-0.2454163,-0.0001897343,-0.0001897343,0.0001847226
422,0.6148188,0.06202972,0.03230916,-0.2454163,-0.0001897343,-0.0001897343,0.0001847226
423,0.6155874,0.06202972,0.03230916,-0.2454163,-0.0001897343,-0.0001897343,0.0001847226
424,0.6163484,0.06202972,0.03230916,-0.2454163,-0.0001897343,-0.0001897343,0.0001847226
425,0.6170588,0.06202972,0.03230916,-0.2454163,-0.0001897343,-0.0001897343,0.0001847226
426,0.6177211,0.06202972,0.03230916,-0.2454163,-0.0001897343,-0.0001897343,0.0001847226
427,0.6183817,0.06202972,0.03230916,-0.2454163,-0.0001897343,-0.0001897343,0.0001847226
428,0.6190708,0.06202972,0.03230916,-0.2454163,-0.0001897343,-0.0001897343,0.0001847226
429,0.6197429,0.06202972,0.03230916,-0.2454163,-0.0001897343,-0.0001897343,0.0001847226
430,0.620528,0.06202972,0.03230916,-0.2454163,-0.0001897343,-0.0001897343,0.0001847226
431,0.6213738,0.06202972,0.03230916,-0.2454163,-0.0001897343,-0.0001897343,0.0001847226
432,0.6221266,0.06202972,0.03230916,-0.2454163,-0.0001897343,-0.0001897343,0.0001847226
433,0.6228169,0.06202972,0.03230916,-0.2454163,-0.0001897343,-0.0001897343,0.0001847226
434,0.62354,0.06202972,0.03230916,-0.2454163,-0.0001897343,-0.0001897343,0.0001847226
435,0.6242419,0.06202972,0.03230916,-0.2454163,-0.0001897343,-0.0001897343,0.0001847226
436,0.6249925,0.06202972,0.03230916,-0.2454163,-0.0001897343,-0.0001897343,0.0001847226
437,0.6258775,0.06202972,0.03230916,-0.2454163,-0.0001897343,-0.0001897343,0.0001847226
438,0.6266111,0.06202972,0.03230916,-0.2454163,-0.0001897343,-0.0001897343,0.0001847226
439,0.6273329,0.06202972,0.03230916,-0.2454163,-0.0001897343,-0.0001897343,0.0001847226
440,0.62808,0.06202972,0.03230916,-0.2454163,-0.0001897343,-0.0001897343,0.0001847226
441,0.6287699,0.06202972,0.03230916,-0.2454163,-0.0001897343,-0.0001897343,0.0001847226
442,0.6295082,0.06202972,0.03230916,-0.2454163,-0.0001897343,-0.0001897343,0.0001847226
443,0.6302339,0.06202972,0.03230916,-0.2454163,-0.0001897343,-0.0001897343,0.0001847226
444,0.6309951,0.06202972,0.03230916,-0.2454163,-0.0001897343,-0.0001897343,0.0001847226
445,0.6316883,0.06202972,0.03230916,-0.2454163,-0.0001897343,-0.0001897343,0.0001847226
446,0.6324835,0.06202972,0.03230916,-0.2454163,-0.0001897343,-0.0001897343,0.0001847226
447,0.6332484,0.06212592,0.0338594,-0.2460149,0.0007797827,0.0007797827,-0.0002466082
448,0.6341522,0.06212592,0.0338594,-0.2460149,0.0007797827,0.0007797827,-0.0002466082
449,0.6348613,0.06212592,0.0338594,-0.2460149,0.0007797827,0.0007797827,-0.0002466082
450,0.6355588,0.06212592,0.0338594,-0.2460149,0.0007797827,0.0007797827,-0.0002466082
451,0.6363189,0.06212592,0.0338594,-0.2460149,0.0007797827,0.0007797827,-0.0002466082
452,0.6371176,0.06212592,0.0338594,-0.2460149,0.0007797827,0.0007797827,-0.0002466082
453,0.6378487,0.06212592,0.0338594,-0.2460149,0.0007797827,0.0007797827,-0.0002466082
454,0.6386398,0.06212592,0.0338594,-0.2460149,0.0007797827,0.0007797827,-0.0002466082
455,0.6419709,0.06212592,0.0338594,-0.2460149,0.0007797827,0.0007797827,-0.0002466082
456,0.6430145,0.06212592,0.0338594,-0.2460149,0.0007797827,0.0007797827,-0.0002466082
457,0.6437642,0.06212592,0.0338594,-0.2460149,0.0007797827,0.0007797827,-0.0002466082
458,0.6446153,0.06212592,0.0338594,-0.2460149,0.0007797827,0.0007797827,-0.0002466082
459,0.6453491,0.06212592,0.0338594,-0.2460149,0.0007797827,0.0007797827,-0.0002466082
460,0.6460422,0.06212592,0.0338594,-0.2460149,0.0007797827,0.0007797827,-0.0002466082
461,0.6468298,0.06212592,0.0338594,-0.2460149,0.0007797827,0.0007797827,-0.0002466082
462,0.6475243,0.06212592,0.0338594,-0.2460149,0.0007797827,0.0007797827,-0.0002466082
463,0.6482071,0.06212592,0.0338594,-0.2460149,0.0007797827,0.0007797827,-0.0002466082
464,0.6489159,0.06212592,0.0338594,-0.2460149,0.0007797827,0.0007797827,-0.0002466082
465,0.6496914,0.06212592,0.0338594,-0.2460149,0.0007797827,0.0007797827,-0.0002466082
466,0.6504028,0.06212592,0.0338594,-0.2460149,0.0007797827,0.0007797827,-0.0002466082
467,0.6511924,0.06212592,0.0338594,-0.2460149,0.0007797827,0.0007797827,-0.0002466082
468,0.651868,0.06212592,0.0338594,-0.2460149,0.0007797827,0.0007797827,-0.0002466082
469,0.6525261,0.06212592,0.0338594,-0.2460149,0.0007797827,0.0007797827,-0.0002466082
470,0.6532211,0.06212592,0.0338594,-0.2460149,0.0007797827,0.0007797827,-0.0002466082
471,0.6540435,0.06212592,0.0338594,-0.2460149,0.0007797827,0.0007797827,-0.0002466082
472,0.6547744,0.06212592,0.0338594,-0.2460149,0.0007797827,0.0007797827,-0.0002466082
473,0.6554491,0.06212592,0.0338594,-0.2460149,0.0007797827,0.0007797827,-0.0002466082
474,0.6561968,0.06212592,0.0338594,-0.2460149,0.0007797827,0.0007797827,-0.0002466082
475,0.6569105,0.06212592,0.0338594,-0.2460149,0.0007797827,0.0007797827,-0.0002466082
476,0.6575985,0.06212592,0.0338594,-0.2460149,0.0007797827,0.0007797827,-0.0002466082
477,0.6582844,0.06212592,0.0338594,-0.2460149,0.0007797827,0.0007797827,-0.0002466082
478,0.6591118,0.06212592,0.0338594,-0.2460149,0.0007797827,0.0007797827,-0.0002466082
479,0.6600778,0.06212592,0.0338594,-0.2460149,0.0007797827,0.0007797827,-0.0002466082
480,0.6609201,0.06212592,0.0338594,-0.2460149,0.0007797827,0.0007797827,-0.0002466082
481,0.6616508,0.06212592,0.0338594,-0.2460149,0.0007797827,0.0007797827,-0.0002466082
482,0.6623393,0.06212592,0.0338594,-0.2460149,0.0007797827,0.0007797827,-0.0002466082
483,0.6629899,0.06212592,0.0338594,-0.2460149,0.0007797827,0.0007797827,-0.0002466082
484,0.6638321,0.06212592,0.0338594,-0.2460149,0.0007797827,0.0007797827,-0.0002466082
485,0.6644897,0.06212592,0.0338594,-0.2460149,0.0007797827,0.0007797827,-0.0002466082
486,0.6651427,0.06212592,0.0338594,-0.2460149,0.0007797827,0.0007797827,-0.0002466082
487,0.6659342,0.06212592,0.0338594,-0.2460149,0.0007797827,0.0007797827,-0.0002466082
488,0.6667352,0.06212592,0.0338594,-0.2460149,0.0007797827,0.0007797827,-0.0002466082
489,0.6674684,0.06212592,0.0338594,-0.2460149,0.0007797827,0.0007797827,-0.0002466082
490,0.6681795,0.06212592,0.0338594,-0.2460149,0.0007797827,0.0007797827,-0.0002466082
491,0.6689092,0.06212592,0.0338594,-0.2460149,0.0007797827,0.0007797827,-0.0002466082
492,0.6695845,0.06212592,0.0338594,-0.2460149,0.0007797827,0.0007797827,-0.0002466082
493,0.6703443,0.06212592,0.0338594,-0.2460149,0.0007797827,0.0007797827,-0.0002466082
494,0.6710422,0.06212592,0.0338594,-0.2460149,0.0007797827,0.0007797827,-0.0002466082
495,0.6717291,0.06212592,0.0338594,-0.2460149,0.0007797827,0.0007797827,-0.0002466082
496,0.6724379,0.06212592,0.0338594,-0.2460149,0.0007797827,0.0007797827,-0.0002466082
497,0.6730975,0.06212592,0.0338594,-0.2460149,0.0007797827,0.0007797827,-0.0002466082
498,0.6737677,0.06212592,0.0338594,-0.2460149,0.0007797827,0.0007797827,-0.0002466082
499,0.6744636,0.06212592,0.0338594,-0.2460149,0.0007797827,0.0007797827,-0.0002466082
500,0.6751589,0.06212592,0.0338594,-0.2460149,0.0007797827,0.0007797827,-0.0002466082
501,0.6758399,0.06212592,0.0338594,-0.2460149,0.0007797827,0.0007797827,-0.0002466082
502,0.6765477,0.06212592,0.0338594,-0.2460149,0.0007797827,0.0007797827,-0.0002466082
503,0.6773872,0.06212592,0.0338594,-0.2460149,0.0007797827,0.0007797827,-0.0002466082
504,0.6780797,0.06212592,0.0338594,-0.2460149,0.0007797827,0.0007797827,-0.0002466082
505,0.6787645,0.06212592,0.0338594,-0.2460149,0.0007797827,0.0007797827,-0.0002466082
506,0.6794717,0.06212592,0.0338594,-0.2460149,0.0007797827,0.0007797827,-0.0002466082
507,0.6801803,0.06212592,0.0338594,-0.2460149,0.0007797827,0.0007797827,-0.0002466082
508,0.68113,0.06212592,0.0338594,-0.2460149,0.0007797827,0.0007797827,-0.0002466082
509,0.6819041,0.06212592,0.0338594,-0.2460149,0.0007797827,0.0007797827,-0.0002466082
510,0.6826011,0.06212592,0.0338594,-0.2460149,0.0007797827,0.0007797827,-0.0002466082
511,0.6832894,0.06212592,0.0338594,-0.2460149,0.0007797827,0.0007797827,-0.0002466082
512,0.6840097,0.06212592,0.0338594,-0.2460149,0.0007797827,0.0007797827,-0.0002466082
513,0.6847532,0.06212592,0.0338594,-0.2460149,0.0007797827,0.0007797827,-0.0002466082
514,0.6854517,0.06212592,0.0338594,-0.2460149,0.0007797827,0.0007797827,-0.0002466082
515,0.6861163,0.06212592,0.0338594,-0.2460149,0.0007797827,0.0007797827,-0.0002466082
516,0.6869447,0.06212592,0.0338594,-0.2460149,0.0007797827,0.0007797827,-0.0002466082
517,0.6877129,0.06212592,0.0338594,-0.2460149,0.0007797827,0.0007797827,-0.0002466082
518,0.6884029,0.06212592,0.0338594,-0.2460149,0.0007797827,0.0007797827,-0.0002466082
519,0.6891421,0.06212592,0.0338594,-0.2460149,0.0007797827,0.0007797827,-0.0002466082
520,0.6898729,0.06212592,0.0338594,-0.2460149,0.0007797827,0.0007797827,-0.0002466082
521,0.6905782,0.06212592,0.0338594,-0.2460149,0.0007797827,0.0007797827,-0.0002466082
522,0.6913222,0.06212592,0.0338594,-0.2460149,0.0007797827,0.0007797827,-0.0002466082
523,0.6920167,0.06212592,0.0338594,-0.2460149,0.0007797827,0.0007797827,-0.0002466082
524,0.6927151,0.06212592,0.0338594,-0.2460149,0.0007797827,0.0007797827,-0.0002466082
525,0.6935048,0.06212592,0.0338594,-0.2460149,0.0007797827,0.0007797827,-0.0002466082
526,0.6943069,0.06212592,0.0338594,-0.2460149,0.0007797827,0.0007797827,-0.0002466082
527,0.6950163,0.06212592,0.0338594,-0.2460149,0.0007797827,0.0007797827,-0.0002466082
528,0.6957209,0.06212592,0.0338594,-0.2460149,0.0007797827,0.0007797827,-0.0002466082
529,0.6967267,0.06212592,0.0338594,-0.2460149,0.0007797827,0.0007797827,-0.0002466082
530,0.6974767,0.06212592,0.0338594,-0.2460149,0.0007797827,0.0007797827,-0.0002466082
531,0.698167,0.06212592,0.0338594,-0.2460149,0.0007797827,0.0007797827,-0.0002466082
532,0.6989615,0.06212592,0.0338594,-0.2460149,0.0007797827,0.0007797827,-0.0002466082
533,0.6996429,0.06212592,0.0338594,-0.2460149,0.0007797827,0.0007797827,-0.0002466082
534,0.7003806,0.06212592,0.0338594,-0.2460149,0.0007797827,0.0007797827,-0.0002466082
535,0.701249,0.06212592,0.0338594,-0.2460149,0.0007797827,0.0007797827,-0.0002466082
536,0.7020209,0.06212592,0.0338594,-0.2460149,0.0007797827,0.0007797827,-0.0002466082
537,0.7027063,0.06212592,0.0338594,-0.2460149,0.0007797827,0.0007797827,-0.0002466082
538,0.7033973,0.06212592,0.0338594,-0.2460149,0.0007797827,0.0007797827,-0.0002466082
539,0.7041362,0.06212592,0.0338594,-0.2460149,0.0007797827,0.0007797827,-0.0002466082
540,0.7048084,0.06212592,0.0338594,-0.2460149,0.0007797827,0.0007797827,-0.0002466082
541,0.7055462,0.06212592,0.0338594,-0.2460149,0.0007797827,0.0007797827,-0.0002466082
542,0.7061937,0.06212592,0.0338594,-0.2460149,0.0007797827,0.0007797827,-0.0002466082
543,0.7069215,0.06212592,0.0338594,-0.2460149,0.0007797827,0.0007797827,-0.0002466082
544,0.7076822,0.06212592,0.0338594,-0.2460149,0.0007797827,0.0007797827,-0.0002466082
545,0.7085225,0.06212592,0.0338594,-0.2460149,0.0007797827,0.0007797827,-0.0002466082
546,0.7097143,0.06212592,0.0338594,-0.2460149,0.0007797827,0.0007797827,-0.0002466082
547,0.7104443,0.06212592,0.0338594,-0.2460149,0.0007797827,0.0007797827,-0.0002466082
548,0.7111849,0.06212592,0.0338594,-0.2460149,0.0007797827,0.0007797827,-0.0002466082
549,0.711926,0.06212592,0.0338594,-0.2460149,0.0007797827,0.0007797827,-0.0002466082
550,0.7127088,0.06212592,0.0338594,-0.2460149,0.0007797827,0.0007797827,-0.0002466082
551,0.713449,0.06212592,0.0338594,-0.2460149,0.0007797827,0.0007797827,-0.0002466082
552,0.7141698,0.06212592,0.0338594,-0.2460149,0.0007797827,0.0007797827,-0.0002466082
553,0.7148464,0.06212592,0.0338594,-0.2460149,0.0007797827,0.0007797827,-0.0002466082
554,0.7156188,0.06212592,0.0338594,-0.2460149,0.0007797827,0.0007797827,-0.0002466082
555,0.7163108,0.06212592,0.0338594,-0.2460149,0.0007797827,0.0007797827,-0.0002466082
556,0.7170151,0.06212592,0.0338594,-0.2460149,0.0007797827,0.0007797827,-0.0002466082
557,0.717668,0.06212592,0.0338594,-0.2460149,0.0007797827,0.0007797827,-0.0002466082
558,0.7182933,0.06212592,0.0338594,-0.2460149,0.0007797827,0.0007797827,-0.0002466082
559,0.7189567,0.06212592,0.0338594,-0.2460149,0.0007797827,0.0007797827,-0.0002466082
560,0.7196606,0.06212592,0.0338594,-0.2460149,0.0007797827,0.0007797827,-0.0002466082
561,0.7204413,0.06212592,0.0338594,-0.2460149,0.0007797827,0.0007797827,-0.0002466082
562,0.7212594,0.06212592,0.0338594,-0.2460149,0.0007797827,0.0007797827,-0.0002466082
563,0.7219794,0.06212592,0.0338594,-0.2460149,0.0007797827,0.0007797827,-0.0002466082
564,0.7255216,0.06212592,0.0338594,-0.2460149,0.0007797827,0.0007797827,-0.0002466082
565,0.7264537,0.06212592,0.0338594,-0.2460149,0.0007797827,0.0007797827,-0.0002466082
566,0.727565,0.06212592,0.0338594,-0.2460149,0.0007797827,0.0007797827,-0.0002466082
567,0.728301,0.06212592,0.0338594,-0.2460149,0.0007797827,0.0007797827,-0.0002466082
568,0.7289964,0.06212592,0.0338594,-0.2460149,0.0007797827,0.0007797827,-0.0002466082
569,0.7297306,0.06212592,0.0338594,-0.2460149,0.0007797827,0.0007797827,-0.0002466082
570,0.7304889,0.06212592,0.0338594,-0.2460149,0.0007797827,0.0007797827,-0.0002466082
571,0.7311881,0.06212592,0.0338594,-0.2460149,0.0007797827,0.0007797827,-0.0002466082
572,0.7318813,0.06212592,0.0338594,-0.2460149,0.0007797827,0.0007797827,-0.0002466082
573,0.7325907,0.06212592,0.0338594,-0.2460149,0.0007797827,0.0007797827,-0.0002466082
574,0.7332515,0.06212592,0.0338594,-0.2460149,0.0007797827,0.0007797827,-0.0002466082
575,0.7339506,0.06212592,0.0338594,-0.2460149,0.0007797827,0.0007797827,-0.0002466082
576,0.7346593,0.06212592,0.0338594,-0.2460149,0.0007797827,0.0007797827,-0.0002466082
577,0.7353406,0.06212592,0.0338594,-0.2460149,0.0007797827,0.0007797827,-0.0002466082
578,0.7359876,0.06212592,0.0338594,-0.2460149,0.0007797827,0.0007797827,-0.0002466082
579,0.7366711,0.06212592,0.0338594,-0.2460149,0.0007797827,0.0007797827,-0.0002466082
580,0.7374533,0.06212592,0.0338594,-0.2460149,0.0007797827,0.0007797827,-0.0002466082
581,0.7382652,0.06212592,0.0338594,-0.2460149,0.0007797827,0.0007797827,-0.0002466082
582,0.7389633,0.06212592,0.0338594,-0.2460149,0.0007797827,0.0007797827,-0.0002466082
583,0.7396804,0.06212592,0.0338594,-0.2460149,0.0007797827,0.0007797827,-0.0002466082
584,0.7404501,0.06212592,0.0338594,-0.2460149,0.0007797827,0.0007797827,-0.0002466082
585,0.7413095,0.06212592,0.0338594,-0.2460149,0.0007797827,0.0007797827,-0.0002466082
586,0.7422227,0.06212592,0.0338594,-0.2460149,0.0007797827,0.0007797827,-0.0002466082
587,0.7429324,0.06212592,0.0338594,-0.2460149,0.0007797827,0.0007797827,-0.0002466082
588,0.7436932,0.06212592,0.0338594,-0.2460149,0.0007797827,0.0007797827,-0.0002466082
589,0.7444522,0.06212592,0.0338594,-0.2460149,0.0007797827,0.0007797827,-0.0002466082
590,0.7451874,0.06212592,0.0338594,-0.2460149,0.0007797827,0.0007797827,-0.0002466082
591,0.7459773,0.06212592,0.0338594,-0.2460149,0.0007797827,0.0007797827,-0.0002466082
592,0.7467386,0.06212592,0.0338594,-0.2460149,0.0007797827,0.0007797827,-0.0002466082
593,0.7475029,0.06212592,0.0338594,-0.2460149,0.0007797827,0.0007797827,-0.0002466082
594,0.7481964,0.06212592,0.0338594,-0.2460149,0.0007797827,0.0007797827,-0.0002466082
595,0.7488968,0.06212592,0.0338594,-0.2460149,0.0007797827,0.0007797827,-0.0002466082
596,0.7496167,0.06212592,0.0338594,-0.2460149,0.0007797827,0.0007797827,-0.0002466082
597,0.7503453,0.06212592,0.0338594,-0.2460149,0.0007797827,0.0007797827,-0.0002466082
598,0.7510257,0.06212592,0.0338594,-0.2460149,0.0007797827,0.0007797827,-0.0002466082
599,0.7517448,0.06212592,0.0338594,-0.2460149,0.0007797827,0.0007797827,-0.0002466082
600,0.7524185,0.06212592,0.0338594,-0.2460149,0.0007797827,0.0007797827,-0.0002466082
601,0.7531355,0.06212592,0.0338594,-0.2460149,0.0007797827,0.0007797827,-0.0002466082
602,0.7538637,0.06212592,0.0338594,-0.2460149,0.0007797827,0.0007797827,-0.0002466082
603,0.7546402,0.06212592,0.0338594,-0.2460149,0.0007797827,0.0007797827,-0.0002466082
604,0.7553914,0.06212592,0.0338594,-0.2460149,0.0007797827,0.0007797827,-0.0002466082
605,0.7560707,0.06212592,0.0338594,-0.2460149,0.0007797827,0.0007797827,-0.0002466082
606,0.7568607,0.06212592,0.0338594,-0.2460149,0.0007797827,0.0007797827,-0.0002466082
607,0.7575666,0.06212592,0.0338594,-0.2460149,0.0007797827,0.0007797827,-0.0002466082
608,0.7582717,0.06212592,0.0338594,-0.2460149,0.0007797827,0.0007797827,-0.0002466082
609,0.7590056,0.06212592,0.0338594,-0.2460149,0.0007797827,0.0007797827,-0.0002466082
610,0.759744,0.06212592,0.0338594,-0.2460149,0.0007797827,0.0007797827,-0.0002466082
611,0.760544,0.06212592,0.0338594,-0.2460149,0.0007797827,0.0007797827,-0.0002466082
612,0.7613776,0.06212592,0.0338594,-0.2460149,0.0007797827,0.0007797827,-0.0002466082
613,0.7620941,0.06212592,0.0338594,-0.2460149,0.0007797827,0.0007797827,-0.0002466082
614,0.7628592,0.06212592,0.0338594,-0.2460149,0.0007797827,0.0007797827,-0.0002466082
615,0.7636105,0.06212592,0.0338594,-0.2460149,0.0007797827,0.0007797827,-0.0002466082
616,0.7643243,0.06212592,0.0338594,-0.2460149,0.0007797827,0.0007797827,-0.0002466082
617,0.7650822,0.06212592,0.0338594,-0.2460149,0.0007797827,0.0007797827,-0.0002466082
618,0.7658098,0.06212592,0.0338594,-0.2460149,0.0007797827,0.0007797827,-0.0002466082
619,0.766492,0.06212592,0.0338594,-0.2460149,0.0007797827,0.0007797827,-0.0002466082
620,0.7671994,0.06212592,0.0338594,-0.2460149,0.0007797827,0.0007797827,-0.0002466082
621,0.7678951,0.06212592,0.0338594,-0.2460149,0.0007797827,0.0007797827,-0.0002466082
622,0.7686617,0.06212592,0.0338594,-0.2460149,0.0007797827,0.0007797827,-0.0002466082
623,0.7693353,0.06212592,0.0338594,-0.2460149,0.0007797827,0.0007797827,-0.0002466082
624,0.7699789,0.06212592,0.0338594,-0.2460149,0.0007797827,0.0007797827,-0.0002466082
625,0.7706505,0.06212592,0.0338594,-0.2460149,0.0007797827,0.0007797827,-0.0002466082
626,0.7713271,0.06212592,0.0338594,-0.2460149,0.0007797827,0.0007797827,-0.0002466082
627,0.7720194,0.06212592,0.0338594,-0.2460149,0.0007797827,0.0007797827,-0.0002466082
628,0.772738,0.06212592,0.0338594,-0.2460149,0.0007797827,0.0007797827,-0.0002466082
629,0.7734432,0.06212592,0.0338594,-0.2460149,0.0007797827,0.0007797827,-0.0002466082
630,0.7741834,0.06212592,0.0338594,-0.2460149,0.0007797827,0.0007797827,-0.0002466082
631,0.7749159,0.06212592,0.0338594,-0.2460149,0.0007797827,0.0007797827,-0.0002466082
632,0.7756202,0.06212592,0.0338594,-0.2460149,0.0007797827,0.0007797827,-0.0002466082
633,0.7764037,0.06212592,0.0338594,-0.2460149,0.0007797827,0.0007797827,-0.0002466082
634,0.7771065,0.06212592,0.0338594,-0.2460149,0.0007797827,0.0007797827,-0.0002466082
635,0.7778449,0.06212592,0.0338594,-0.2460149,0.0007797827,0.0007797827,-0.0002466082
636,0.7784961,0.06212592,0.0338594,-0.2460149,0.0007797827,0.0007797827,-0.0002466082
637,0.7791929,0.06212592,0.0338594,-0.2460149,0.0007797827,0.0007797827,-0.0002466082
638,0.7799353,0.06212592,0.0338594,-0.2460149,0.0007797827,0.0007797827,-0.0002466082
639,0.7806195,0.06212592,0.0338594,-0.2460149,0.0007797827,0.0007797827,-0.0002466082
640,0.7814188,0.06212592,0.0338594,-0.2460149,0.0007797827,0.0007797827,-0.0002466082
641,0.7820649,0.06212592,0.0338594,-0.2460149,0.0007797827,0.0007797827,-0.0002466082
642,0.782689,0.06212592,0.0338594,-0.2460149,0.0007797827,0.0007797827,-0.0002466082
643,0.7833464,0.06212592,0.0338594,-0.2460149,0.0007797827,0.0007797827,-0.0002466082
644,0.7840889,0.06212592,0.0338594,-0.2460149,0.0007797827,0.0007797827,-0.0002466082
645,0.7847624,0.06212592,0.0338594,-0.2460149,0.0007797827,0.0007797827,-0.0002466082
646,0.7854349,0.06212592,0.0338594,-0.2460149,0.0007797827,0.0007797827,-0.0002466082
647,0.7861502,0.06212592,0.0338594,-0.2460149,0.0007797827,0.0007797827,-0.0002466082
648,0.7869326,0.06212592,0.0338594,-0.2460149,0.0007797827,0.0007797827,-0.0002466082
649,0.7877563,0.06212592,0.0338594,-0.2460149,0.0007797827,0.0007797827,-0.0002466082
650,0.7884554,0.06212592,0.0338594,-0.2460149,0.0007797827,0.0007797827,-0.0002466082
651,0.7891133,0.06212592,0.0338594,-0.2460149,0.0007797827,0.0007797827,-0.0002466082
652,0.7898384,0.06212592,0.0338594,-0.2460149,0.0007797827,0.0007797827,-0.0002466082
653,0.7905049,0.06212592,0.0338594,-0.2460149,0.0007797827,0.0007797827,-0.0002466082
654,0.791217,0.06212592,0.0338594,-0.2460149,0.0007797827,0.0007797827,-0.0002466082
655,0.7918873,0.06212592,0.0338594,-0.2460149,0.0007797827,0.0007797827,-0.0002466082
656,0.7926504,0.06212592,0.0338594,-0.2460149,0.0007797827,0.0007797827,-0.0002466082
657,0.7934163,0.06212592,0.0338594,-0.2460149,0.0007797827,0.0007797827,-0.0002466082
658,0.7941436,0.06212592,0.0338594,-0.2460149,0.0007797827,0.0007797827,-0.0002466082
659,0.7948939,0.06212592,0.0338594,-0.2460149,0.0007797827,0.0007797827,-0.0002466082
660,0.7956032,0.06212592,0.0338594,-0.2460149,0.0007797827,0.0007797827,-0.0002466082
661,0.7963001,0.06212592,0.0338594,-0.2460149,0.0007797827,0.0007797827,-0.0002466082
662,0.7969902,0.06212592,0.0338594,-0.2460149,0.0007797827,0.0007797827,-0.0002466082
663,0.797668,0.06212592,0.0338594,-0.2460149,0.0007797827,0.0007797827,-0.0002466082
664,0.7983542,0.06212592,0.0338594,-0.2460149,0.0007797827,0.0007797827,-0.0002466082
665,0.7990872,0.06212592,0.0338594,-0.2460149,0.0007797827,0.0007797827,-0.0002466082
666,0.7997582,0.06212592,0.0338594,-0.2460149,0.0007797827,0.0007797827,-0.0002466082
667,0.8004309,0.06212592,0.0338594,-0.2460149,0.0007797827,0.0007797827,-0.0002466082
668,0.8012583,0.06212592,0.0338594,-0.2460149,0.0007797827,0.0007797827,-0.0002466082
669,0.8019231,0.06212592,0.0338594,-0.2460149,0.0007797827,0.0007797827,-0.0002466082
670,0.8025929,0.06212592,0.0338594,-0.2460149,0.0007797827,0.0007797827,-0.0002466082
671,0.8033635,0.06212592,0.0338594,-0.2460149,0.0007797827,0.0007797827,-0.0002466082
672,0.8040892,0.06212592,0.0338594,-0.2460149,0.0007797827,0.0007797827,-0.0002466082
673,0.8047516,0.06212592,0.0338594,-0.2460149,0.0007797827,0.0007797827,-0.0002466082
674,0.8053863,0.06212592,0.0338594,-0.2460149,0.0007797827,0.0007797827,-0.0002466082
675,0.8060358,0.06212592,0.0338594,-0.2460149,0.0007797827,0.0007797827,-0.0002466082
676,0.80689,0.06212592,0.0338594,-0.2460149,0.0007797827,0.0007797827,-0.0002466082
677,0.8075877,0.06212592,0.0338594,-0.2460149,0.0007797827,0.0007797827,-0.0002466082
678,0.8083423,0.06212592,0.0338594,-0.2460149,0.0007797827,0.0007797827,-0.0002466082
679,0.8092035,0.06212592,0.0338594,-0.2460149,0.0007797827,0.0007797827,-0.0002466082
680,0.8099288,0.06212592,0.0338594,-0.2460149,0.0007797827,0.0007797827,-0.0002466082
681,0.8106546,0.06212592,0.0338594,-0.2460149,0.0007797827,0.0007797827,-0.0002466082
682,0.8113526,0.06212592,0.0338594,-0.2460149,0.0007797827,0.0007797827,-0.0002466082
683,0.81204,0.06212592,0.0338594,-0.2460149,0.0007797827,0.0007797827,-0.0002466082
684,0.8127268,0.06212592,0.0338594,-0.2460149,0.0007797827,0.0007797827,-0.0002466082
685,0.8134217,0.06212592,0.0338594,-0.2460149,0.0007797827,0.0007797827,-0.0002466082
686,0.8142049,0.06212592,0.0338594,-0.2460149,0.0007797827,0.0007797827,-0.0002466082
687,0.8148696,0.06212592,0.0338594,-0.2460149,0.0007797827,0.0007797827,-0.0002466082
688,0.8155261,0.06212592,0.0338594,-0.2460149,0.0007797827,0.0007797827,-0.0002466082
689,0.8162131,0.06212592,0.0338594,-0.2460149,0.0007797827,0.0007797827,-0.0002466082
690,0.8170168,0.06212592,0.0338594,-0.2460149,0.0007797827,0.0007797827,-0.0002466082
691,0.8177437,0.06212592,0.0338594,-0.2460149,0.0007797827,0.0007797827,-0.0002466082
692,0.8185239,0.06212592,0.0338594,-0.2460149,0.0007797827,0.0007797827,-0.0002466082
693,0.8193129,0.06212592,0.0338594,-0.2460149,0.0007797827,0.0007797827,-0.0002466082
694,0.8200791,0.06212592,0.0338594,-0.2460149,0.0007797827,0.0007797827,-0.0002466082
695,0.8210137,0.06212592,0.0338594,-0.2460149,0.0007797827,0.0007797827,-0.0002466082
696,0.8217576,0.06212592,0.0338594,-0.2460149,0.0007797827,0.0007797827,-0.0002466082
697,0.8225037,0.06212592,0.0338594,-0.2460149,0.0007797827,0.0007797827,-0.0002466082
698,0.8232071,0.06212592,0.0338594,-0.2460149,0.0007797827,0.0007797827,-0.0002466082
699,0.824136,0.06212592,0.0338594,-0.2460149,0.0007797827,0.0007797827,-0.0002466082
700,0.8250907,0.06212592,0.0338594,-0.2460149,0.0007797827,0.0007797827,-0.0002466082
701,0.8259103,0.06212592,0.0338594,-0.2460149,0.0007797827,0.0007797827,-0.0002466082
702,0.826969,0.06212592,0.0338594,-0.2460149,0.0007797827,0.0007797827,-0.0002466082
703,0.8277585,0.06212592,0.0338594,-0.2460149,0.0007797827,0.0007797827,-0.0002466082
704,0.8284575,0.06212592,0.0338594,-0.2460149,0.0007797827,0.0007797827,-0.0002466082
705,0.8291622,0.06212592,0.0338594,-0.2460149,0.0007797827,0.0007797827,-0.0002466082
706,0.8299709,0.06212592,0.0338594,-0.2460149,0.0007797827,0.0007797827,-0.0002466082
707,0.8307238,0.06212592,0.0338594,-0.2460149,0.0007797827,0.0007797827,-0.0002466082
708,0.831504,0.06212592,0.0338594,-0.2460149,0.0007797827,0.0007797827,-0.0002466082
709,0.8322226,0.06212592,0.0338594,-0.2460149,0.0007797827,0.0007797827,-0.0002466082
710,0.8330462,0.06212592,0.0338594,-0.2460149,0.0007797827,0.0007797827,-0.0002466082
711,0.8338636,0.06212592,0.0338594,-0.2460149,0.0007797827,0.0007797827,-0.0002466082
712,0.8346109,0.06212592,0.0338594,-0.2460149,0.0007797827,0.0007797827,-0.0002466082
713,0.8354072,0.06212592,0.0338594,-0.2460149,0.0007797827,0.0007797827,-0.0002466082
714,0.8361848,0.06212592,0.0338594,-0.2460149,0.0007797827,0.0007797827,-0.0002466082
715,0.8371004,0.06212592,0.0338594,-0.2460149,0.0007797827,0.0007797827,-0.0002466082
716,0.8380462,0.06212592,0.0338594,-0.2460149,0.0007797827,0.0007797827,-0.0002466082
717,0.838977,0.06212592,0.0338594,-0.2460149,0.0007797827,0.0007797827,-0.0002466082
718,0.8399368,0.06212592,0.0338594,-0.2460149,0.0007797827,0.0007797827,-0.0002466082
719,0.8410411,0.06212592,0.0338594,-0.2460149,0.0007797827,0.0007797827,-0.0002466082
720,0.8421254,0.06212592,0.0338594,-0.2460149,0.0007797827,0.0007797827,-0.0002466082
721,0.8431979,0.06212592,0.0338594,-0.2460149,0.0007797827,0.0007797827,-0.0002466082
722,0.8444159,0.06201229,0.03219792,-0.2453079,0,0,0
723,0.8454045,0.06201229,0.03219792,-0.2453079,0,0,0
724,0.8464487,0.06201229,0.03219792,-0.2453079,0,0,0
725,0.8473507,0.06201229,0.03219792,-0.2453079,0,0,0
726,0.8482916,0.06201229,0.03219792,-0.2453079,0,0,0
727,0.8493014,0.06201229,0.03219792,-0.2453079,0,0,0
728,0.8502202,0.06201229,0.03219792,-0.2453079,0,0,0
729,0.8512255,0.06201229,0.03219792,-0.2453079,0,0,0
730,0.8521165,0.06201229,0.03219792,-0.2453079,0,0,0
731,0.8530987,0.06201229,0.03219792,-0.2453079,0,0,0
732,0.8540126,0.06201229,0.03219792,-0.2453079,0,0,0
733,0.8549107,0.06201229,0.03219792,-0.2453079,0,0,0
734,0.8558533,0.06201229,0.03219792,-0.2453079,0,0,0
735,0.856792,0.06201229,0.03219792,-0.2453079,0,0,0
736,0.8577313,0.06201229,0.03219792,-0.2453079,0,0,0
737,0.8611138,0.06201229,0.03219792,-0.2453079,0,0,0
738,0.8625016,0.06201229,0.03219792,-0.2453079,0,0,0
739,0.8635336,0.06201229,0.03219792,-0.2453079,0,0,0
740,0.864514,0.06201229,0.03219792,-0.2453079,0,0,0
741,0.8654707,0.06201229,0.03219792,-0.2453079,0,0,0
742,0.8664322,0.06201229,0.03219792,-0.2453079,0,0,0
743,0.867487,0.06201229,0.03219792,-0.2453079,0,0,0
744,0.8683804,0.06201229,0.03219792,-0.2453079,0,0,0
745,0.8692932,0.06201229,0.03219792,-0.2453079,0,0,0
746,0.8702314,0.06201229,0.03219792,-0.2453079,0,0,0
747,0.8711625,0.06201229,0.03219792,-0.2453079,0,0,0
748,0.8721478,0.06201229,0.03219792,-0.2453079,0,0,0
749,0.8765223,0.06201229,0.03219792,-0.2453079,0,0,0
750,0.8775599,0.06201229,0.03219792,-0.2453079,0,0,0
751,0.878357,0.06201229,0.03219792,-0.2453079,0,0,0
752,0.8791817,0.06201229,0.03219792,-0.2453079,0,0,0
753,0.8799955,0.06201229,0.03219792,-0.2453079,0,0,0
754,0.8807886,0.06201229,0.03219792,-0.2453079,0,0,0
755,0.8816701,0.06201229,0.03219792,-0.2453079,0,0,0
756,0.8824943,0.06201229,0.03219792,-0.2453079,0,0,0
757,0.8832542,0.06201229,0.03219792,-0.2453079,0,0,0
758,0.8839325,0.06201229,0.03219792,-0.2453079,0,0,0
759,0.8846223,0.06201229,0.03219792,-0.2453079,0,0,0
760,0.885372,0.06201229,0.03219792,-0.2453079,0,0,0
761,0.8861321,0.06201229,0.03219792,-0.2453079,0,0,0
762,0.8868649,0.06201229,0.03219792,-0.2453079,0,0,0
763,0.8875857,0.06201229,0.03219792,-0.2453079,0,0,0
764,0.8883061,0.06201229,0.03219792,-0.2453079,0,0,0
765,0.8890005,0.06201229,0.03219792,-0.2453079,0,0,0
766,0.8898671,0.06201229,0.03219792,-0.2453079,0,0,0
767,0.8905536,0.06201229,0.03219792,-0.2453079,0,0,0
768,0.8912098,0.06201229,0.03219792,-0.2453079,0,0,0
769,0.8918984,0.06201229,0.03219792,-0.2453079,0,0,0
770,0.8925741,0.06201229,0.03219792,-0.2453079,0,0,0
771,0.8934617,0.06201229,0.03219792,-0.2453079,0,0,0
772,0.8941807,0.06201229,0.03219792,-0.2453079,0,0,0
773,0.8948422,0.06201229,0.03219792,-0.2453079,0,0,0
774,0.8955704,0.06201229,0.03219792,-0.2453079,0,0,0
775,0.8962619,0.06201229,0.03219792,-0.2453079,0,0,0
776,0.8970382,0.06201229,0.03219792,-0.2453079,0,0,0
777,0.8977492,0.06201229,0.03219792,-0.2453079,0,0,0
778,0.8984975,0.06201229,0.03219792,-0.2453079,0,0,0
779,0.8992555,0.06201229,0.03219792,-0.2453079,0,0,0
780,0.8999094,0.06201229,0.03219792,-0.2453079,0,0,0
781,0.9005897,0.06201229,0.03219792,-0.2453079,0,0,0
782,0.9014024,0.06201229,0.03219792,-0.2453079,0,0,0
783,0.9020663,0.06201229,0.03219792,-0.2453079,0,0,0
784,0.902727,0.06201229,0.03219792,-0.2453079,0,0,0
785,0.9033459,0.06201229,0.03219792,-0.2453079,0,0,0
786,0.9039957,0.06201229,0.03219792,-0.2453079,0,0,0
787,0.9046601,0.06201229,0.03219792,-0.2453079,0,0,0
788,0.9053011,0.06201229,0.03219792,-0.2453079,0,0,0
789,0.906005,0.06201229,0.03219792,-0.2453079,0,0,0
790,0.9067307,0.06201229,0.03219792,-0.2453079,0,0,0
791,0.907371,0.06201229,0.03219792,-0.2453079,0,0,0
792,0.9080125,0.06201229,0.03219792,-0.2453079,0,0,0
793,0.9087093,0.06201229,0.03219792,-0.2453079,0,0,0
794,0.9096253,0.06201229,0.03219792,-0.2453079,0,0,0
795,0.9103128,0.06201229,0.03219792,-0.2453079,0,0,0
796,0.9109555,0.06201229,0.03219792,-0.2453079,0,0,0
797,0.9115827,0.06201229,0.03219792,-0.2453079,0,0,0
798,0.9122216,0.06201229,0.03219792,-0.2453079,0,0,0
799,0.912853,0.06201229,0.03219792,-0.2453079,0,0,0
800,0.9135347,0.06201229,0.03219792,-0.2453079,0,0,0
801,0.9142018,0.06201229,0.03219792,-0.2453079,0,0,0
802,0.914833,0.06201229,0.03219792,-0.2453079,0,0,0
803,0.9154899,0.06201229,0.03219792,-0.2453079,0,0,0
804,0.9161367,0.06201229,0.03219792,-0.2453079,0,0,0
805,0.916802,0.06201229,0.03219792,-0.2453079,0,0,0
806,0.9174402,0.06201229,0.03219792,-0.2453079,0,0,0
807,0.9180973,0.06201229,0.03219792,-0.2453079,0,0,0
808,0.9187607,0.06201229,0.03219792,-0.2453079,0,0,0
809,0.9193758,0.06201229,0.03219792,-0.2453079,0,0,0
810,0.9199839,0.06201229,0.03219792,-0.2453079,0,0,0
811,0.9206275,0.06201229,0.03219792,-0.2453079,0,0,0
812,0.9213894,0.06201229,0.03219792,-0.2453079,0,0,0
813,0.9220048,0.06201229,0.03219792,-0.2453079,0,0,0
814,0.9226754,0.06201229,0.03219792,-0.2453079,0,0,0
815,0.9233147,0.06201229,0.03219792,-0.2453079,0,0,0
816,0.9240214,0.06201229,0.03219792,-0.2453079,0,0,0
817,0.9247426,0.06201229,0.03219792,-0.2453079,0,0,0
818,0.925453,0.06201229,0.03219792,-0.2453079,0,0,0
819,0.9260976,0.06201229,0.03219792,-0.2453079,0,0,0
820,0.9267542,0.06201229,0.03219792,-0.2453079,0,0,0
821,0.9274035,0.06201229,0.03219792,-0.2453079,0,0,0
822,0.9280629,0.06201229,0.03219792,-0.2453079,0,0,0
823,0.9287787,0.06201229,0.03219792,-0.2453079,0,0,0
824,0.9294248,0.06201229,0.03219792,-0.2453079,0,0,0
825,0.9300765,0.06201229,0.03219792,-0.2453079,0,0,0
826,0.9307709,0.06201229,0.03219792,-0.2453079,0,0,0
827,0.9315147,0.06201229,0.03219792,-0.2453079,0,0,0
828,0.9321278,0.06201229,0.03219792,-0.2453079,0,0,0
829,0.9327787,0.06201229,0.03219792,-0.2453079,0,0,0
830,0.9334154,0.06201229,0.03219792,-0.2453079,0,0,0
831,0.9340511,0.06201229,0.03219792,-0.2453079,0,0,0
832,0.9347265,0.06201229,0.03219792,-0.2453079,0,0,0
833,0.9353635,0.06201229,0.03219792,-0.2453079,0,0,0
834,0.9359757,0.06201229,0.03219792,-0.2453079,0,0,0
835,0.9365978,0.06201229,0.03219792,-0.2453079,0,0,0
836,0.9372852,0.06201229,0.03219792,-0.2453079,0,0,0
837,0.9379126,0.06201229,0.03219792,-0.2453079,0,0,0
838,0.9386132,0.06201229,0.03219792,-0.2453079,0,0,0
839,0.9394624,0.06201229,0.03219792,-0.2453079,0,0,0
840,0.9401706,0.06201229,0.03219792,-0.2453079,0,0,0
841,0.9409644,0.06201229,0.03219792,-0.2453079,0,0,0
842,0.9416149,0.06201229,0.03219792,-0.2453079,0,0,0
843,0.942246,0.06201229,0.03219792,-0.2453079,0,0,0
844,0.9428664,0.06201229,0.03219792,-0.2453079,0,0,0
845,0.9434991,0.06201229,0.03219792,-0.2453079,0,0,0
846,0.9442637,0.06201229,0.03219792,-0.2453079,0,0,0
847,0.9449056,0.06201229,0.03219792,-0.2453079,0,0,0
848,0.9455403,0.06201229,0.03219792,-0.2453079,0,0,0
849,0.946307,0.06201229,0.03219792,-0.2453079,0,0,0
850,0.9469793,0.06201229,0.03219792,-0.2453079,0,0,0
851,0.9476207,0.06201229,0.03219792,-0.2453079,0,0,0
852,0.948281,0.06201229,0.03219792,-0.2453079,0,0,0
853,0.9489801,0.06201229,0.03219792,-0.2453079,0,0,0
854,0.9497108,0.06201229,0.03219792,-0.2453079,0,0,0
855,0.9503579,0.06201229,0.03219792,-0.2453079,0,0,0
856,0.9509848,0.06201229,0.03219792,-0.2453079,0,0,0
857,0.9516103,0.06201229,0.03219792,-0.2453079,0,0,0
858,0.9522482,0.06201229,0.03219792,-0.2453079,0,0,0
859,0.9529733,0.06201229,0.03219792,-0.2453079,0,0,0
860,0.9536891,0.06201229,0.03219792,-0.2453079,0,0,0
861,0.954338,0.06201229,0.03219792,-0.2453079,0,0,0
862,0.9550217,0.06201229,0.03219792,-0.2453079,0,0,0
863,0.9556569,0.06201229,0.03219792,-0.2453079,0,0,0
864,0.9562787,0.06201229,0.03219792,-0.2453079,0,0,0
865,0.9568841,0.06201229,0.03219792,-0.2453079,0,0,0
866,0.957498,0.06201229,0.03219792,-0.2453079,0,0,0
867,0.9581581,0.06201229,0.03219792,-0.2453079,0,0,0
868,0.9588311,0.06201229,0.03219792,-0.2453079,0,0,0
869,0.9595879,0.06201229,0.03219792,-0.2453079,0,0,0
870,0.9602561,0.06201229,0.03219792,-0.2453079,0,0,0
871,0.9610628,0.06201229,0.03219792,-0.2453079,0,0,0
872,0.961812,0.06201229,0.03219792,-0.2453079,0,0,0
873,0.9624394,0.06201229,0.03219792,-0.2453079,0,0,0
874,0.9630784,0.06201229,0.03219792,-0.2453079,0,0,0
875,0.9637053,0.06201229,0.03219792,-0.2453079,0,0,0
876,0.9643349,0.06201229,0.03219792,-0.2453079,0,0,0
877,0.964983,0.06201229,0.03219792,-0.2453079,0,0,0
878,0.965587,0.06201229,0.03219792,-0.2453079,0,0,0
879,0.9662132,0.06201229,0.03219792,-0.2453079,0,0,0
880,0.9668411,0.06201229,0.03219792,-0.2453079,0,0,0
881,0.9675537,0.06201229,0.03219792,-0.2453079,0,0,0
882,0.9682084,0.06201229,0.03219792,-0.2453079,0,0,0
883,0.9688899,0.06201229,0.03219792,-0.2453079,0,0,0
884,0.9696152,0.06201229,0.03219792,-0.2453079,0,0,0
885,0.970247,0.06201229,0.03219792,-0.2453079,0,0,0
886,0.9708762,0.06201229,0.03219792,-0.2453079,0,0,0
887,0.9715092,0.06201229,0.03219792,-0.2453079,0,0,0
888,0.9721676,0.06201229,0.03219792,-0.2453079,0,0,0
889,0.9728154,0.06201229,0.03219792,-0.2453079,0,0,0
890,0.9734779,0.06201229,0.03219792,-0.2453079,0,0,0
891,0.9741011,0.06201229,0.03219792,-0.2453079,0,0,0
892,0.9747406,0.06201229,0.03219792,-0.2453079,0,0,0
893,0.9753987,0.06201229,0.03219792,-0.2453079,0,0,0
894,0.9760831,0.06201229,0.03219792,-0.2453079,0,0,0
895,0.9767547,0.06201229,0.03219792,-0.2453079,0,0,0
896,0.9773903,0.06201229,0.03219792,-0.2453079,0,0,0
897,0.9780045,0.06201229,0.03219792,-0.2453079,0,0,0
898,0.9786408,0.06201229,0.03219792,-0.2453079,0,0,0
899,0.9792588,0.06201229,0.03219792,-0.2453079,0,0,0
900,0.9799111,0.06201229,0.03219792,-0.2453079,0,0,0
901,0.9806548,0.06201229,0.03219792,-0.2453079,0,0,0
902,0.9814433,0.06201229,0.03219792,-0.2453079,0,0,0
903,0.9820963,0.06201229,0.03219792,-0.2453079,0,0,0
904,0.9828355,0.06201229,0.03219792,-0.2453079,0,0,0
905,0.9835493,0.06201229,0.03219792,-0.2453079,0,0,0
906,0.9842867,0.06201229,0.03219792,-0.2453079,0,0,0
907,0.9849246,0.06201229,0.03219792,-0.2453079,0,0,0
908,0.9855637,0.06201229,0.03219792,-0.2453079,0,0,0
909,0.9861877,0.06201229,0.03219792,-0.2453079,0,0,0
910,0.9868061,0.06201229,0.03219792,-0.2453079,0,0,0
911,0.9874218,0.06201229,0.03219792,-0.2453079,0,0,0
912,0.9880455,0.06201229,0.03219792,-0.2453079,0,0,0
913,0.9887732,0.06201229,0.03219792,-0.2453079,0,0,0
914,0.9893686,0.06201229,0.03219792,-0.2453079,0,0,0
915,0.9900268,0.06201229,0.03219792,-0.2453079,0,0,0
916,0.9906393,0.06201229,0.03219792,-0.2453079,0,0,0
917,0.9913342,0.06201229,0.03219792,-0.2453079,0,0,0
918,0.9920499,0.06201229,0.03219792,-0.2453079,0,0,0
919,0.9929584,0.06201229,0.03219792,-0.2453079,0,0,0
920,0.9936532,0.06201229,0.03219792,-0.2453079,0,0,0
921,0.9942773,0.06201229,0.03219792,-0.2453079,0,0,0
922,0.9949294,0.06201229,0.03219792,-0.2453079,0,0,0
923,0.9955691,0.06201229,0.03219792,-0.2453079,0,0,0
924,0.9962268,0.06201229,0.03219792,-0.2453079,0,0,0
925,0.9968852,0.06201229,0.03219792,-0.2453079,0,0,0
926,0.9976053,0.06201229,0.03219792,-0.2453079,0,0,0
927,0.9983116,0.06201229,0.03219792,-0.2453079,0,0,0
928,0.9990829,0.06201229,0.03219792,-0.2453079,0,0,0
929,0.999739,0.06201229,0.03219792,-0.2453079,0,0,0
930,1.000378,0.06201229,0.03219792,-0.2453079,0,0,0
931,1.001179,0.06201229,0.03219792,-0.2453079,0,0,0
932,1.001811,0.06201229,0.03219792,-0.2453079,0,0,0
933,1.002522,0.06201229,0.03219792,-0.2453079,0,0,0
934,1.003214,0.06201229,0.03219792,-0.2453079,0,0,0
935,1.00387,0.06201229,0.03219792,-0.2453079,0,0,0
936,1.004511,0.06201229,0.03219792,-0.2453079,0,0,0
937,1.005138,0.06201229,0.03219792,-0.2453079,0,0,0
938,1.005769,0.06201229,0.03219792,-0.2453079,0,0,0
939,1.00639,0.06201229,0.03219792,-0.2453079,0,0,0
940,1.007053,0.06201229,0.03219792,-0.2453079,0,0,0
941,1.007727,0.06201229,0.03219792,-0.2453079,0,0,0
942,1.008367,0.06201229,0.03219792,-0.2453079,0,0,0
943,1.009108,0.06201229,0.03219792,-0.2453079,0,0,0
944,1.009852,0.06201229,0.03219792,-0.2453079,0,0,0
945,1.010531,0.06201229,0.03219792,-0.2453079,0,0,0
946,1.01122,0.06201229,0.03219792,-0.2453079,0,0,0
947,1.011864,0.06201229,0.03219792,-0.2453079,0,0,0
948,1.012485,0.06201229,0.03219792,-0.2453079,0,0,0
949,1.013107,0.06201229,0.03219792,-0.2453079,0,0,0
950,1.013763,0.06201229,0.03219792,-0.2453079,0,0,0
951,1.014455,0.06201229,0.03219792,-0.2453079,0,0,0
952,1.015088,0.06201229,0.03219792,-0.2453079,0,0,0
953,1.015714,0.06201229,0.03219792,-0.2453079,0,0,0
954,1.016332,0.06201229,0.03219792,-0.2453079,0,0,0
955,1.01694,0.06201229,0.03219792,-0.2453079,0,0,0
956,1.017537,0.06201229,0.03219792,-0.2453079,0,0,0
957,1.018148,0.06201229,0.03219792,-0.2453079,0,0,0
958,1.018757,0.06201229,0.03219792,-0.2453079,0,0,0
959,1.01935,0.06201229,0.03219792,-0.2453079,0,0,0
960,1.019946,0.06201229,0.03219792,-0.2453079,0,0,0
961,1.020595,0.06201229,0.03219792,-0.2453079,0,0,0
962,1.021385,0.06201229,0.03219792,-0.2453079,0,0,0
963,1.022137,0.06201229,0.03219792,-0.2453079,0,0,0
964,1.022777,0.06201229,0.03219792,-0.2453079,0,0,0
965,1.0234,0.06201229,0.03219792,-0.2453079,0,0,0
966,1.024046,0.06201229,0.03219792,-0.2453079,0,0,0
967,1.024708,0.06201229,0.03219792,-0.2453079,0,0,0
968,1.025369,0.06201229,0.03219792,-0.2453079,0,0,0
969,1.026063,0.06201229,0.03219792,-0.2453079,0,0,0
970,1.026753,0.06201229,0.03219792,-0.2453079,0,0,0
971,1.027411,0.06201229,0.03219792,-0.2453079,0,0,0
972,1.028069,0.06201229,0.03219792,-0.2453079,0,0,0
973,1.02875,0.06201229,0.03219792,-0.2453079,0,0,0
974,1.029533,0.06201229,0.03219792,-0.2453079,0,0,0
975,1.03017,0.06201229,0.03219792,-0.2453079,0,0,0
976,1.030852,0.06201229,0.03219792,-0.2453079,0,0,0
977,1.031577,0.06201229,0.03219792,-0.2453079,0,0,0
978,1.032244,0.06201229,0.03219792,-0.2453079,0,0,0
979,1.032863,0.06201229,0.03219792,-0.2453079,0,0,0
980,1.033537,0.06201229,0.03219792,-0.2453079,0,0,0
981,1.0342,0.06201229,0.03219792,-0.2453079,0,0,0
982,1.034843,0.06201229,0.03219792,-0.2453079,0,0,0
983,1.035474,0.06201229,0.03219792,-0.2453079,0,0,0
984,1.036112,0.06201229,0.03219792,-0.2453079,0,0,0
985,1.03679,0.06201229,0.03219792,-0.2453079,0,0,0
986,1.037422,0.06201229,0.03219792,-0.2453079,0,0,0
987,1.038082,0.06201229,0.03219792,-0.2453079,0,0,0
988,1.03873,0.06201229,0.03219792,-0.2453079,0,0,0
989,1.039362,0.06201229,0.03219792,-0.2453079,0,0,0
990,1.03997,0.06201229,0.03219792,-0.2453079,0,0,0
991,1.040574,0.06201229,0.03219792,-0.2453079,0,0,0
992,1.041385,0.06201229,0.03219792,-0.2453079,0,0,0
993,1.042116,0.06201229,0.03219792,-0.2453079,0,0,0
994,1.042807,0.06201229,0.03219792,-0.2453079,0,0,0
995,1.043572,0.06201229,0.03219792,-0.2453079,0,0,0
996,1.044219,0.06201229,0.03219792,-0.2453079,0,0,0
997,1.044904,0.06201229,0.03219792,-0.2453079,0,0,0
998,1.045572,0.06201229,0.03219792,-0.2453079,0,0,0
999,1.046273,0.06201229,0.03219792,-0.2453079,0,0,0
1000,1.047,0.06201229,0.03219792,-0.2453079,0,0,0
1001,1.047649,0.06201229,0.03219792,-0.2453079,0,0,0
1002,1.048277,0.06201229,0.03219792,-0.2453079,0,0,0
1003,1.048925,0.06201229,0.03219792,-0.2453079,0,0,0
1004,1.049603,0.06201229,0.03219792,-0.2453079,0,0,0
1005,1.050272,0.06201229,0.03219792,-0.2453079,0,0,0
1006,1.050941,0.06201229,0.03219792,-0.2453079,0,0,0
1007,1.051623,0.06201229,0.03219792,-0.2453079,0,0,0
1008,1.052339,0.06201229,0.03219792,-0.2453079,0,0,0
1009,1.052999,0.06201229,0.03219792,-0.2453079,0,0,0
1010,1.053678,0.06199969,0.03206816,-0.2452295,0,0,0
1011,1.05451,0.06199969,0.03206816,-0.2452295,0,0,0
1012,1.055177,0.06199969,0.03206816,-0.2452295,0,0,0
1013,1.055834,0.06199969,0.03206816,-0.2452295,0,0,0
1014,1.056458,0.06199969,0.03206816,-0.2452295,0,0,0
1015,1.057119,0.06199969,0.03206816,-0.2452295,0,0,0
1016,1.057749,0.06199969,0.03206816,-0.2452295,0,0,0
1017,1.058366,0.06199969,0.03206816,-0.2452295,0,0,0
1018,1.059085,0.06199969,0.03206816,-0.2452295,0,0,0
1019,1.059789,0.06199969,0.03206816,-0.2452295,0,0,0
1020,1.060633,0.06199969,0.03206816,-0.2452295,0,0,0
1021,1.061473,0.06199969,0.03206816,-0.2452295,0,0,0
1022,1.062147,0.06199969,0.03206816,-0.2452295,0,0,0
1023,1.062778,0.06199969,0.03206816,-0.2452295,0,0,0
1024,1.063408,0.06199969,0.03206816,-0.2452295,0,0,0
1025,1.066759,0.06199969,0.03206816,-0.2452295,0,0,0
1026,1.067508,0.06199969,0.03206816,-0.2452295,0,0,0
1027,1.068161,0.06199969,0.03206816,-0.2452295,0,0,0
1028,1.068901,0.06199969,0.03206816,-0.2452295,0,0,0
1029,1.069593,0.06199969,0.03206816,-0.2452295,0,0,0
1030,1.070233,0.06199969,0.03206816,-0.2452295,0,0,0
1031,1.070845,0.06199969,0.03206816,-0.2452295,0,0,0
1032,1.071494,0.06199969,0.03206816,-0.2452295,0,0,0
1033,1.072235,0.06199969,0.03206816,-0.2452295,0,0,0
1034,1.072864,0.06199969,0.03206816,-0.2452295,0,0,0
1035,1.073576,0.06199969,0.03206816,-0.2452295,0,0,0
1036,1.074217,0.06199969,0.03206816,-0.2452295,0,0,0
1037,1.075083,0.06199969,0.03206816,-0.2452295,0,0,0
1038,1.075807,0.06199969,0.03206816,-0.2452295,0,0,0
1039,1.076567,0.06199969,0.03206816,-0.2452295,0,0,0
1040,1.077246,0.06199969,0.03206816,-0.2452295,0,0,0
1041,1.07789,0.06199969,0.03206816,-0.2452295,0,0,0
1042,1.078539,0.06199969,0.03206816,-0.2452295,0,0,0
1043,1.079313,0.06199969,0.03206816,-0.2452295,0,0,0
1044,1.079955,0.06199969,0.03206816,-0.2452295,0,0,0
1045,1.080611,0.06199969,0.03206816,-0.2452295,0,0,0
1046,1.081388,0.06199969,0.03206816,-0.2452295,0,0,0
1047,1.082016,0.06199969,0.03206816,-0.2452295,0,0,0
1048,1.082661,0.06199969,0.03206816,-0.2452295,0,0,0
1049,1.083282,0.06199969,0.03206816,-0.2452295,0,0,0
1050,1.08393,0.06199969,0.03206816,-0.2452295,0,0,0
1051,1.084621,0.06199969,0.03206816,-0.2452295,0,0,0
1052,1.085242,0.06199969,0.03206816,-0.2452295,0,0,0
1053,1.085852,0.06199969,0.03206816,-0.2452295,0,0,0
1054,1.086471,0.06199969,0.03206816,-0.2452295,0,0,0
1055,1.087074,0.06199969,0.03206816,-0.2452295,0,0,0
1056,1.087685,0.06199969,0.03206816,-0.2452295,0,0,0
1057,1.088301,0.06199969,0.03206816,-0.2452295,0,0,0
1058,1.088903,0.06199969,0.03206816,-0.2452295,0,0,0
1059,1.089502,0.06199969,0.03206816,-0.2452295,0,0,0
1060,1.090186,0.06199969,0.03206816,-0.2452295,0,0,0
1061,1.090836,0.06199969,0.03206816,-0.2452295,0,0,0
1062,1.091477,0.06199969,0.03206816,-0.2452295,0,0,0
1063,1.092098,0.06199969,0.03206816,-0.2452295,0,0,0
1064,1.092767,0.06199969,0.03206816,-0.2452295,0,0,0
1065,1.093408,0.06199969,0.03206816,-0.2452295,0,0,0
1066,1.094029,0.06199969,0.03206816,-0.2452295,0,0,0
1067,1.094671,0.06199969,0.03206816,-0.2452295,0,0,0
1068,1.095366,0.06199969,0.03206816,-0.2452295,0,0,0
1069,1.096035,0.06199969,0.03206816,-0.2452295,0,0,0
1070,1.096692,0.06199969,0.03206816,-0.2452295,0,0,0
1071,1.097341,0.06199969,0.03206816,-0.2452295,0,0,0
1072,1.098004,0.06199969,0.03206816,-0.2452295,0,0,0
1073,1.09872,0.06199969,0.03206816,-0.2452295,0,0,0
1074,1.099353,0.06199969,0.03206816,-0.2452295,0,0,0
1075,1.099979,0.06199969,0.03206816,-0.2452295,0,0,0
1076,1.100617,0.06199969,0.03206816,-0.2452295,0,0,0
1077,1.101383,0.06199969,0.03206816,-0.2452295,0,0,0
1078,1.102039,0.06199969,0.03206816,-0.2452295,0,0,0
1079,1.102776,0.06199969,0.03206816,-0.2452295,0,0,0
1080,1.103399,0.06199969,0.03206816,-0.2452295,0,0,0
1081,1.104054,0.06199969,0.03206816,-0.2452295,0,0,0
1082,1.104686,0.06199969,0.03206816,-0.2452295,0,0,0
1083,1.105298,0.06199969,0.03206816,-0.2452295,0,0,0
1084,1.106011,0.06199969,0.03206816,-0.2452295,0,0,0
1085,1.106654,0.06199969,0.03206816,-0.2452295,0,0,0
1086,1.107275,0.06199969,0.03206816,-0.2452295,0,0,0
1087,1.107879,0.06199969,0.03206816,-0.2452295,0,0,0
1088,1.108492,0.06199969,0.03206816,-0.2452295,0,0,0
1089,1.109134,0.06199969,0.03206816,-0.2452295,0,0,0
1090,1.109754,0.06199969,0.03206816,-0.2452295,0,0,0
1091,1.110381,0.06199969,0.03206816,-0.2452295,0,0,0
1092,1.111009,0.06199969,0.03206816,-0.2452295,0,0,0
1093,1.111697,0.06199969,0.03206816,-0.2452295,0,0,0
1094,1.112342,0.06199969,0.03206816,-0.2452295,0,0,0
1095,1.112962,0.06199969,0.03206816,-0.2452295,0,0,0
1096,1.113612,0.06199969,0.03206816,-0.2452295,0,0,0
1097,1.114243,0.06199969,0.03206816,-0.2452295,0,0,0
1098,1.114835,0.06199969,0.03206816,-0.2452295,0,0,0
1099,1.115445,0.06199969,0.03206816,-0.2452295,0,0,0
1100,1.116076,0.06199969,0.03206816,-0.2452295,0,0,0
1101,1.116733,0.06199969,0.03206816,-0.2452295,0,0,0
1102,1.117418,0.06199969,0.03206816,-0.2452295,0,0,0
1103,1.118085,0.06199969,0.03206816,-0.2452295,0,0,0
1104,1.118697,0.06199969,0.03206816,-0.2452295,0,0,0
1105,1.119301,0.06199969,0.03206816,-0.2452295,0,0,0
1106,1.119904,0.06199969,0.03206816,-0.2452295,0,0,0
1107,1.120605,0.06199969,0.03206816,-0.2452295,0,0,0
1108,1.121422,0.06199969,0.03206816,-0.2452295,0,0,0
1109,1.122061,0.06199969,0.03206816,-0.2452295,0,0,0
1110,1.12268,0.06199969,0.03206816,-0.2452295,0,0,0
1111,1.123298,0.06199969,0.03206816,-0.2452295,0,0,0
1112,1.123902,0.06199969,0.03206816,-0.2452295,0,0,0
1113,1.124525,0.06199969,0.03206816,-0.2452295,0,0,0
1114,1.12516,0.06199969,0.03206816,-0.2452295,0,0,0
1115,1.125803,0.06199969,0.03206816,-0.2452295,0,0,0
1116,1.126442,0.06199969,0.03206816,-0.2452295,0,0,0
1117,1.127058,0.06199969,0.03206816,-0.2452295,0,0,0
1118,1.127661,0.06199969,0.03206816,-0.2452295,0,0,0
1119,1.128304,0.06199969,0.03206816,-0.2452295,0,0,0
1120,1.128961,0.06199969,0.03206816,-0.2452295,0,0,0
1121,1.12958,0.06199969,0.03206816,-0.2452295,0,0,0
1122,1.130196,0.06199969,0.03206816,-0.2452295,0,0,0
1123,1.130855,0.06199969,0.03206816,-0.2452295,0,0,0
1124,1.131552,0.06199969,0.03206816,-0.2452295,0,0,0
1125,1.132182,0.06199969,0.03206816,-0.2452295,0,0,0
1126,1.132884,0.06199969,0.03206816,-0.2452295,0,0,0
1127,1.133529,0.06199969,0.03206816,-0.2452295,0,0,0
1128,1.134141,0.06199969,0.03206816,-0.2452295,0,0,0
1129,1.134747,0.06199969,0.03206816,-0.2452295,0,0,0
1130,1.135368,0.06199969,0.03206816,-0.2452295,0,0,0
1131,1.136006,0.06199969,0.03206816,-0.2452295,0,0,0
1132,1.136635,0.06199969,0.03206816,-0.2452295,0,0,0
1133,1.137287,0.06199969,0.03206816,-0.2452295,0,0,0
1134,1.137941,0.06199969,0.03206816,-0.2452295,0,0,0
1135,1.138574,0.06199969,0.03206816,-0.2452295,0,0,0
1136,1.139217,0.06199969,0.03206816,-0.2452295,0,0,0
1137,1.13995,0.06199969,0.03206816,-0.2452295,0,0,0
1138,1.140651,0.06199969,0.03206816,-0.2452295,0,0,0
1139,1.141424,0.06199969,0.03206816,-0.2452295,0,0,0
1140,1.142054,0.06199969,0.03206816,-0.2452295,0,0,0
1141,1.142692,0.06199969,0.03206816,-0.2452295,0,0,0
1142,1.143351,0.06199969,0.03206816,-0.2452295,0,0,0
1143,1.143993,0.06199969,0.03206816,-0.2452295,0,0,0
1144,1.144661,0.06199969,0.03206816,-0.2452295,0,0,0
1145,1.145348,0.06199969,0.03206816,-0.2452295,0,0,0
1146,1.146039,0.06199969,0.03206816,-0.2452295,0,0,0
1147,1.146792,0.06199969,0.03206816,-0.2452295,0,0,0
1148,1.147438,0.06199969,0.03206816,-0.2452295,0,0,0
1149,1.148065,0.06199969,0.03206816,-0.2452295,0,0,0
1150,1.148699,0.06199969,0.03206816,-0.2452295,0,0,0
1151,1.149345,0.06199969,0.03206816,-0.2452295,0,0,0
1152,1.150015,0.06199969,0.03206816,-0.2452295,0,0,0
1153,1.150729,0.06199969,0.03206816,-0.2452295,0,0,0
1154,1.151475,0.06199969,0.03206816,-0.2452295,0,0,0
1155,1.152184,0.06199969,0.03206816,-0.2452295,0,0,0
1156,1.152826,0.06199969,0.03206816,-0.2452295,0,0,0
1157,1.153457,0.06199969,0.03206816,-0.2452295,0,0,0
1158,1.154107,0.06199969,0.03206816,-0.2452295,0,0,0
1159,1.154715,0.06199969,0.03206816,-0.2452295,0,0,0
1160,1.155356,0.06199969,0.03206816,-0.2452295,0,0,0
1161,1.156006,0.06199969,0.03206816,-0.2452295,0,0,0
1162,1.156642,0.06199969,0.03206816,-0.2452295,0,0,0
1163,1.157326,0.06199969,0.03206816,-0.2452295,0,0,0
1164,1.157955,0.06199969,0.03206816,-0.2452295,0,0,0
1165,1.15857,0.06199969,0.03206816,-0.2452295,0,0,0
1166,1.159263,0.06199969,0.03206816,-0.2452295,0,0,0
1167,1.159931,0.06199969,0.03206816,-0.2452295,0,0,0
1168,1.160554,0.06199969,0.03206816,-0.2452295,0,0,0
1169,1.161297,0.06199969,0.03206816,-0.2452295,0,0,0
1170,1.161918,0.06199969,0.03206816,-0.2452295,0,0,0
1171,1.16253,0.06199969,0.03206816,-0.2452295,0,0,0
1172,1.163172,0.06199969,0.03206816,-0.2452295,0,0,0
1173,1.1638,0.06199969,0.03206816,-0.2452295,0,0,0
1174,1.16443,0.06199969,0.03206816,-0.2452295,0,0,0
1175,1.165043,0.06199969,0.03206816,-0.2452295,0,0,0
1176,1.1657,0.06199969,0.03206816,-0.2452295,0,0,0
1177,1.166356,0.06199969,0.03206816,-0.2452295,0,0,0
1178,1.167055,0.06199969,0.03206816,-0.2452295,0,0,0
1179,1.167844,0.06199969,0.03206816,-0.2452295,0,0,0
1180,1.168518,0.06199969,0.03206816,-0.2452295,0,0,0
1181,1.169152,0.06199969,0.03206816,-0.2452295,0,0,0
1182,1.169767,0.06199969,0.03206816,-0.2452295,0,0,0
1183,1.17043,0.06199969,0.03206816,-0.2452295,0,0,0
1184,1.171061,0.06199969,0.03206816,-0.2452295,0,0,0
1185,1.171689,0.06199969,0.03206816,-0.2452295,0,0,0
1186,1.172397,0.06199969,0.03206816,-0.2452295,0,0,0
1187,1.175797,0.06199969,0.03206816,-0.2452295,0,0,0
1188,1.176469,0.06199969,0.03206816,-0.2452295,0,0,0
1189,1.177099,0.06199969,0.03206816,-0.2452295,0,0,0
1190,1.177717,0.06199969,0.03206816,-0.2452295,0,0,0
1191,1.178423,0.06199969,0.03206816,-0.2452295,0,0,0
1192,1.179165,0.06199969,0.03206816,-0.2452295,0,0,0
1193,1.179783,0.06199969,0.03206816,-0.2452295,0,0,0
1194,1.180409,0.06199969,0.03206816,-0.2452295,0,0,0
1195,1.18125,0.06199969,0.03206816,-0.2452295,0,0,0
1196,1.181883,0.06199969,0.03206816,-0.2452295,0,0,0
1197,1.182538,0.06199969,0.03206816,-0.2452295,0,0,0
1198,1.183307,0.06199969,0.03206816,-0.2452295,0,0,0
1199,1.183943,0.06199969,0.03206816,-0.2452295,0,0,0
1200,1.184565,0.06199969,0.03206816,-0.2452295,0,0,0
1201,1.185191,0.06199969,0.03206816,-0.2452295,0,0,0
1202,1.185818,0.06199969,0.03206816,-0.2452295,0,0,0
1203,1.18643,0.06199969,0.03206816,-0.2452295,0,0,0
1204,1.18705,0.06199969,0.03206816,-0.2452295,0,0,0
1205,1.187663,0.06199969,0.03206816,-0.2452295,0,0,0
1206,1.188323,0.06199969,0.03206816,-0.2452295,0,0,0
1207,1.189081,0.06199969,0.03206816,-0.2452295,0,0,0
1208,1.189724,0.06199969,0.03206816,-0.2452295,0,0,0
1209,1.190418,0.06199969,0.03206816,-0.2452295,0,0,0
1210,1.191066,0.06199969,0.03206816,-0.2452295,0,0,0
1211,1.191706,0.06199969,0.03206816,-0.2452295,0,0,0
1212,1.192376,0.06199969,0.03206816,-0.2452295,0,0,0
1213,1.193033,0.06199969,0.03206816,-0.2452295,0,0,0
1214,1.193686,0.06199969,0.03206816,-0.2452295,0,0,0
1215,1.194327,0.06199969,0.03206816,-0.2452295,0,0,0
1216,1.195107,0.06199969,0.03206816,-0.2452295,0,0,0
1217,1.195841,0.06199969,0.03206816,-0.2452295,0,0,0
1218,1.196501,0.06199969,0.03206816,-0.2452295,0,0,0
1219,1.197172,0.06199969,0.03206816,-0.2452295,0,0,0
1220,1.197812,0.06199969,0.03206816,-0.2452295,0,0,0
1221,1.19843,0.06199969,0.03206816,-0.2452295,0,0,0
1222,1.199044,0.06199969,0.03206816,-0.2452295,0,0,0
1223,1.199666,0.06199969,0.03206816,-0.2452295,0,0,0
1224,1.200277,0.06199969,0.03206816,-0.2452295,0,0,0
1225,1.201,0.06199969,0.03206816,-0.2452295,0,0,0
1226,1.201631,0.06199969,0.03206816,-0.2452295,0,0,0
1227,1.202252,0.06199969,0.03206816,-0.2452295,0,0,0
1228,1.202866,0.06199969,0.03206816,-0.2452295,0,0,0
1229,1.203479,0.06199969,0.03206816,-0.2452295,0,0,0
1230,1.204093,0.06199969,0.03206816,-0.2452295,0,0,0
1231,1.204707,0.06199969,0.03206816,-0.2452295,0,0,0
1232,1.205355,0.06199969,0.03206816,-0.2452295,0,0,0
1233,1.206019,0.06199969,0.03206816,-0.2452295,0,0,0
1234,1.206644,0.06199969,0.03206816,-0.2452295,0,0,0
1235,1.207251,0.06199969,0.03206816,-0.2452295,0,0,0
1236,1.207889,0.06199969,0.03206816,-0.2452295,0,0,0
1237,1.208502,0.06199969,0.03206816,-0.2452295,0,0,0
1238,1.209203,0.06199969,0.03206816,-0.2452295,0,0,0
1239,1.209889,0.06199969,0.03206816,-0.2452295,0,0,0
1240,1.210518,0.06199969,0.03206816,-0.2452295,0,0,0
1241,1.211125,0.06199969,0.03206816,-0.2452295,0,0,0
1242,1.211735,0.06199969,0.03206816,-0.2452295,0,0,0
1243,1.212387,0.06199969,0.03206816,-0.2452295,0,0,0
1244,1.213051,0.06199969,0.03206816,-0.2452295,0,0,0
1245,1.213811,0.06199969,0.03206816,-0.2452295,0,0,0
1246,1.214503,0.06199969,0.03206816,-0.2452295,0,0,0
1247,1.215133,0.06199969,0.03206816,-0.2452295,0,0,0
1248,1.215781,0.06199969,0.03206816,-0.2452295,0,0,0
1249,1.216439,0.06199969,0.03206816,-0.2452295,0,0,0
1250,1.217106,0.06199969,0.03206816,-0.2452295,0,0,0
1251,1.217782,0.06199969,0.03206816,-0.2452295,0,0,0
1252,1.218433,0.06199969,0.03206816,-0.2452295,0,0,0
1253,1.219062,0.06199969,0.03206816,-0.2452295,0,0,0
1254,1.219676,0.06199969,0.03206816,-0.2452295,0,0,0
1255,1.220338,0.06199969,0.03206816,-0.2452295,0,0,0
1256,1.221087,0.06199969,0.03206816,-0.2452295,0,0,0
1257,1.22171,0.06199969,0.03206816,-0.2452295,0,0,0
1258,1.222352,0.06199969,0.03206816,-0.2452295,0,0,0
1259,1.222998,0.06199969,0.03206816,-0.2452295,0,0,0
1260,1.223652,0.06199969,0.03206816,-0.2452295,0,0,0
1261,1.224307,0.06199969,0.03206816,-0.2452295,0,0,0
1262,1.224971,0.06199969,0.03206816,-0.2452295,0,0,0
1263,1.225651,0.06199969,0.03206816,-0.2452295,0,0,0
1264,1.226294,0.06199969,0.03206816,-0.2452295,0,0,0
1265,1.226912,0.06199969,0.03206816,-0.2452295,0,0,0
1266,1.227522,0.06199969,0.03206816,-0.2452295,0,0,0
1267,1.228178,0.06199969,0.03206816,-0.2452295,0,0,0
1268,1.229,0.06199969,0.03206816,-0.2452295,0,0,0
1269,1.229661,0.06199969,0.03206816,-0.2452295,0,0,0
1270,1.230334,0.06199969,0.03206816,-0.2452295,0,0,0
1271,1.231065,0.06199969,0.03206816,-0.2452295,0,0,0
1272,1.231731,0.06199969,0.03206816,-0.2452295,0,0,0
1273,1.232443,0.06199969,0.03206816,-0.2452295,0,0,0
1274,1.233093,0.06199969,0.03206816,-0.2452295,0,0,0
1275,1.233741,0.06199969,0.03206816,-0.2452295,0,0,0
1276,1.234401,0.06199969,0.03206816,-0.2452295,0,0,0
1277,1.235044,0.06199969,0.03206816,-0.2452295,0,0,0
1278,1.235692,0.06199969,0.03206816,-0.2452295,0,0,0
1279,1.236301,0.06199969,0.03206816,-0.2452295,0,0,0
1280,1.236925,0.06199969,0.03206816,-0.2452295,0,0,0
1281,1.237599,0.06199969,0.03206816,-0.2452295,0,0,0
1282,1.238299,0.06199969,0.03206816,-0.2452295,0,0,0
1283,1.238924,0.06199969,0.03206816,-0.2452295,0,0,0
1284,1.239556,0.06199969,0.03206816,-0.2452295,0,0,0
1285,1.240165,0.06199969,0.03206816,-0.2452295,0,0,0
1286,1.24098,0.06199969,0.03206816,-0.2452295,0,0,0
1287,1.24164,0.06199969,0.03206816,-0.2452295,0,0,0
1288,1.24227,0.06199969,0.03206816,-0.2452295,0,0,0
1289,1.242886,0.06199969,0.03206816,-0.2452295,0,0,0
1290,1.243565,0.06199969,0.03206816,-0.2452295,0,0,0
1291,1.244266,0.06199969,0.03206816,-0.2452295,0,0,0
1292,1.244894,0.06199969,0.03206816,-0.2452295,0,0,0
1293,1.245593,0.06199969,0.03206816,-0.2452295,0,0,0
1294,1.246384,0.06199969,0.03206816,-0.2452295,0,0,0
1295,1.247039,0.06199969,0.03206816,-0.2452295,0,0,0
1296,1.247662,0.06199969,0.03206816,-0.2452295,0,0,0
1297,1.248355,0.06199969,0.03206816,-0.2452295,0,0,0
1298,1.249021,0.06199969,0.03206816,-0.2452295,0,0,0
1299,1.249683,0.06199969,0.03206816,-0.2452295,0,0,0
1300,1.250433,0.06199969,0.03206816,-0.2452295,0,0,0
1301,1.251153,0.06199969,0.03206816,-0.2452295,0,0,0
1302,1.251833,0.06199969,0.03206816,-0.2452295,0,0,0
1303,1.252466,0.06199969,0.03206816,-0.2452295,0,0,0
1304,1.253089,0.06199969,0.03206816,-0.2452295,0,0,0
1305,1.253708,0.06199969,0.03206816,-0.2452295,0,0,0
1306,1.254378,0.06199969,0.03206816,-0.2452295,0,0,0
1307,1.255025,0.06199969,0.03206816,-0.2452295,0,0,0
1308,1.255655,0.06199969,0.03206816,-0.2452295,0,0,0
1309,1.256272,0.06199969,0.03206816,-0.2452295,0,0,0
1310,1.257022,0.06199969,0.03206816,-0.2452295,0,0,0
1311,1.257686,0.06199969,0.03206816,-0.2452295,0,0,0
1312,1.258358,0.06199969,0.03206816,-0.2452295,0,0,0
1313,1.259287,0.06199969,0.03206816,-0.2452295,0,0,0
1314,1.25996,0.06199969,0.03206816,-0.2452295,0,0,0
1315,1.260588,0.06199969,0.03206816,-0.2452295,0,0,0
1316,1.263974,0.06199969,0.03206816,-0.2452295,0,0,0
1317,1.264673,0.06196961,0.03182738,-0.2450423,0,0,0
1318,1.265462,0.06196961,0.03182738,-0.2450423,0,0,0
1319,1.266095,0.06196961,0.03182738,-0.2450423,0,0,0
1320,1.266713,0.06196961,0.03182738,-0.2450423,0,0,0
1321,1.26734,0.06196961,0.03182738,-0.2450423,0,0,0
1322,1.267955,0.06196961,0.03182738,-0.2450423,0,0,0
1323,1.268594,0.06196961,0.03182738,-0.2450423,0,0,0
1324,1.269232,0.06196961,0.03182738,-0.2450423,0,0,0
1325,1.269862,0.06196961,0.03182738,-0.2450423,0,0,0
1326,1.270536,0.06196961,0.03182738,-0.2450423,0,0,0
1327,1.271164,0.06196961,0.03182738,-0.2450423,0,0,0
1328,1.271793,0.06196961,0.03182738,-0.2450423,0,0,0
1329,1.272412,0.06196961,0.03182738,-0.2450423,0,0,0
1330,1.273035,0.06196961,0.03182738,-0.2450423,0,0,0
1331,1.27369,0.06196961,0.03182738,-0.2450423,0,0,0
1332,1.274416,0.06196961,0.03182738,-0.2450423,0,0,0
1333,1.275143,0.06196961,0.03182738,-0.2450423,0,0,0
1334,1.275979,0.06196961,0.03182738,-0.2450423,0,0,0
1335,1.276606,0.06196961,0.03182738,-0.2450423,0,0,0
1336,1.277273,0.06196961,0.03182738,-0.2450423,0,0,0
1337,1.277905,0.06196961,0.03182738,-0.2450423,0,0,0
1338,1.278546,0.06196961,0.03182738,-0.2450423,0,0,0
1339,1.27917,0.06196961,0.03182738,-0.2450423,0,0,0
1340,1.279784,0.06196961,0.03182738,-0.2450423,0,0,0
1341,1.280401,0.06196961,0.03182738,-0.2450423,0,0,0
1342,1.281237,0.06196961,0.03182738,-0.2450423,0,0,0
1343,1.281864,0.06196961,0.03182738,-0.2450423,0,0,0
1344,1.282497,0.06196961,0.03182738,-0.2450423,0,0,0
1345,1.283162,0.06196961,0.03182738,-0.2450423,0,0,0
1346,1.283921,0.06196961,0.03182738,-0.2450423,0,0,0
1347,1.284603,0.06196961,0.03182738,-0.2450423,0,0,0
1348,1.28529,0.06196961,0.03182738,-0.2450423,0,0,0
1349,1.285918,0.06196961,0.03182738,-0.2450423,0,0,0
1350,1.28655,0.06196961,0.03182738,-0.2450423,0,0,0
1351,1.287163,0.06196961,0.03182738,-0.2450423,0,0,0
1352,1.287829,0.06196961,0.03182738,-0.2450423,0,0,0
1353,1.288463,0.06196961,0.03182738,-0.2450423,0,0,0
1354,1.289071,0.06196961,0.03182738,-0.2450423,0,0,0
1355,1.28974,0.06196961,0.03182738,-0.2450423,0,0,0
1356,1.290431,0.06196961,0.03182738,-0.2450423,0,0,0
1357,1.291066,0.06196961,0.03182738,-0.2450423,0,0,0
1358,1.291714,0.06196961,0.03182738,-0.2450423,0,0,0
1359,1.292601,0.06196961,0.03182738,-0.2450423,0,0,0
1360,1.293248,0.06196961,0.03182738,-0.2450423,0,0,0
1361,1.293885,0.06196961,0.03182738,-0.2450423,0,0,0
1362,1.29451,0.06196961,0.03182738,-0.2450423,0,0,0
1363,1.295134,0.06196961,0.03182738,-0.2450423,0,0,0
1364,1.295755,0.06196961,0.03182738,-0.2450423,0,0,0
1365,1.296406,0.06196961,0.03182738,-0.2450423,0,0,0
1366,1.29704,0.06196961,0.03182738,-0.2450423,0,0,0
1367,1.29767,0.06196961,0.03182738,-0.2450423,0,0,0
1368,1.298385,0.06196961,0.03182738,-0.2450423,0,0,0
1369,1.299016,0.06196961,0.03182738,-0.2450423,0,0,0
1370,1.299648,0.06196961,0.03182738,-0.2450423,0,0,0
1371,1.300404,0.06196961,0.03182738,-0.2450423,0,0,0
1372,1.301181,0.06196961,0.03182738,-0.2450423,0,0,0
1373,1.30183,0.06196961,0.03182738,-0.2450423,0,0,0
1374,1.302474,0.06196961,0.03182738,-0.2450423,0,0,0
1375,1.303085,0.06196961,0.03182738,-0.2450423,0,0,0
1376,1.30373,0.06196961,0.03182738,-0.2450423,0,0,0
1377,1.30447,0.06196961,0.03182738,-0.2450423,0,0,0
1378,1.305173,0.06196961,0.03182738,-0.2450423,0,0,0
1379,1.305822,0.06196961,0.03182738,-0.2450423,0,0,0
1380,1.306452,0.06196961,0.03182738,-0.2450423,0,0,0
1381,1.307068,0.06196961,0.03182738,-0.2450423,0,0,0
1382,1.307696,0.06196961,0.03182738,-0.2450423,0,0,0
1383,1.308308,0.06196961,0.03182738,-0.2450423,0,0,0
1384,1.308971,0.06196961,0.03182738,-0.2450423,0,0,0
1385,1.309614,0.06196961,0.03182738,-0.2450423,0,0,0
1386,1.310262,0.06196961,0.03182738,-0.2450423,0,0,0
1387,1.310899,0.06196961,0.03182738,-0.2450423,0,0,0
1388,1.311522,0.06196961,0.03182738,-0.2450423,0,0,0
1389,1.312137,0.06196961,0.03182738,-0.2450423,0,0,0
1390,1.312757,0.06196961,0.03182738,-0.2450423,0,0,0
1391,1.313453,0.06196961,0.03182738,-0.2450423,0,0,0
1392,1.314083,0.06196961,0.03182738,-0.2450423,0,0,0
1393,1.314698,0.06196961,0.03182738,-0.2450423,0,0,0
1394,1.315311,0.06196961,0.03182738,-0.2450423,0,0,0
1395,1.315923,0.06196961,0.03182738,-0.2450423,0,0,0
1396,1.316631,0.06196961,0.03182738,-0.2450423,0,0,0
1397,1.317297,0.06196961,0.03182738,-0.2450423,0,0,0
1398,1.317939,0.06196961,0.03182738,-0.2450423,0,0,0
1399,1.318566,0.06196961,0.03182738,-0.2450423,0,0,0
1400,1.319317,0.06196961,0.03182738,-0.2450423,0,0,0
1401,1.319968,0.06196961,0.03182738,-0.2450423,0,0,0
1402,1.320616,0.06196961,0.03182738,-0.2450423,0,0,0
1403,1.321357,0.06196961,0.03182738,-0.2450423,0,0,0
1404,1.32198,0.06196961,0.03182738,-0.2450423,0,0,0
1405,1.32268,0.06196961,0.03182738,-0.2450423,0,0,0
1406,1.326134,0.06196961,0.03182738,-0.2450423,0,0,0
1407,1.326794,0.06196961,0.03182738,-0.2450423,0,0,0
1408,1.327425,0.06196961,0.03182738,-0.2450423,0,0,0
1409,1.328046,0.06196961,0.03182738,-0.2450423,0,0,0
1410,1.328661,0.06196961,0.03182738,-0.2450423,0,0,0
1411,1.329354,0.06196961,0.03182738,-0.2450423,0,0,0
1412,1.330037,0.06196961,0.03182738,-0.2450423,0,0,0
1413,1.33069,0.06196961,0.03182738,-0.2450423,0,0,0
1414,1.331319,0.06196961,0.03182738,-0.2450423,0,0,0
1415,1.331959,0.06196961,0.03182738,-0.2450423,0,0,0
1416,1.332713,0.06196961,0.03182738,-0.2450423,0,0,0
1417,1.333361,0.06196961,0.03182738,-0.2450423,0,0,0
1418,1.334037,0.06196961,0.03182738,-0.2450423,0,0,0
1419,1.334715,0.06196961,0.03182738,-0.2450423,0,0,0
1420,1.335362,0.06196961,0.03182738,-0.2450423,0,0,0
1421,1.335973,0.06196961,0.03182738,-0.2450423,0,0,0
1422,1.336594,0.06196961,0.03182738,-0.2450423,0,0,0
1423,1.33731,0.06196961,0.03182738,-0.2450423,0,0,0
1424,1.33795,0.06196961,0.03182738,-0.2450423,0,0,0
1425,1.338677,0.06196961,0.03182738,-0.2450423,0,0,0
1426,1.339338,0.06196961,0.03182738,-0.2450423,0,0,0
1427,1.340018,0.06196961,0.03182738,-0.2450423,0,0,0
1428,1.340805,0.06196961,0.03182738,-0.2450423,0,0,0
1429,1.341464,0.06196961,0.03182738,-0.2450423,0,0,0
1430,1.342121,0.06196961,0.03182738,-0.2450423,0,0,0
1431,1.342813,0.06196961,0.03182738,-0.2450423,0,0,0
1432,1.343452,0.06196961,0.03182738,-0.2450423,0,0,0
1433,1.344072,0.06196961,0.03182738,-0.2450423,0,0,0
1434,1.344696,0.06196961,0.03182738,-0.2450423,0,0,0
1435,1.345311,0.06196961,0.03182738,-0.2450423,0,0,0
1436,1.345931,0.06196961,0.03182738,-0.2450423,0,0,0
1437,1.346615,0.06196961,0.03182738,-0.2450423,0,0,0
1438,1.347266,0.06196961,0.03182738,-0.2450423,0,0,0
1439,1.347906,0.06196961,0.03182738,-0.2450423,0,0,0
1440,1.348523,0.06196961,0.03182738,-0.2450423,0,0,0
1441,1.349158,0.06196961,0.03182738,-0.2450423,0,0,0
1442,1.349782,0.06196961,0.03182738,-0.2450423,0,0,0
1443,1.350533,0.06196961,0.03182738,-0.2450423,0,0,0
1444,1.351241,0.06196961,0.03182738,-0.2450423,0,0,0
1445,1.351878,0.06196961,0.03182738,-0.2450423,0,0,0
1446,1.352497,0.06196961,0.03182738,-0.2450423,0,0,0
1447,1.353113,0.06196961,0.03182738,-0.2450423,0,0,0
1448,1.353736,0.06196961,0.03182738,-0.2450423,0,0,0
1449,1.35438,0.06196961,0.03182738,-0.2450423,0,0,0
1450,1.355031,0.06196961,0.03182738,-0.2450423,0,0,0
1451,1.355659,0.06196961,0.03182738,-0.2450423,0,0,0
1452,1.356261,0.06196961,0.03182738,-0.2450423,0,0,0
1453,1.356918,0.06196961,0.03182738,-0.2450423,0,0,0
1454,1.357605,0.06196961,0.03182738,-0.2450423,0,0,0
1455,1.358239,0.06196961,0.03182738,-0.2450423,0,0,0
1456,1.358867,0.06196961,0.03182738,-0.2450423,0,0,0
1457,1.359494,0.06196961,0.03182738,-0.2450423,0,0,0
1458,1.360161,0.06196961,0.03182738,-0.2450423,0,0,0
1459,1.36091,0.06196961,0.03182738,-0.2450423,0,0,0
1460,1.361615,0.06196961,0.03182738,-0.2450423,0,0,0
1461,1.362234,0.06196961,0.03182738,-0.2450423,0,0,0
1462,1.362858,0.06196961,0.03182738,-0.2450423,0,0,0
1463,1.363466,0.06196961,0.03182738,-0.2450423,0,0,0
1464,1.36408,0.06196961,0.03182738,-0.2450423,0,0,0
1465,1.364792,0.06196961,0.03182738,-0.2450423,0,0,0
1466,1.3655,0.06196961,0.03182738,-0.2450423,0,0,0
1467,1.366233,0.06196961,0.03182738,-0.2450423,0,0,0
1468,1.366866,0.06196961,0.03182738,-0.2450423,0,0,0
1469,1.36749,0.06196961,0.03182738,-0.2450423,0,0,0
1470,1.368122,0.06196961,0.03182738,-0.2450423,0,0,0
1471,1.368765,0.06196961,0.03182738,-0.2450423,0,0,0
1472,1.36938,0.06196961,0.03182738,-0.2450423,0,0,0
1473,1.370015,0.06196961,0.03182738,-0.2450423,0,0,0
1474,1.370656,0.06196961,0.03182738,-0.2450423,0,0,0
1475,1.371268,0.06196961,0.03182738,-0.2450423,0,0,0
1476,1.371882,0.06196961,0.03182738,-0.2450423,0,0,0
1477,1.372512,0.06196961,0.03182738,-0.2450423,0,0,0
1478,1.373122,0.06196961,0.03182738,-0.2450423,0,0,0
1479,1.373729,0.06196961,0.03182738,-0.2450423,0,0,0
1480,1.374375,0.06196961,0.03182738,-0.2450423,0,0,0
1481,1.375057,0.06196961,0.03182738,-0.2450423,0,0,0
1482,1.375881,0.06196961,0.03182738,-0.2450423,0,0,0
1483,1.37654,0.06196961,0.03182738,-0.2450423,0,0,0
1484,1.377169,0.06196961,0.03182738,-0.2450423,0,0,0
1485,1.377789,0.06196961,0.03182738,-0.2450423,0,0,0
1486,1.378391,0.06196961,0.03182738,-0.2450423,0,0,0
1487,1.379004,0.06196961,0.03182738,-0.2450423,0,0,0
1488,1.379672,0.06196961,0.03182738,-0.2450423,0,0,0
1489,1.380334,0.06196961,0.03182738,-0.2450423,0,0,0
1490,1.381147,0.06196961,0.03182738,-0.2450423,0,0,0
1491,1.381834,0.06196961,0.03182738,-0.2450423,0,0,0
1492,1.382544,0.06196961,0.03182738,-0.2450423,0,0,0
1493,1.383242,0.06196961,0.03182738,-0.2450423,0,0,0
1494,1.383964,0.06196961,0.03182738,-0.2450423,0,0,0
1495,1.384605,0.06196961,0.03182738,-0.2450423,0,0,0
1496,1.385272,0.06196961,0.03182738,-0.2450423,0,0,0
1497,1.385972,0.06196961,0.03182738,-0.2450423,0,0,0
1498,1.386595,0.06196961,0.03182738,-0.2450423,0,0,0
1499,1.387254,0.06196961,0.03182738,-0.2450423,0,0,0
1500,1.387872,0.06196961,0.03182738,-0.2450423,0,0,0
1501,1.388495,0.06196961,0.03182738,-0.2450423,0,0,0
1502,1.389162,0.06196961,0.03182738,-0.2450423,0,0,0
1503,1.389785,0.06196961,0.03182738,-0.2450423,0,0,0
1504,1.390412,0.06196961,0.03182738,-0.2450423,0,0,0
1505,1.391022,0.06196961,0.03182738,-0.2450423,0,0,0
1506,1.39163,0.06196961,0.03182738,-0.2450423,0,0,0
1507,1.392292,0.06196961,0.03182738,-0.2450423,0,0,0
1508,1.392976,0.06196961,0.03182738,-0.2450423,0,0,0
1509,1.393645,0.06196961,0.03182738,-0.2450423,0,0,0
1510,1.394321,0.06196961,0.03182738,-0.2450423,0,0,0
1511,1.395008,0.06196961,0.03182738,-0.2450423,0,0,0
1512,1.395663,0.06196961,0.03182738,-0.2450423,0,0,0
1513,1.396416,0.06196961,0.03182738,-0.2450423,0,0,0
1514,1.397109,0.06196961,0.03182738,-0.2450423,0,0,0
1515,1.397744,0.06196961,0.03182738,-0.2450423,0,0,0
1516,1.398361,0.06196961,0.03182738,-0.2450423,0,0,0
1517,1.399014,0.06196961,0.03182738,-0.2450423,0,0,0
1518,1.399636,0.06196961,0.03182738,-0.2450423,0,0,0
1519,1.400271,0.06196961,0.03182738,-0.2450423,0,0,0
1520,1.40103,0.06196961,0.03182738,-0.2450423,0,0,0
1521,1.401632,0.06196961,0.03182738,-0.2450423,0,0,0
1522,1.402256,0.06196961,0.03182738,-0.2450423,0,0,0
1523,1.402868,0.06196961,0.03182738,-0.2450423,0,0,0
1524,1.403485,0.06196961,0.03182738,-0.2450423,0,0,0
1525,1.404133,0.06196961,0.03182738,-0.2450423,0,0,0
1526,1.404873,0.06196961,0.03182738,-0.2450423,0,0,0
1527,1.405549,0.06196961,0.03182738,-0.2450423,0,0,0
1528,1.406307,0.06196961,0.03182738,-0.2450423,0,0,0
1529,1.40694,0.06196961,0.03182738,-0.2450423,0,0,0
1530,1.407559,0.06196961,0.03182738,-0.2450423,0,0,0
1531,1.408193,0.06196961,0.03182738,-0.2450423,0,0,0
1532,1.408851,0.06196961,0.03182738,-0.2450423,0,0,0
1533,1.409536,0.06196961,0.03182738,-0.2450423,0,0,0
1534,1.410327,0.06196961,0.03182738,-0.2450423,0,0,0
1535,1.410967,0.06196961,0.03182738,-0.2450423,0,0,0
1536,1.41158,0.06196961,0.03182738,-0.2450423,0,0,0
1537,1.412202,0.06196961,0.03182738,-0.2450423,0,0,0
1538,1.412873,0.06196961,0.03182738,-0.2450423,0,0,0
1539,1.413545,0.06196961,0.03182738,-0.2450423,0,0,0
1540,1.414199,0.06196961,0.03182738,-0.2450423,0,0,0
1541,1.414807,0.06196961,0.03182738,-0.2450423,0,0,0
1542,1.415414,0.06196961,0.03182738,-0.2450423,0,0,0
1543,1.416069,0.06196961,0.03182738,-0.2450423,0,0,0
1544,1.416708,0.06196961,0.03182738,-0.2450423,0,0,0
1545,1.417368,0.06196961,0.03182738,-0.2450423,0,0,0
1546,1.41803,0.06196961,0.03182738,-0.2450423,0,0,0
1547,1.418648,0.06196961,0.03182738,-0.2450423,0,0,0
1548,1.419312,0.06196961,0.03182738,-0.2450423,0,0,0
1549,1.419952,0.06196961,0.03182738,-0.2450423,0,0,0
1550,1.420573,0.06196961,0.03182738,-0.2450423,0,0,0
1551,1.421352,0.06196961,0.03182738,-0.2450423,0,0,0
1552,1.421999,0.06196961,0.03182738,-0.2450423,0,0,0
1553,1.422734,0.06196961,0.03182738,-0.2450423,0,0,0
1554,1.423446,0.06196961,0.03182738,-0.2450423,0,0,0
1555,1.424084,0.06196961,0.03182738,-0.2450423,0,0,0
1556,1.424873,0.06196961,0.03182738,-0.2450423,0,0,0
1557,1.425562,0.06196961,0.03182738,-0.2450423,0,0,0
1558,1.426218,0.06196961,0.03182738,-0.2450423,0,0,0
1559,1.426838,0.06196961,0.03182738,-0.2450423,0,0,0
1560,1.42746,0.06196961,0.03182738,-0.2450423,0,0,0
1561,1.428148,0.06196961,0.03182738,-0.2450423,0,0,0
1562,1.428775,0.06196961,0.03182738,-0.2450423,0,0,0
1563,1.429399,0.06196961,0.03182738,-0.2450423,0,0,0
1564,1.430014,0.06196961,0.03182738,-0.2450423,0,0,0
1565,1.430625,0.06196961,0.03182738,-0.2450423,0,0,0
1566,1.431239,0.06196961,0.03182738,-0.2450423,0,0,0
1567,1.431851,0.06196961,0.03182738,-0.2450423,0,0,0
1568,1.432467,0.06196961,0.03182738,-0.2450423,0,0,0
1569,1.433079,0.06196961,0.03182738,-0.2450423,0,0,0
1570,1.433687,0.06196961,0.03182738,-0.2450423,0,0,0
1571,1.434296,0.06196961,0.03182738,-0.2450423,0,0,0
1572,1.43491,0.06196961,0.03182738,-0.2450423,0,0,0
1573,1.435538,0.06196961,0.03182738,-0.2450423,0,0,0
1574,1.436277,0.06196961,0.03182738,-0.2450423,0,0,0
1575,1.436937,0.06196961,0.03182738,-0.2450423,0,0,0
1576,1.437557,0.06196961,0.03182738,-0.2450423,0,0,0
1577,1.438171,0.06196961,0.03182738,-0.2450423,0,0,0
1578,1.438804,0.06196961,0.03182738,-0.2450423,0,0,0
1579,1.439455,0.06196961,0.03182738,-0.2450423,0,0,0
1580,1.440089,0.06196961,0.03182738,-0.2450423,0,0,0
1581,1.44091,0.06196961,0.03182738,-0.2450423,0,0,0
1582,1.441535,0.06196961,0.03182738,-0.2450423,0,0,0
1583,1.442144,0.06196961,0.03182738,-0.2450423,0,0,0
1584,1.442752,0.06196961,0.03182738,-0.2450423,0,0,0
1585,1.443566,0.06196961,0.03182738,-0.2450423,0,0,0
1586,1.444225,0.06196961,0.03182738,-0.2450423,0,0,0
1587,1.444867,0.06196961,0.03182738,-0.2450423,0,0,0
1588,1.445493,0.06196961,0.03182738,-0.2450423,0,0,0
1589,1.446112,0.06196961,0.03182738,-0.2450423,0,0,0
1590,1.446738,0.06196961,0.03182738,-0.2450423,0,0,0
1591,1.447383,0.06196961,0.03182738,-0.2450423,0,0,0
1592,1.448006,0.06196961,0.03182738,-0.2450423,0,0,0
1593,1.448615,0.06196961,0.03182738,-0.2450423,0,0,0
1594,1.449241,0.06196961,0.03182738,-0.2450423,0,0,0
1595,1.449854,0.06196961,0.03182738,-0.2450423,0,0,0
1596,1.450495,0.06196961,0.03182738,-0.2450423,0,0,0
1597,1.451113,0.06196961,0.03182738,-0.2450423,0,0,0
1598,1.451743,0.06196961,0.03182738,-0.2450423,0,0,0
1599,1.452354,0.06196961,0.03182738,-0.2450423,0,0,0
1600,1.453008,0.06196961,0.03182738,-0.2450423,0,0,0
1601,1.453627,0.06196961,0.03182738,-0.2450423,0,0,0
1602,1.454231,0.06196961,0.03182738,-0.2450423,0,0,0
1603,1.454877,0.06196961,0.03182738,-0.2450423,0,0,0
1604,1.455582,0.06196961,0.03182738,-0.2450423,0,0,0
1605,1.456392,0.06196961,0.03182738,-0.2450423,0,0,0
1606,1.457057,0.06196961,0.03182738,-0.2450423,0,0,0
1607,1.457688,0.06196961,0.03182738,-0.2450423,0,0,0
1608,1.458304,0.06196961,0.03182738,-0.2450423,0,0,0
1609,1.458945,0.06196961,0.03182738,-0.2450423,0,0,0
1610,1.459566,0.06196961,0.03182738,-0.2450423,0,0,0
1611,1.460213,0.06196961,0.03182738,-0.2450423,0,0,0
1612,1.460982,0.06196961,0.03182738,-0.2450423,0,0,0
1613,1.46162,0.06196961,0.03182738,-0.2450423,0,0,0
1614,1.462224,0.06196961,0.03182738,-0.2450423,0,0,0
1615,1.462834,0.06196961,0.03182738,-0.2450423,0,0,0
1616,1.463458,0.06196961,0.03182738,-0.2450423,0,0,0
1617,1.464072,0.06196961,0.03182738,-0.2450423,0,0,0
1618,1.464698,0.06196961,0.03182738,-0.2450423,0,0,0
1619,1.465341,0.06196961,0.03182738,-0.2450423,0,0,0
1620,1.465986,0.06196961,0.03182738,-0.2450423,0,0,0
1621,1.466633,0.06196961,0.03182738,-0.2450423,0,0,0
1622,1.467332,0.06196961,0.03182738,-0.2450423,0,0,0
1623,1.470581,0.06196961,0.03182738,-0.2450423,0,0,0
1624,1.471304,0.06196961,0.03182738,-0.2450423,0,0,0
1625,1.471984,0.06196961,0.03182738,-0.2450423,0,0,0
1626,1.472589,0.06196961,0.03182738,-0.2450423,0,0,0
1627,1.473237,0.06196961,0.03182738,-0.2450423,0,0,0
1628,1.473904,0.06196961,0.03182738,-0.2450423,0,0,0
1629,1.474509,0.06196961,0.03182738,-0.2450423,0,0,0
1630,1.475155,0.06196961,0.03182738,-0.2450423,0,0,0
1631,1.476095,0.0619678,0.03190383,-0.2450311,0.0008834401,0.0008834401,-0.0002884612
1632,1.476963,0.0619678,0.03190383,-0.2450311,0.0008834401,0.0008834401,-0.0002884612
1633,1.477613,0.0619678,0.03190383,-0.2450311,0.0008834401,0.0008834401,-0.0002884612
1634,1.47826,0.0619678,0.03190383,-0.2450311,0.0008834401,0.0008834401,-0.0002884612
1635,1.478929,0.0619678,0.03190383,-0.2450311,0.0008834401,0.0008834401,-0.0002884612
1636,1.479584,0.0619678,0.03190383,-0.2450311,0.0008834401,0.0008834401,-0.0002884612
1637,1.480219,0.0619678,0.03190383,-0.2450311,0.0008834401,0.0008834401,-0.0002884612
1638,1.481002,0.0619678,0.03190383,-0.2450311,0.0008834401,0.0008834401,-0.0002884612
1639,1.481688,0.0619678,0.03190383,-0.2450311,0.0008834401,0.0008834401,-0.0002884612
1640,1.482325,0.0619678,0.03190383,-0.2450311,0.0008834401,0.0008834401,-0.0002884612
1641,1.482943,0.0619678,0.03190383,-0.2450311,0.0008834401,0.0008834401,-0.0002884612
1642,1.483612,0.0619678,0.03190383,-0.2450311,0.0008834401,0.0008834401,-0.0002884612
1643,1.484278,0.0619678,0.03190383,-0.2450311,0.0008834401,0.0008834401,-0.0002884612
1644,1.484925,0.0619678,0.03190383,-0.2450311,0.0008834401,0.0008834401,-0.0002884612
1645,1.485526,0.0619678,0.03190383,-0.2450311,0.0008834401,0.0008834401,-0.0002884612
1646,1.486147,0.0619678,0.03190383,-0.2450311,0.0008834401,0.0008834401,-0.0002884612
1647,1.486897,0.0619678,0.03190383,-0.2450311,0.0008834401,0.0008834401,-0.0002884612
1648,1.487642,0.0619678,0.03190383,-0.2450311,0.0008834401,0.0008834401,-0.0002884612
1649,1.488313,0.0619678,0.03190383,-0.2450311,0.0008834401,0.0008834401,-0.0002884612
1650,1.488938,0.0619678,0.03190383,-0.2450311,0.0008834401,0.0008834401,-0.0002884612
1651,1.489583,0.0619678,0.03190383,-0.2450311,0.0008834401,0.0008834401,-0.0002884612
1652,1.490236,0.0619678,0.03190383,-0.2450311,0.0008834401,0.0008834401,-0.0002884612
1653,1.490932,0.0619678,0.03190383,-0.2450311,0.0008834401,0.0008834401,-0.0002884612
1654,1.491598,0.0619678,0.03190383,-0.2450311,0.0008834401,0.0008834401,-0.0002884612
1655,1.492272,0.0619678,0.03190383,-0.2450311,0.0008834401,0.0008834401,-0.0002884612
1656,1.492921,0.0619678,0.03190383,-0.2450311,0.0008834401,0.0008834401,-0.0002884612
1657,1.493579,0.0619678,0.03190383,-0.2450311,0.0008834401,0.0008834401,-0.0002884612
1658,1.49421,0.0619678,0.03190383,-0.2450311,0.0008834401,0.0008834401,-0.0002884612
1659,1.494824,0.0619678,0.03190383,-0.2450311,0.0008834401,0.0008834401,-0.0002884612
1660,1.495445,0.0619678,0.03190383,-0.2450311,0.0008834401,0.0008834401,-0.0002884612
1661,1.496164,0.0619678,0.03190383,-0.2450311,0.0008834401,0.0008834401,-0.0002884612
1662,1.496812,0.0619678,0.03190383,-0.2450311,0.0008834401,0.0008834401,-0.0002884612
1663,1.497423,0.0619678,0.03190383,-0.2450311,0.0008834401,0.0008834401,-0.0002884612
1664,1.498034,0.0619678,0.03190383,-0.2450311,0.0008834401,0.0008834401,-0.0002884612
1665,1.498638,0.0619678,0.03190383,-0.2450311,0.0008834401,0.0008834401,-0.0002884612
1666,1.499284,0.0619678,0.03190383,-0.2450311,0.0008834401,0.0008834401,-0.0002884612
1667,1.499954,0.0619678,0.03190383,-0.2450311,0.0008834401,0.0008834401,-0.0002884612
1668,1.500627,0.0619678,0.03190383,-0.2450311,0.0008834401,0.0008834401,-0.0002884612
1669,1.501369,0.0619678,0.03190383,-0.2450311,0.0008834401,0.0008834401,-0.0002884612
1670,1.501989,0.0619678,0.03190383,-0.2450311,0.0008834401,0.0008834401,-0.0002884612
1671,1.502625,0.0619678,0.03190383,-0.2450311,0.0008834401,0.0008834401,-0.0002884612
1672,1.503385,0.0619678,0.03190383,-0.2450311,0.0008834401,0.0008834401,-0.0002884612
1673,1.504004,0.0619678,0.03190383,-0.2450311,0.0008834401,0.0008834401,-0.0002884612
1674,1.504628,0.0619678,0.03190383,-0.2450311,0.0008834401,0.0008834401,-0.0002884612
1675,1.50528,0.0619678,0.03190383,-0.2450311,0.0008834401,0.0008834401,-0.0002884612
1676,1.50602,0.0619678,0.03190383,-0.2450311,0.0008834401,0.0008834401,-0.0002884612
1677,1.506691,0.0619678,0.03190383,-0.2450311,0.0008834401,0.0008834401,-0.0002884612
1678,1.507314,0.0619678,0.03190383,-0.2450311,0.0008834401,0.0008834401,-0.0002884612
1679,1.508054,0.0619678,0.03190383,-0.2450311,0.0008834401,0.0008834401,-0.0002884612
1680,1.508773,0.0619678,0.03190383,-0.2450311,0.0008834401,0.0008834401,-0.0002884612
1681,1.509398,0.0619678,0.03190383,-0.2450311,0.0008834401,0.0008834401,-0.0002884612
1682,1.510035,0.0619678,0.03190383,-0.2450311,0.0008834401,0.0008834401,-0.0002884612
1683,1.51066,0.0619678,0.03190383,-0.2450311,0.0008834401,0.0008834401,-0.0002884612
1684,1.511278,0.0619678,0.03190383,-0.2450311,0.0008834401,0.0008834401,-0.0002884612
1685,1.511887,0.0619678,0.03190383,-0.2450311,0.0008834401,0.0008834401,-0.0002884612
1686,1.512526,0.0619678,0.03190383,-0.2450311,0.0008834401,0.0008834401,-0.0002884612
1687,1.513172,0.0619678,0.03190383,-0.2450311,0.0008834401,0.0008834401,-0.0002884612
1688,1.513811,0.0619678,0.03190383,-0.2450311,0.0008834401,0.0008834401,-0.0002884612
1689,1.514474,0.0619678,0.03190383,-0.2450311,0.0008834401,0.0008834401,-0.0002884612
1690,1.515101,0.0619678,0.03190383,-0.2450311,0.0008834401,0.0008834401,-0.0002884612
1691,1.515741,0.0619678,0.03190383,-0.2450311,0.0008834401,0.0008834401,-0.0002884612
1692,1.51639,0.0619678,0.03190383,-0.2450311,0.0008834401,0.0008834401,-0.0002884612
1693,1.517056,0.0619678,0.03190383,-0.2450311,0.0008834401,0.0008834401,-0.0002884612
1694,1.517681,0.0619678,0.03190383,-0.2450311,0.0008834401,0.0008834401,-0.0002884612
1695,1.518306,0.0619678,0.03190383,-0.2450311,0.0008834401,0.0008834401,-0.0002884612
1696,1.518925,0.0619678,0.03190383,-0.2450311,0.0008834401,0.0008834401,-0.0002884612
1697,1.519569,0.0619678,0.03190383,-0.2450311,0.0008834401,0.0008834401,-0.0002884612
1698,1.520316,0.0619678,0.03190383,-0.2450311,0.0008834401,0.0008834401,-0.0002884612
1699,1.521084,0.0619678,0.03190383,-0.2450311,0.0008834401,0.0008834401,-0.0002884612
1700,1.521703,0.0619678,0.03190383,-0.2450311,0.0008834401,0.0008834401,-0.0002884612
1701,1.522441,0.0619678,0.03190383,-0.2450311,0.0008834401,0.0008834401,-0.0002884612
1702,1.523122,0.0619678,0.03190383,-0.2450311,0.0008834401,0.0008834401,-0.0002884612
1703,1.523775,0.0619678,0.03190383,-0.2450311,0.0008834401,0.0008834401,-0.0002884612
1704,1.524485,0.0619678,0.03190383,-0.2450311,0.0008834401,0.0008834401,-0.0002884612
1705,1.525267,0.0619678,0.03190383,-0.2450311,0.0008834401,0.0008834401,-0.0002884612
1706,1.525977,0.0619678,0.03190383,-0.2450311,0.0008834401,0.0008834401,-0.0002884612
1707,1.52666,0.0619678,0.03190383,-0.2450311,0.0008834401,0.0008834401,-0.0002884612
1708,1.527296,0.0619678,0.03190383,-0.2450311,0.0008834401,0.0008834401,-0.0002884612
1709,1.527898,0.0619678,0.03190383,-0.2450311,0.0008834401,0.0008834401,-0.0002884612
1710,1.528517,0.0619678,0.03190383,-0.2450311,0.0008834401,0.0008834401,-0.0002884612
1711,1.529168,0.0619678,0.03190383,-0.2450311,0.0008834401,0.0008834401,-0.0002884612
1712,1.529827,0.0619678,0.03190383,-0.2450311,0.0008834401,0.0008834401,-0.0002884612
1713,1.530472,0.0619678,0.03190383,-0.2450311,0.0008834401,0.0008834401,-0.0002884612
1714,1.531082,0.0619678,0.03190383,-0.2450311,0.0008834401,0.0008834401,-0.0002884612
1715,1.531698,0.0619678,0.03190383,-0.2450311,0.0008834401,0.0008834401,-0.0002884612
1716,1.532326,0.0619678,0.03190383,-0.2450311,0.0008834401,0.0008834401,-0.0002884612
1717,1.53314,0.0619678,0.03190383,-0.2450311,0.0008834401,0.0008834401,-0.0002884612
1718,1.533814,0.0619678,0.03190383,-0.2450311,0.0008834401,0.0008834401,-0.0002884612
1719,1.534594,0.0619678,0.03190383,-0.2450311,0.0008834401,0.0008834401,-0.0002884612
1720,1.535244,0.0619678,0.03190383,-0.2450311,0.0008834401,0.0008834401,-0.0002884612
1721,1.536029,0.0619678,0.03190383,-0.2450311,0.0008834401,0.0008834401,-0.0002884612
1722,1.536759,0.0619678,0.03190383,-0.2450311,0.0008834401,0.0008834401,-0.0002884612
1723,1.537431,0.0619678,0.03190383,-0.2450311,0.0008834401,0.0008834401,-0.0002884612
1724,1.538144,0.0619678,0.03190383,-0.2450311,0.0008834401,0.0008834401,-0.0002884612
1725,1.538823,0.0619678,0.03190383,-0.2450311,0.0008834401,0.0008834401,-0.0002884612
1726,1.539497,0.0619678,0.03190383,-0.2450311,0.0008834401,0.0008834401,-0.0002884612
1727,1.540161,0.0619678,0.03190383,-0.2450311,0.0008834401,0.0008834401,-0.0002884612
1728,1.540954,0.0619678,0.03190383,-0.2450311,0.0008834401,0.0008834401,-0.0002884612
1729,1.541593,0.0619678,0.03190383,-0.2450311,0.0008834401,0.0008834401,-0.0002884612
1730,1.542235,0.0619678,0.03190383,-0.2450311,0.0008834401,0.0008834401,-0.0002884612
1731,1.542868,0.0619678,0.03190383,-0.2450311,0.0008834401,0.0008834401,-0.0002884612
1732,1.543487,0.0619678,0.03190383,-0.2450311,0.0008834401,0.0008834401,-0.0002884612
1733,1.544142,0.0619678,0.03190383,-0.2450311,0.0008834401,0.0008834401,-0.0002884612
1734,1.544888,0.0619678,0.03190383,-0.2450311,0.0008834401,0.0008834401,-0.0002884612
1735,1.54558,0.0619678,0.03190383,-0.2450311,0.0008834401,0.0008834401,-0.0002884612
1736,1.54622,0.0619678,0.03190383,-0.2450311,0.0008834401,0.0008834401,-0.0002884612
1737,1.546963,0.0619678,0.03190383,-0.2450311,0.0008834401,0.0008834401,-0.0002884612
1738,1.547706,0.0619678,0.03190383,-0.2450311,0.0008834401,0.0008834401,-0.0002884612
1739,1.548403,0.0619678,0.03190383,-0.2450311,0.0008834401,0.0008834401,-0.0002884612
1740,1.549027,0.0619678,0.03190383,-0.2450311,0.0008834401,0.0008834401,-0.0002884612
1741,1.549652,0.0619678,0.03190383,-0.2450311,0.0008834401,0.0008834401,-0.0002884612
1742,1.550278,0.0619678,0.03190383,-0.2450311,0.0008834401,0.0008834401,-0.0002884612
1743,1.550929,0.0619678,0.03190383,-0.2450311,0.0008834401,0.0008834401,-0.0002884612
1744,1.551546,0.0619678,0.03190383,-0.2450311,0.0008834401,0.0008834401,-0.0002884612
1745,1.552174,0.0619678,0.03190383,-0.2450311,0.0008834401,0.0008834401,-0.0002884612
1746,1.552811,0.0619678,0.03190383,-0.2450311,0.0008834401,0.0008834401,-0.0002884612
1747,1.553433,0.0619678,0.03190383,-0.2450311,0.0008834401,0.0008834401,-0.0002884612
1748,1.554044,0.0619678,0.03190383,-0.2450311,0.0008834401,0.0008834401,-0.0002884612
1749,1.554676,0.0619678,0.03190383,-0.2450311,0.0008834401,0.0008834401,-0.0002884612
1750,1.555295,0.0619678,0.03190383,-0.2450311,0.0008834401,0.0008834401,-0.0002884612
1751,1.55591,0.0619678,0.03190383,-0.2450311,0.0008834401,0.0008834401,-0.0002884612
1752,1.556553,0.0619678,0.03190383,-0.2450311,0.0008834401,0.0008834401,-0.0002884612
1753,1.55721,0.0619678,0.03190383,-0.2450311,0.0008834401,0.0008834401,-0.0002884612
1754,1.557829,0.0619678,0.03190383,-0.2450311,0.0008834401,0.0008834401,-0.0002884612
1755,1.558445,0.0619678,0.03190383,-0.2450311,0.0008834401,0.0008834401,-0.0002884612
1756,1.559119,0.0619678,0.03190383,-0.2450311,0.0008834401,0.0008834401,-0.0002884612
1757,1.559817,0.0619678,0.03190383,-0.2450311,0.0008834401,0.0008834401,-0.0002884612
1758,1.560513,0.0619678,0.03190383,-0.2450311,0.0008834401,0.0008834401,-0.0002884612
1759,1.561291,0.0619678,0.03190383,-0.2450311,0.0008834401,0.0008834401,-0.0002884612
1760,1.561941,0.0619678,0.03190383,-0.2450311,0.0008834401,0.0008834401,-0.0002884612
1761,1.562573,0.0619678,0.03190383,-0.2450311,0.0008834401,0.0008834401,-0.0002884612
1762,1.563233,0.0619678,0.03190383,-0.2450311,0.0008834401,0.0008834401,-0.0002884612
1763,1.563895,0.0619678,0.03190383,-0.2450311,0.0008834401,0.0008834401,-0.0002884612
1764,1.56452,0.0619678,0.03190383,-0.2450311,0.0008834401,0.0008834401,-0.0002884612
1765,1.565148,0.0619678,0.03190383,-0.2450311,0.0008834401,0.0008834401,-0.0002884612
1766,1.565774,0.0619678,0.03190383,-0.2450311,0.0008834401,0.0008834401,-0.0002884612
1767,1.5664,0.0619678,0.03190383,-0.2450311,0.0008834401,0.0008834401,-0.0002884612
1768,1.56708,0.0619678,0.03190383,-0.2450311,0.0008834401,0.0008834401,-0.0002884612
1769,1.567726,0.0619678,0.03190383,-0.2450311,0.0008834401,0.0008834401,-0.0002884612
1770,1.568378,0.0619678,0.03190383,-0.2450311,0.0008834401,0.0008834401,-0.0002884612
1771,1.569009,0.0619678,0.03190383,-0.2450311,0.0008834401,0.0008834401,-0.0002884612
1772,1.569793,0.0619678,0.03190383,-0.2450311,0.0008834401,0.0008834401,-0.0002884612
1773,1.5706,0.0619678,0.03190383,-0.2450311,0.0008834401,0.0008834401,-0.0002884612
1774,1.571257,0.0619678,0.03190383,-0.2450311,0.0008834401,0.0008834401,-0.0002884612
1775,1.571886,0.0619678,0.03190383,-0.2450311,0.0008834401,0.0008834401,-0.0002884612
1776,1.572505,0.0619678,0.03190383,-0.2450311,0.0008834401,0.0008834401,-0.0002884612
1777,1.573132,0.0619678,0.03190383,-0.2450311,0.0008834401,0.0008834401,-0.0002884612
1778,1.573747,0.0619678,0.03190383,-0.2450311,0.0008834401,0.0008834401,-0.0002884612
1779,1.574358,0.0619678,0.03190383,-0.2450311,0.0008834401,0.0008834401,-0.0002884612
1780,1.574999,0.0619678,0.03190383,-0.2450311,0.0008834401,0.0008834401,-0.0002884612
1781,1.575622,0.0619678,0.03190383,-0.2450311,0.0008834401,0.0008834401,-0.0002884612
1782,1.576229,0.0619678,0.03190383,-0.2450311,0.0008834401,0.0008834401,-0.0002884612
1783,1.576855,0.0619678,0.03190383,-0.2450311,0.0008834401,0.0008834401,-0.0002884612
1784,1.577477,0.0619678,0.03190383,-0.2450311,0.0008834401,0.0008834401,-0.0002884612
1785,1.578173,0.0619678,0.03190383,-0.2450311,0.0008834401,0.0008834401,-0.0002884612
1786,1.578843,0.0619678,0.03190383,-0.2450311,0.0008834401,0.0008834401,-0.0002884612
1787,1.579511,0.0619678,0.03190383,-0.2450311,0.0008834401,0.0008834401,-0.0002884612
1788,1.580138,0.0619678,0.03190383,-0.2450311,0.0008834401,0.0008834401,-0.0002884612
1789,1.580886,0.0619678,0.03190383,-0.2450311,0.0008834401,0.0008834401,-0.0002884612
1790,1.581491,0.0619678,0.03190383,-0.2450311,0.0008834401,0.0008834401,-0.0002884612
1791,1.582106,0.0619678,0.03190383,-0.2450311,0.0008834401,0.0008834401,-0.0002884612
1792,1.582732,0.0619678,0.03190383,-0.2450311,0.0008834401,0.0008834401,-0.0002884612
1793,1.58345,0.0619678,0.03190383,-0.2450311,0.0008834401,0.0008834401,-0.0002884612
1794,1.584223,0.0619678,0.03190383,-0.2450311,0.0008834401,0.0008834401,-0.0002884612
1795,1.584873,0.0619678,0.03190383,-0.2450311,0.0008834401,0.0008834401,-0.0002884612
1796,1.585512,0.0619678,0.03190383,-0.2450311,0.0008834401,0.0008834401,-0.0002884612
1797,1.586171,0.0619678,0.03190383,-0.2450311,0.0008834401,0.0008834401,-0.0002884612
1798,1.586795,0.0619678,0.03190383,-0.2450311,0.0008834401,0.0008834401,-0.0002884612
1799,1.587428,0.0619678,0.03190383,-0.2450311,0.0008834401,0.0008834401,-0.0002884612
1800,1.588079,0.0619678,0.03190383,-0.2450311,0.0008834401,0.0008834401,-0.0002884612
1801,1.588756,0.0619678,0.03190383,-0.2450311,0.0008834401,0.0008834401,-0.0002884612
1802,1.589416,0.0619678,0.03190383,-0.2450311,0.0008834401,0.0008834401,-0.0002884612
1803,1.590049,0.0619678,0.03190383,-0.2450311,0.0008834401,0.0008834401,-0.0002884612
1804,1.590678,0.0619678,0.03190383,-0.2450311,0.0008834401,0.0008834401,-0.0002884612
1805,1.591303,0.0619678,0.03190383,-0.2450311,0.0008834401,0.0008834401,-0.0002884612
1806,1.591977,0.0619678,0.03190383,-0.2450311,0.0008834401,0.0008834401,-0.0002884612
1807,1.592706,0.0619678,0.03190383,-0.2450311,0.0008834401,0.0008834401,-0.0002884612
1808,1.593463,0.0619678,0.03190383,-0.2450311,0.0008834401,0.0008834401,-0.0002884612
1809,1.594159,0.0619678,0.03190383,-0.2450311,0.0008834401,0.0008834401,-0.0002884612
1810,1.594798,0.0619678,0.03190383,-0.2450311,0.0008834401,0.0008834401,-0.0002884612
1811,1.595436,0.0619678,0.03190383,-0.2450311,0.0008834401,0.0008834401,-0.0002884612
1812,1.596061,0.0619678,0.03190383,-0.2450311,0.0008834401,0.0008834401,-0.0002884612
1813,1.596696,0.0619678,0.03190383,-0.2450311,0.0008834401,0.0008834401,-0.0002884612
1814,1.597303,0.0619678,0.03190383,-0.2450311,0.0008834401,0.0008834401,-0.0002884612
1815,1.597919,0.0619678,0.03190383,-0.2450311,0.0008834401,0.0008834401,-0.0002884612
1816,1.598575,0.0619678,0.03190383,-0.2450311,0.0008834401,0.0008834401,-0.0002884612
1817,1.599209,0.0619678,0.03190383,-0.2450311,0.0008834401,0.0008834401,-0.0002884612
1818,1.599854,0.0619678,0.03190383,-0.2450311,0.0008834401,0.0008834401,-0.0002884612
1819,1.600577,0.0619678,0.03190383,-0.2450311,0.0008834401,0.0008834401,-0.0002884612
1820,1.601378,0.0619678,0.03190383,-0.2450311,0.0008834401,0.0008834401,-0.0002884612
1821,1.601999,0.0619678,0.03190383,-0.2450311,0.0008834401,0.0008834401,-0.0002884612
1822,1.602643,0.0619678,0.03190383,-0.2450311,0.0008834401,0.0008834401,-0.0002884612
1823,1.60331,0.0619678,0.03190383,-0.2450311,0.0008834401,0.0008834401,-0.0002884612
1824,1.603947,0.0619678,0.03190383,-0.2450311,0.0008834401,0.0008834401,-0.0002884612
1825,1.604574,0.0619678,0.03190383,-0.2450311,0.0008834401,0.0008834401,-0.0002884612
1826,1.60522,0.0619678,0.03190383,-0.2450311,0.0008834401,0.0008834401,-0.0002884612
1827,1.605874,0.0619678,0.03190383,-0.2450311,0.0008834401,0.0008834401,-0.0002884612
1828,1.606499,0.0619678,0.03190383,-0.2450311,0.0008834401,0.0008834401,-0.0002884612
1829,1.60712,0.0619678,0.03190383,-0.2450311,0.0008834401,0.0008834401,-0.0002884612
1830,1.607805,0.0619678,0.03190383,-0.2450311,0.0008834401,0.0008834401,-0.0002884612
1831,1.608449,0.0619678,0.03190383,-0.2450311,0.0008834401,0.0008834401,-0.0002884612
1832,1.609118,0.0619678,0.03190383,-0.2450311,0.0008834401,0.0008834401,-0.0002884612
1833,1.609722,0.0619678,0.03190383,-0.2450311,0.0008834401,0.0008834401,-0.0002884612
1834,1.610357,0.0619678,0.03190383,-0.2450311,0.0008834401,0.0008834401,-0.0002884612
1835,1.610998,0.0619678,0.03190383,-0.2450311,0.0008834401,0.0008834401,-0.0002884612
1836,1.611636,0.0619678,0.03190383,-0.2450311,0.0008834401,0.0008834401,-0.0002884612
1837,1.612248,0.0619678,0.03190383,-0.2450311,0.0008834401,0.0008834401,-0.0002884612
1838,1.61287,0.0619678,0.03190383,-0.2450311,0.0008834401,0.0008834401,-0.0002884612
1839,1.613494,0.0619678,0.03190383,-0.2450311,0.0008834401,0.0008834401,-0.0002884612
1840,1.61413,0.0619678,0.03190383,-0.2450311,0.0008834401,0.0008834401,-0.0002884612
1841,1.614774,0.0619678,0.03190383,-0.2450311,0.0008834401,0.0008834401,-0.0002884612
1842,1.615397,0.0619678,0.03190383,-0.2450311,0.0008834401,0.0008834401,-0.0002884612
1843,1.616032,0.0619678,0.03190383,-0.2450311,0.0008834401,0.0008834401,-0.0002884612
1844,1.61665,0.0619678,0.03190383,-0.2450311,0.0008834401,0.0008834401,-0.0002884612
1845,1.617259,0.0619678,0.03190383,-0.2450311,0.0008834401,0.0008834401,-0.0002884612
1846,1.61788,0.0619678,0.03190383,-0.2450311,0.0008834401,0.0008834401,-0.0002884612
1847,1.618499,0.0619678,0.03190383,-0.2450311,0.0008834401,0.0008834401,-0.0002884612
1848,1.619105,0.0619678,0.03190383,-0.2450311,0.0008834401,0.0008834401,-0.0002884612
1849,1.619738,0.0619678,0.03190383,-0.2450311,0.0008834401,0.0008834401,-0.0002884612
1850,1.620388,0.0619678,0.03190383,-0.2450311,0.0008834401,0.0008834401,-0.0002884612
1851,1.621131,0.0619678,0.03190383,-0.2450311,0.0008834401,0.0008834401,-0.0002884612
1852,1.621754,0.0619678,0.03190383,-0.2450311,0.0008834401,0.0008834401,-0.0002884612
1853,1.62238,0.0619678,0.03190383,-0.2450311,0.0008834401,0.0008834401,-0.0002884612
1854,1.623088,0.0619678,0.03190383,-0.2450311,0.0008834401,0.0008834401,-0.0002884612
1855,1.623778,0.0619678,0.03190383,-0.2450311,0.0008834401,0.0008834401,-0.0002884612
1856,1.627283,0.0619678,0.03190383,-0.2450311,0.0008834401,0.0008834401,-0.0002884612
1857,1.627983,0.0619678,0.03190383,-0.2450311,0.0008834401,0.0008834401,-0.0002884612
1858,1.628612,0.0619678,0.03190383,-0.2450311,0.0008834401,0.0008834401,-0.0002884612
1859,1.629247,0.0619678,0.03190383,-0.2450311,0.0008834401,0.0008834401,-0.0002884612
1860,1.629863,0.0619678,0.03190383,-0.2450311,0.0008834401,0.0008834401,-0.0002884612
1861,1.63052,0.0619678,0.03190383,-0.2450311,0.0008834401,0.0008834401,-0.0002884612
1862,1.631263,0.0619678,0.03190383,-0.2450311,0.0008834401,0.0008834401,-0.0002884612
1863,1.631902,0.0619678,0.03190383,-0.2450311,0.0008834401,0.0008834401,-0.0002884612
1864,1.632519,0.0619678,0.03190383,-0.2450311,0.0008834401,0.0008834401,-0.0002884612
1865,1.633123,0.0619678,0.03190383,-0.2450311,0.0008834401,0.0008834401,-0.0002884612
1866,1.633761,0.0619678,0.03190383,-0.2450311,0.0008834401,0.0008834401,-0.0002884612
1867,1.634401,0.0619678,0.03190383,-0.2450311,0.0008834401,0.0008834401,-0.0002884612
1868,1.635013,0.0619678,0.03190383,-0.2450311,0.0008834401,0.0008834401,-0.0002884612
1869,1.635626,0.0619678,0.03190383,-0.2450311,0.0008834401,0.0008834401,-0.0002884612
1870,1.63625,0.0619678,0.03190383,-0.2450311,0.0008834401,0.0008834401,-0.0002884612
1871,1.636865,0.0619678,0.03190383,-0.2450311,0.0008834401,0.0008834401,-0.0002884612
1872,1.637467,0.0619678,0.03190383,-0.2450311,0.0008834401,0.0008834401,-0.0002884612
1873,1.638091,0.0619678,0.03190383,-0.2450311,0.0008834401,0.0008834401,-0.0002884612
1874,1.638775,0.0619678,0.03190383,-0.2450311,0.0008834401,0.0008834401,-0.0002884612
1875,1.639437,0.0619678,0.03190383,-0.2450311,0.0008834401,0.0008834401,-0.0002884612
1876,1.640066,0.0619678,0.03190383,-0.2450311,0.0008834401,0.0008834401,-0.0002884612
1877,1.640833,0.0619678,0.03190383,-0.2450311,0.0008834401,0.0008834401,-0.0002884612
1878,1.641509,0.0619678,0.03190383,-0.2450311,0.0008834401,0.0008834401,-0.0002884612
1879,1.64228,0.0619678,0.03190383,-0.2450311,0.0008834401,0.0008834401,-0.0002884612
1880,1.642967,0.0619678,0.03190383,-0.2450311,0.0008834401,0.0008834401,-0.0002884612
1881,1.64361,0.0619678,0.03190383,-0.2450311,0.0008834401,0.0008834401,-0.0002884612
1882,1.644258,0.0619678,0.03190383,-0.2450311,0.0008834401,0.0008834401,-0.0002884612
1883,1.644886,0.0619678,0.03190383,-0.2450311,0.0008834401,0.0008834401,-0.0002884612
1884,1.645511,0.0619678,0.03190383,-0.2450311,0.0008834401,0.0008834401,-0.0002884612
1885,1.646143,0.0619678,0.03190383,-0.2450311,0.0008834401,0.0008834401,-0.0002884612
1886,1.646747,0.0619678,0.03190383,-0.2450311,0.0008834401,0.0008834401,-0.0002884612
1887,1.647373,0.0619678,0.03190383,-0.2450311,0.0008834401,0.0008834401,-0.0002884612
1888,1.647986,0.0619678,0.03190383,-0.2450311,0.0008834401,0.0008834401,-0.0002884612
1889,1.648592,0.0619678,0.03190383,-0.2450311,0.0008834401,0.0008834401,-0.0002884612
1890,1.649217,0.0619678,0.03190383,-0.2450311,0.0008834401,0.0008834401,-0.0002884612
1891,1.649835,0.0619678,0.03190383,-0.2450311,0.0008834401,0.0008834401,-0.0002884612
1892,1.650441,0.0619678,0.03190383,-0.2450311,0.0008834401,0.0008834401,-0.0002884612
1893,1.651082,0.0619678,0.03190383,-0.2450311,0.0008834401,0.0008834401,-0.0002884612
1894,1.65169,0.0619678,0.03190383,-0.2450311,0.0008834401,0.0008834401,-0.0002884612
1895,1.652299,0.0619678,0.03190383,-0.2450311,0.0008834401,0.0008834401,-0.0002884612
1896,1.653034,0.0619678,0.03190383,-0.2450311,0.0008834401,0.0008834401,-0.0002884612
1897,1.653706,0.0619678,0.03190383,-0.2450311,0.0008834401,0.0008834401,-0.0002884612
1898,1.654325,0.0619678,0.03190383,-0.2450311,0.0008834401,0.0008834401,-0.0002884612
1899,1.654952,0.0619678,0.03190383,-0.2450311,0.0008834401,0.0008834401,-0.0002884612
1900,1.655697,0.0619678,0.03190383,-0.2450311,0.0008834401,0.0008834401,-0.0002884612
1901,1.656404,0.0619678,0.03190383,-0.2450311,0.0008834401,0.0008834401,-0.0002884612
1902,1.65704,0.0619678,0.03190383,-0.2450311,0.0008834401,0.0008834401,-0.0002884612
1903,1.657658,0.0619678,0.03190383,-0.2450311,0.0008834401,0.0008834401,-0.0002884612
1904,1.658275,0.0619678,0.03190383,-0.2450311,0.0008834401,0.0008834401,-0.0002884612
1905,1.6589,0.0619678,0.03190383,-0.2450311,0.0008834401,0.0008834401,-0.0002884612
1906,1.659545,0.0619678,0.03190383,-0.2450311,0.0008834401,0.0008834401,-0.0002884612
1907,1.660166,0.0619678,0.03190383,-0.2450311,0.0008834401,0.0008834401,-0.0002884612
1908,1.660915,0.0619678,0.03190383,-0.2450311,0.0008834401,0.0008834401,-0.0002884612
1909,1.661563,0.0619678,0.03190383,-0.2450311,0.0008834401,0.0008834401,-0.0002884612
1910,1.662175,0.0619678,0.03190383,-0.2450311,0.0008834401,0.0008834401,-0.0002884612
1911,1.662813,0.0619678,0.03190383,-0.2450311,0.0008834401,0.0008834401,-0.0002884612
1912,1.663454,0.0619678,0.03190383,-0.2450311,0.0008834401,0.0008834401,-0.0002884612
1913,1.66408,0.0619678,0.03190383,-0.2450311,0.0008834401,0.0008834401,-0.0002884612
1914,1.664713,0.0619678,0.03190383,-0.2450311,0.0008834401,0.0008834401,-0.0002884612
1915,1.665342,0.0619678,0.03190383,-0.2450311,0.0008834401,0.0008834401,-0.0002884612
1916,1.666032,0.0619678,0.03190383,-0.2450311,0.0008834401,0.0008834401,-0.0002884612
1917,1.66676,0.0619678,0.03190383,-0.2450311,0.0008834401,0.0008834401,-0.0002884612
1918,1.66747,0.0619678,0.03190383,-0.2450311,0.0008834401,0.0008834401,-0.0002884612
1919,1.668225,0.0619678,0.03190383,-0.2450311,0.0008834401,0.0008834401,-0.0002884612
1920,1.668881,0.0619678,0.03190383,-0.2450311,0.0008834401,0.0008834401,-0.0002884612
1921,1.669578,0.0619678,0.03190383,-0.2450311,0.0008834401,0.0008834401,-0.0002884612
1922,1.670199,0.0619678,0.03190383,-0.2450311,0.0008834401,0.0008834401,-0.0002884612
1923,1.670909,0.0619678,0.03190383,-0.2450311,0.0008834401,0.0008834401,-0.0002884612
1924,1.67162,0.0619678,0.03190383,-0.2450311,0.0008834401,0.0008834401,-0.0002884612
1925,1.672273,0.0619678,0.03190383,-0.2450311,0.0008834401,0.0008834401,-0.0002884612
1926,1.672891,0.0619678,0.03190383,-0.2450311,0.0008834401,0.0008834401,-0.0002884612
1927,1.673553,0.0619678,0.03190383,-0.2450311,0.0008834401,0.0008834401,-0.0002884612
1928,1.674181,0.0619678,0.03190383,-0.2450311,0.0008834401,0.0008834401,-0.0002884612
1929,1.674801,0.0619678,0.03190383,-0.2450311,0.0008834401,0.0008834401,-0.0002884612
1930,1.675423,0.0619678,0.03190383,-0.2450311,0.0008834401,0.0008834401,-0.0002884612
1931,1.67611,0.0619678,0.03190383,-0.2450311,0.0008834401,0.0008834401,-0.0002884612
1932,1.676807,0.0619678,0.03190383,-0.2450311,0.0008834401,0.0008834401,-0.0002884612
1933,1.67749,0.0619678,0.03190383,-0.2450311,0.0008834401,0.0008834401,-0.0002884612
1934,1.680856,0.0619678,0.03190383,-0.2450311,0.0008834401,0.0008834401,-0.0002884612
1935,1.681726,0.0619678,0.03190383,-0.2450311,0.0008834401,0.0008834401,-0.0002884612
1936,1.682419,0.0619678,0.03190383,-0.2450311,0.0008834401,0.0008834401,-0.0002884612
1937,1.683234,0.0619678,0.03190383,-0.2450311,0.0008834401,0.0008834401,-0.0002884612
1938,1.683982,0.0619678,0.03190383,-0.2450311,0.0008834401,0.0008834401,-0.0002884612
1939,1.684683,0.0619678,0.03190383,-0.2450311,0.0008834401,0.0008834401,-0.0002884612
1940,1.685332,0.0619678,0.03190383,-0.2450311,0.0008834401,0.0008834401,-0.0002884612
1941,1.686017,0.0619678,0.03190383,-0.2450311,0.0008834401,0.0008834401,-0.0002884612
1942,1.68666,0.0619678,0.03190383,-0.2450311,0.0008834401,0.0008834401,-0.0002884612
1943,1.687377,0.0619678,0.03190383,-0.2450311,0.0008834401,0.0008834401,-0.0002884612
1944,1.688019,0.0619678,0.03190383,-0.2450311,0.0008834401,0.0008834401,-0.0002884612
1945,1.688638,0.0619678,0.03190383,-0.2450311,0.0008834401,0.0008834401,-0.0002884612
1946,1.689243,0.0619678,0.03190383,-0.2450311,0.0008834401,0.0008834401,-0.0002884612
1947,1.689861,0.0619678,0.03190383,-0.2450311,0.0008834401,0.0008834401,-0.0002884612
1948,1.690523,0.0619678,0.03190383,-0.2450311,0.0008834401,0.0008834401,-0.0002884612
1949,1.691269,0.06193073,0.03153148,-0.2448004,0,0,0
1950,1.692072,0.06193073,0.03153148,-0.2448004,0,0,0
1951,1.692722,0.06193073,0.03153148,-0.2448004,0,0,0
1952,1.693374,0.06193073,0.03153148,-0.2448004,0,0,0
1953,1.693985,0.06193073,0.03153148,-0.2448004,0,0,0
1954,1.694639,0.06193073,0.03153148,-0.2448004,0,0,0
1955,1.695274,0.06193073,0.03153148,-0.2448004,0,0,0
1956,1.696052,0.06193073,0.03153148,-0.2448004,0,0,0
1957,1.6968,0.06193073,0.03153148,-0.2448004,0,0,0
1958,1.697448,0.06193073,0.03153148,-0.2448004,0,0,0
1959,1.6981,0.06193073,0.03153148,-0.2448004,0,0,0
1960,1.698751,0.06193073,0.03153148,-0.2448004,0,0,0
1961,1.69936,0.06193073,0.03153148,-0.2448004,0,0,0
1962,1.699997,0.06193073,0.03153148,-0.2448004,0,0,0
1963,1.700673,0.06193073,0.03153148,-0.2448004,0,0,0
1964,1.701441,0.06193073,0.03153148,-0.2448004,0,0,0
1965,1.70208,0.06193073,0.03153148,-0.2448004,0,0,0
1966,1.702855,0.06193073,0.03153148,-0.2448004,0,0,0
1967,1.703523,0.06193073,0.03153148,-0.2448004,0,0,0
1968,1.704168,0.06193073,0.03153148,-0.2448004,0,0,0
1969,1.704791,0.06193073,0.03153148,-0.2448004,0,0,0
1970,1.70539,0.06193073,0.03153148,-0.2448004,0,0,0
1971,1.706013,0.06193073,0.03153148,-0.2448004,0,0,0
1972,1.706664,0.06193073,0.03153148,-0.2448004,0,0,0
1973,1.707302,0.06193073,0.03153148,-0.2448004,0,0,0
1974,1.70791,0.06193073,0.03153148,-0.2448004,0,0,0
1975,1.70865,0.06193073,0.03153148,-0.2448004,0,0,0
1976,1.709494,0.06193073,0.03153148,-0.2448004,0,0,0
1977,1.710133,0.06193073,0.03153148,-0.2448004,0,0,0
1978,1.710777,0.06193073,0.03153148,-0.2448004,0,0,0
1979,1.711418,0.06193073,0.03153148,-0.2448004,0,0,0
1980,1.712106,0.06193073,0.03153148,-0.2448004,0,0,0
1981,1.712799,0.06193073,0.03153148,-0.2448004,0,0,0
1982,1.713432,0.06193073,0.03153148,-0.2448004,0,0,0
1983,1.714106,0.06193073,0.03153148,-0.2448004,0,0,0
1984,1.714781,0.06193073,0.03153148,-0.2448004,0,0,0
1985,1.715455,0.06193073,0.03153148,-0.2448004,0,0,0
1986,1.716111,0.06193073,0.03153148,-0.2448004,0,0,0
1987,1.71679,0.06193073,0.03153148,-0.2448004,0,0,0
1988,1.717418,0.06193073,0.03153148,-0.2448004,0,0,0
1989,1.718093,0.06193073,0.03153148,-0.2448004,0,0,0
1990,1.718715,0.06193073,0.03153148,-0.2448004,0,0,0
1991,1.719345,0.06193073,0.03153148,-0.2448004,0,0,0
1992,1.719985,0.06193073,0.03153148,-0.2448004,0,0,0
1993,1.720599,0.06193073,0.03153148,-0.2448004,0,0,0
1994,1.721336,0.06193073,0.03153148,-0.2448004,0,0,0
1995,1.722001,0.06193073,0.03153148,-0.2448004,0,0,0
1996,1.722708,0.06193073,0.03153148,-0.2448004,0,0,0
1997,1.723447,0.06193073,0.03153148,-0.2448004,0,0,0
1998,1.724075,0.06193073,0.03153148,-0.2448004,0,0,0
1999,1.724699,0.06193073,0.03153148,-0.2448004,0,0,0
2000,1.72533,0.06193073,0.03153148,-0.2448004,0,0,0
2001,1.72596,0.06193073,0.03153148,-0.2448004,0,0,0
2002,1.726614,0.06193073,0.03153148,-0.2448004,0,0,0
2003,1.727251,0.06193073,0.03153148,-0.2448004,0,0,0
2004,1.727897,0.06193073,0.03153148,-0.2448004,0,0,0
2005,1.728541,0.06193073,0.03153148,-0.2448004,0,0,0
2006,1.729179,0.06193073,0.03153148,-0.2448004,0,0,0
2007,1.729837,0.06193073,0.03153148,-0.2448004,0,0,0
2008,1.730528,0.06193073,0.03153148,-0.2448004,0,0,0
2009,1.731155,0.06193073,0.03153148,-0.2448004,0,0,0
2010,1.731767,0.06193073,0.03153148,-0.2448004,0,0,0
2011,1.732388,0.06193073,0.03153148,-0.2448004,0,0,0
2012,1.733066,0.06193073,0.03153148,-0.2448004,0,0,0
2013,1.733703,0.06193073,0.03153148,-0.2448004,0,0,0
2014,1.73431,0.06193073,0.03153148,-0.2448004,0,0,0
2015,1.734913,0.06193073,0.03153148,-0.2448004,0,0,0
2016,1.735576,0.06193073,0.03153148,-0.2448004,0,0,0
2017,1.736231,0.06193073,0.03153148,-0.2448004,0,0,0
2018,1.73689,0.06193073,0.03153148,-0.2448004,0,0,0
2019,1.737593,0.06193073,0.03153148,-0.2448004,0,0,0
2020,1.73825,0.06193073,0.03153148,-0.2448004,0,0,0
2021,1.73889,0.06193073,0.03153148,-0.2448004,0,0,0
2022,1.739525,0.06193073,0.03153148,-0.2448004,0,0,0
2023,1.740161,0.06193073,0.03153148,-0.2448004,0,0,0
2024,1.740943,0.06193073,0.03153148,-0.2448004,0,0,0
2025,1.741618,0.06193073,0.03153148,-0.2448004,0,0,0
2026,1.742287,0.06193073,0.03153148,-0.2448004,0,0,0
2027,1.743088,0.06193073,0.03153148,-0.2448004,0,0,0
2028,1.743748,0.06193073,0.03153148,-0.2448004,0,0,0
2029,1.744421,0.06193073,0.03153148,-0.2448004,0,0,0
2030,1.745046,0.06193073,0.03153148,-0.2448004,0,0,0
2031,1.74567,0.06193073,0.03153148,-0.2448004,0,0,0
2032,1.746285,0.06193073,0.03153148,-0.2448004,0,0,0
2033,1.746925,0.06193073,0.03153148,-0.2448004,0,0,0
2034,1.747545,0.06193073,0.03153148,-0.2448004,0,0,0
2035,1.748172,0.06193073,0.03153148,-0.2448004,0,0,0
2036,1.748791,0.06193073,0.03153148,-0.2448004,0,0,0
2037,1.749416,0.06193073,0.03153148,-0.2448004,0,0,0
2038,1.750021,0.06193073,0.03153148,-0.2448004,0,0,0
2039,1.750623,0.06193073,0.03153148,-0.2448004,0,0,0
2040,1.751249,0.06193073,0.03153148,-0.2448004,0,0,0
2041,1.751858,0.06193073,0.03153148,-0.2448004,0,0,0
2042,1.75246,0.06193073,0.03153148,-0.2448004,0,0,0
2043,1.753067,0.06193073,0.03153148,-0.2448004,0,0,0
2044,1.753682,0.06193073,0.03153148,-0.2448004,0,0,0
2045,1.754319,0.06193073,0.03153148,-0.2448004,0,0,0
2046,1.754974,0.06193073,0.03153148,-0.2448004,0,0,0
2047,1.755654,0.06193073,0.03153148,-0.2448004,0,0,0
2048,1.756279,0.06193073,0.03153148,-0.2448004,0,0,0
2049,1.756958,0.06193073,0.03153148,-0.2448004,0,0,0
2050,1.757654,0.06193073,0.03153148,-0.2448004,0,0,0
2051,1.758464,0.06193073,0.03153148,-0.2448004,0,0,0
2052,1.759136,0.06193073,0.03153148,-0.2448004,0,0,0
2053,1.759771,0.06193073,0.03153148,-0.2448004,0,0,0
2054,1.760373,0.06193073,0.03153148,-0.2448004,0,0,0
2055,1.761143,0.06193073,0.03153148,-0.2448004,0,0,0
2056,1.761783,0.06193073,0.03153148,-0.2448004,0,0,0
2057,1.762457,0.06193073,0.03153148,-0.2448004,0,0,0
2058,1.763122,0.06193073,0.03153148,-0.2448004,0,0,0
2059,1.763788,0.06193073,0.03153148,-0.2448004,0,0,0
2060,1.764413,0.06193073,0.03153148,-0.2448004,0,0,0
2061,1.765026,0.06193073,0.03153148,-0.2448004,0,0,0
2062,1.765654,0.06193073,0.03153148,-0.2448004,0,0,0
2063,1.766273,0.06193073,0.03153148,-0.2448004,0,0,0
2064,1.766912,0.06193073,0.03153148,-0.2448004,0,0,0
2065,1.767592,0.06193073,0.03153148,-0.2448004,0,0,0
2066,1.768229,0.06193073,0.03153148,-0.2448004,0,0,0
2067,1.768849,0.06193073,0.03153148,-0.2448004,0,0,0
2068,1.769455,0.06193073,0.03153148,-0.2448004,0,0,0
2069,1.770079,0.06193073,0.03153148,-0.2448004,0,0,0
2070,1.770704,0.06193073,0.03153148,-0.2448004,0,0,0
2071,1.771315,0.06193073,0.03153148,-0.2448004,0,0,0
2072,1.771943,0.06193073,0.03153148,-0.2448004,0,0,0
2073,1.772557,0.06193073,0.03153148,-0.2448004,0,0,0
2074,1.773226,0.06193073,0.03153148,-0.2448004,0,0,0
2075,1.773961,0.06193073,0.03153148,-0.2448004,0,0,0
2076,1.777388,0.06193073,0.03153148,-0.2448004,0,0,0
2077,1.778062,0.06193073,0.03153148,-0.2448004,0,0,0
2078,1.778718,0.06193073,0.03153148,-0.2448004,0,0,0
2079,1.779345,0.06193073,0.03153148,-0.2448004,0,0,0
2080,1.779956,0.06193073,0.03153148,-0.2448004,0,0,0
2081,1.780578,0.06193073,0.03153148,-0.2448004,0,0,0
2082,1.781298,0.06193073,0.03153148,-0.2448004,0,0,0
2083,1.78192,0.06193073,0.03153148,-0.2448004,0,0,0
2084,1.782557,0.06193073,0.03153148,-0.2448004,0,0,0
2085,1.783176,0.06193073,0.03153148,-0.2448004,0,0,0
2086,1.783785,0.06193073,0.03153148,-0.2448004,0,0,0
2087,1.784419,0.06193073,0.03153148,-0.2448004,0,0,0
2088,1.785058,0.06193073,0.03153148,-0.2448004,0,0,0
2089,1.785686,0.06193073,0.03153148,-0.2448004,0,0,0
2090,1.786313,0.06193073,0.03153148,-0.2448004,0,0,0
2091,1.786948,0.06193073,0.03153148,-0.2448004,0,0,0
2092,1.787656,0.06193073,0.03153148,-0.2448004,0,0,0
2093,1.788486,0.06193073,0.03153148,-0.2448004,0,0,0
2094,1.789123,0.06193073,0.03153148,-0.2448004,0,0,0
2095,1.789745,0.06193073,0.03153148,-0.2448004,0,0,0
2096,1.790368,0.06193073,0.03153148,-0.2448004,0,0,0
2097,1.790975,0.06193073,0.03153148,-0.2448004,0,0,0
2098,1.791592,0.06193073,0.03153148,-0.2448004,0,0,0
2099,1.79222,0.06193073,0.03153148,-0.2448004,0,0,0
2100,1.79289,0.06193073,0.03153148,-0.2448004,0,0,0
2101,1.793516,0.06193073,0.03153148,-0.2448004,0,0,0
2102,1.79415,0.06193073,0.03153148,-0.2448004,0,0,0
2103,1.794779,0.06193073,0.03153148,-0.2448004,0,0,0
2104,1.795401,0.06193073,0.03153148,-0.2448004,0,0,0
2105,1.79606,0.06193073,0.03153148,-0.2448004,0,0,0
2106,1.7967,0.06193073,0.03153148,-0.2448004,0,0,0
2107,1.797353,0.06193073,0.03153148,-0.2448004,0,0,0
2108,1.797986,0.06193073,0.03153148,-0.2448004,0,0,0
2109,1.798595,0.06193073,0.03153148,-0.2448004,0,0,0
2110,1.799226,0.06193073,0.03153148,-0.2448004,0,0,0
2111,1.799891,0.06193073,0.03153148,-0.2448004,0,0,0
2112,1.80057,0.06193073,0.03153148,-0.2448004,0,0,0
2113,1.801327,0.06193073,0.03153148,-0.2448004,0,0,0
2114,1.801949,0.06193073,0.03153148,-0.2448004,0,0,0
2115,1.802674,0.06193073,0.03153148,-0.2448004,0,0,0
2116,1.803434,0.06193073,0.03153148,-0.2448004,0,0,0
2117,1.80413,0.06193073,0.03153148,-0.2448004,0,0,0
2118,1.804767,0.06193073,0.03153148,-0.2448004,0,0,0
2119,1.805396,0.06193073,0.03153148,-0.2448004,0,0,0
2120,1.806006,0.06193073,0.03153148,-0.2448004,0,0,0
2121,1.806636,0.06193073,0.03153148,-0.2448004,0,0,0
2122,1.807255,0.06193073,0.03153148,-0.2448004,0,0,0
2123,1.808005,0.06193073,0.03153148,-0.2448004,0,0,0
2124,1.808738,0.06193073,0.03153148,-0.2448004,0,0,0
2125,1.8094,0.06193073,0.03153148,-0.2448004,0,0,0
2126,1.810037,0.06193073,0.03153148,-0.2448004,0,0,0
2127,1.810658,0.06193073,0.03153148,-0.2448004,0,0,0
2128,1.811326,0.06193073,0.03153148,-0.2448004,0,0,0
2129,1.811966,0.06193073,0.03153148,-0.2448004,0,0,0
2130,1.812592,0.06193073,0.03153148,-0.2448004,0,0,0
2131,1.813254,0.06193073,0.03153148,-0.2448004,0,0,0
2132,1.813957,0.06193073,0.03153148,-0.2448004,0,0,0
2133,1.814663,0.06193073,0.03153148,-0.2448004,0,0,0
2134,1.815303,0.06193073,0.03153148,-0.2448004,0,0,0
2135,1.815971,0.06193073,0.03153148,-0.2448004,0,0,0
2136,1.816595,0.06193073,0.03153148,-0.2448004,0,0,0
2137,1.817298,0.06193073,0.03153148,-0.2448004,0,0,0
2138,1.817979,0.06193073,0.03153148,-0.2448004,0,0,0
2139,1.818662,0.06193073,0.03153148,-0.2448004,0,0,0
2140,1.819323,0.06193073,0.03153148,-0.2448004,0,0,0
2141,1.820099,0.06193073,0.03153148,-0.2448004,0,0,0
2142,1.820881,0.06193073,0.03153148,-0.2448004,0,0,0
2143,1.821515,0.06193073,0.03153148,-0.2448004,0,0,0
2144,1.822146,0.06193073,0.03153148,-0.2448004,0,0,0
2145,1.822776,0.06193073,0.03153148,-0.2448004,0,0,0
2146,1.823418,0.06193073,0.03153148,-0.2448004,0,0,0
2147,1.824041,0.06193073,0.03153148,-0.2448004,0,0,0
2148,1.824669,0.06193073,0.03153148,-0.2448004,0,0,0
2149,1.825292,0.06193073,0.03153148,-0.2448004,0,0,0
2150,1.825909,0.06193073,0.03153148,-0.2448004,0,0,0
2151,1.826532,0.06193073,0.03153148,-0.2448004,0,0,0
2152,1.827168,0.06193073,0.03153148,-0.2448004,0,0,0
2153,1.827814,0.06193073,0.03153148,-0.2448004,0,0,0
2154,1.828432,0.06193073,0.03153148,-0.2448004,0,0,0
2155,1.82904,0.06193073,0.03153148,-0.2448004,0,0,0
2156,1.829671,0.06193073,0.03153148,-0.2448004,0,0,0
2157,1.830283,0.06193073,0.03153148,-0.2448004,0,0,0
2158,1.830897,0.06193073,0.03153148,-0.2448004,0,0,0
2159,1.831511,0.06193073,0.03153148,-0.2448004,0,0,0
2160,1.832147,0.06193073,0.03153148,-0.2448004,0,0,0
2161,1.832767,0.06193073,0.03153148,-0.2448004,0,0,0
2162,1.833386,0.06193073,0.03153148,-0.2448004,0,0,0
2163,1.833996,0.06193073,0.03153148,-0.2448004,0,0,0
2164,1.834646,0.06193073,0.03153148,-0.2448004,0,0,0
2165,1.835327,0.06193073,0.03153148,-0.2448004,0,0,0
2166,1.835962,0.06193073,0.03153148,-0.2448004,0,0,0
2167,1.836619,0.06193073,0.03153148,-0.2448004,0,0,0
2168,1.837233,0.06193073,0.03153148,-0.2448004,0,0,0
2169,1.837868,0.06193073,0.03153148,-0.2448004,0,0,0
2170,1.838549,0.06193073,0.03153148,-0.2448004,0,0,0
2171,1.83915,0.06193073,0.03153148,-0.2448004,0,0,0
2172,1.839813,0.06193073,0.03153148,-0.2448004,0,0,0
2173,1.84047,0.06193073,0.03153148,-0.2448004,0,0,0
2174,1.84121,0.06193073,0.03153148,-0.2448004,0,0,0
2175,1.84182,0.06193073,0.03153148,-0.2448004,0,0,0
2176,1.842441,0.06193073,0.03153148,-0.2448004,0,0,0
2177,1.843056,0.06193073,0.03153148,-0.2448004,0,0,0
2178,1.843673,0.06193073,0.03153148,-0.2448004,0,0,0
2179,1.844297,0.06193073,0.03153148,-0.2448004,0,0,0
2180,1.844901,0.06193073,0.03153148,-0.2448004,0,0,0
2181,1.845497,0.06193073,0.03153148,-0.2448004,0,0,0
2182,1.84612,0.06193073,0.03153148,-0.2448004,0,0,0
2183,1.8468,0.06193073,0.03153148,-0.2448004,0,0,0
2184,1.847456,0.06193073,0.03153148,-0.2448004,0,0,0
2185,1.848118,0.06193073,0.03153148,-0.2448004,0,0,0
2186,1.848828,0.06193073,0.03153148,-0.2448004,0,0,0
2187,1.849541,0.06193073,0.03153148,-0.2448004,0,0,0
2188,1.850179,0.06193073,0.03153148,-0.2448004,0,0,0
2189,1.850791,0.06193073,0.03153148,-0.2448004,0,0,0
2190,1.851393,0.06193073,0.03153148,-0.2448004,0,0,0
2191,1.852031,0.06193073,0.03153148,-0.2448004,0,0,0
2192,1.852639,0.06193073,0.03153148,-0.2448004,0,0,0
2193,1.853248,0.06193073,0.03153148,-0.2448004,0,0,0
2194,1.853891,0.06193073,0.03153148,-0.2448004,0,0,0
2195,1.85451,0.06193073,0.03153148,-0.2448004,0,0,0
2196,1.855128,0.06193073,0.03153148,-0.2448004,0,0,0
2197,1.855783,0.06193073,0.03153148,-0.2448004,0,0,0
2198,1.856421,0.06193073,0.03153148,-0.2448004,0,0,0
2199,1.857051,0.06193073,0.03153148,-0.2448004,0,0,0
2200,1.857655,0.06193073,0.03153148,-0.2448004,0,0,0
2201,1.858251,0.06193073,0.03153148,-0.2448004,0,0,0
2202,1.858915,0.06193073,0.03153148,-0.2448004,0,0,0
2203,1.859584,0.06193073,0.03153148,-0.2448004,0,0,0
2204,1.86022,0.06193073,0.03153148,-0.2448004,0,0,0
2205,1.860972,0.06193073,0.03153148,-0.2448004,0,0,0
2206,1.861637,0.06193073,0.03153148,-0.2448004,0,0,0
2207,1.862398,0.06193073,0.03153148,-0.2448004,0,0,0
2208,1.863029,0.06193073,0.03153148,-0.2448004,0,0,0
2209,1.863673,0.06193073,0.03153148,-0.2448004,0,0,0
2210,1.864296,0.06193073,0.03153148,-0.2448004,0,0,0
2211,1.864922,0.06193073,0.03153148,-0.2448004,0,0,0
2212,1.865572,0.06193073,0.03153148,-0.2448004,0,0,0
2213,1.866254,0.06193073,0.03153148,-0.2448004,0,0,0
2214,1.866985,0.06193073,0.03153148,-0.2448004,0,0,0
2215,1.867707,0.06193073,0.03153148,-0.2448004,0,0,0
2216,1.868336,0.06193073,0.03153148,-0.2448004,0,0,0
2217,1.869023,0.06193073,0.03153148,-0.2448004,0,0,0
2218,1.869648,0.06193073,0.03153148,-0.2448004,0,0,0
2219,1.87027,0.06193073,0.03153148,-0.2448004,0,0,0
2220,1.870917,0.06193073,0.03153148,-0.2448004,0,0,0
2221,1.871523,0.06193073,0.03153148,-0.2448004,0,0,0
2222,1.872138,0.06193073,0.03153148,-0.2448004,0,0,0
2223,1.872804,0.06193073,0.03153148,-0.2448004,0,0,0
2224,1.873472,0.06193073,0.03153148,-0.2448004,0,0,0
2225,1.874115,0.06193073,0.03153148,-0.2448004,0,0,0
2226,1.874782,0.06193073,0.03153148,-0.2448004,0,0,0
2227,1.875462,0.06193073,0.03153148,-0.2448004,0,0,0
2228,1.87613,0.06193073,0.03153148,-0.2448004,0,0,0
2229,1.876908,0.06193073,0.03153148,-0.2448004,0,0,0
2230,1.877577,0.06193073,0.03153148,-0.2448004,0,0,0
2231,1.878266,0.06193073,0.03153148,-0.2448004,0,0,0
2232,1.878936,0.06193073,0.03153148,-0.2448004,0,0,0
2233,1.879551,0.06193073,0.03153148,-0.2448004,0,0,0
2234,1.880195,0.06193073,0.03153148,-0.2448004,0,0,0
2235,1.881,0.06193073,0.03153148,-0.2448004,0,0,0
2236,1.88168,0.06193073,0.03153148,-0.2448004,0,0,0
2237,1.882305,0.06193073,0.03153148,-0.2448004,0,0,0
2238,1.88291,0.06193073,0.03153148,-0.2448004,0,0,0
2239,1.883519,0.06193073,0.03153148,-0.2448004,0,0,0
2240,1.884145,0.06193073,0.03153148,-0.2448004,0,0,0
2241,1.884758,0.06193073,0.03153148,-0.2448004,0,0,0
2242,1.885388,0.06193073,0.03153148,-0.2448004,0,0,0
2243,1.888692,0.06193073,0.03153148,-0.2448004,0,0,0
2244,1.889351,0.06193073,0.03153148,-0.2448004,0,0,0
2245,1.890008,0.06193073,0.03153148,-0.2448004,0,0,0
2246,1.890633,0.06193073,0.03153148,-0.2448004,0,0,0
2247,1.891263,0.06193073,0.03153148,-0.2448004,0,0,0
2248,1.891956,0.06193073,0.03153148,-0.2448004,0,0,0
2249,1.892617,0.06193073,0.03153148,-0.2448004,0,0,0
2250,1.893283,0.06193073,0.03153148,-0.2448004,0,0,0
2251,1.893955,0.06193073,0.03153148,-0.2448004,0,0,0
2252,1.894613,0.06193073,0.03153148,-0.2448004,0,0,0
2253,1.895237,0.06193073,0.03153148,-0.2448004,0,0,0
2254,1.895842,0.06193073,0.03153148,-0.2448004,0,0,0
2255,1.896453,0.06193073,0.03153148,-0.2448004,0,0,0
2256,1.897106,0.06193073,0.03153148,-0.2448004,0,0,0
2257,1.897742,0.06193073,0.03153148,-0.2448004,0,0,0
2258,1.89837,0.06193073,0.03153148,-0.2448004,0,0,0
2259,1.899037,0.06193073,0.03153148,-0.2448004,0,0,0
2260,1.89972,0.06193073,0.03153148,-0.2448004,0,0,0
2261,1.900449,0.06193073,0.03153148,-0.2448004,0,0,0
2262,1.901284,0.06193073,0.03153148,-0.2448004,0,0,0
2263,1.90191,0.06193073,0.03153148,-0.2448004,0,0,0
2264,1.902542,0.06193073,0.03153148,-0.2448004,0,0,0
2265,1.903161,0.06193073,0.03153148,-0.2448004,0,0,0
2266,1.903774,0.06193073,0.03153148,-0.2448004,0,0,0
2267,1.904367,0.06193073,0.03153148,-0.2448004,0,0,0
2268,1.904981,0.06193073,0.03153148,-0.2448004,0,0,0
2269,1.905604,0.06193073,0.03153148,-0.2448004,0,0,0
2270,1.906234,0.06193073,0.03153148,-0.2448004,0,0,0
2271,1.907072,0.06193073,0.03153148,-0.2448004,0,0,0
2272,1.907753,0.06193073,0.03153148,-0.2448004,0,0,0
2273,1.908405,0.06193073,0.03153148,-0.2448004,0,0,0
2274,1.909061,0.06193073,0.03153148,-0.2448004,0,0,0
2275,1.909685,0.06193073,0.03153148,-0.2448004,0,0,0
2276,1.910305,0.06193073,0.03153148,-0.2448004,0,0,0
2277,1.910987,0.06193073,0.03153148,-0.2448004,0,0,0
2278,1.911611,0.06193073,0.03153148,-0.2448004,0,0,0
2279,1.912214,0.06193073,0.03153148,-0.2448004,0,0,0
2280,1.912842,0.06193073,0.03153148,-0.2448004,0,0,0
2281,1.913463,0.06193073,0.03153148,-0.2448004,0,0,0
2282,1.914117,0.06193073,0.03153148,-0.2448004,0,0,0
2283,1.914802,0.06193073,0.03153148,-0.2448004,0,0,0
2284,1.915422,0.06193073,0.03153148,-0.2448004,0,0,0
2285,1.916062,0.06193073,0.03153148,-0.2448004,0,0,0
2286,1.916756,0.06193073,0.03153148,-0.2448004,0,0,0
2287,1.917392,0.06193073,0.03153148,-0.2448004,0,0,0
2288,1.917995,0.06193073,0.03153148,-0.2448004,0,0,0
2289,1.918615,0.06193073,0.03153148,-0.2448004,0,0,0
2290,1.91931,0.06193073,0.03153148,-0.2448004,0,0,0
2291,1.919956,0.06193073,0.03153148,-0.2448004,0,0,0
2292,1.920588,0.06193073,0.03153148,-0.2448004,0,0,0
2293,1.921377,0.06193073,0.03153148,-0.2448004,0,0,0
2294,1.921982,0.06193073,0.03153148,-0.2448004,0,0,0
2295,1.922678,0.06193073,0.03153148,-0.2448004,0,0,0
2296,1.923417,0.06193073,0.03153148,-0.2448004,0,0,0
2297,1.924093,0.06193073,0.03153148,-0.2448004,0,0,0
2298,1.924721,0.06193073,0.03153148,-0.2448004,0,0,0
2299,1.925357,0.06193073,0.03153148,-0.2448004,0,0,0
2300,1.925991,0.06193073,0.03153148,-0.2448004,0,0,0
2301,1.926591,0.06193073,0.03153148,-0.2448004,0,0,0
2302,1.927195,0.06193073,0.03153148,-0.2448004,0,0,0
2303,1.927832,0.06193073,0.03153148,-0.2448004,0,0,0
2304,1.928466,0.06193073,0.03153148,-0.2448004,0,0,0
2305,1.929085,0.06193073,0.03153148,-0.2448004,0,0,0
2306,1.929725,0.06193073,0.03153148,-0.2448004,0,0,0
2307,1.930373,0.06193073,0.03153148,-0.2448004,0,0,0
2308,1.931015,0.06193073,0.03153148,-0.2448004,0,0,0
2309,1.931665,0.06193073,0.03153148,-0.2448004,0,0,0
2310,1.932274,0.06193073,0.03153148,-0.2448004,0,0,0
2311,1.932879,0.06193073,0.03153148,-0.2448004,0,0,0
2312,1.933486,0.06193073,0.03153148,-0.2448004,0,0,0
2313,1.934172,0.06193073,0.03153148,-0.2448004,0,0,0
2314,1.934813,0.06193073,0.03153148,-0.2448004,0,0,0
2315,1.935418,0.06193073,0.03153148,-0.2448004,0,0,0
2316,1.93603,0.06193073,0.03153148,-0.2448004,0,0,0
2317,1.936676,0.06193073,0.03153148,-0.2448004,0,0,0
2318,1.937311,0.06193073,0.03153148,-0.2448004,0,0,0
2319,1.937916,0.06193073,0.03153148,-0.2448004,0,0,0
2320,1.938642,0.06193073,0.03153148,-0.2448004,0,0,0
2321,1.939269,0.06193073,0.03153148,-0.2448004,0,0,0
2322,1.939962,0.06193073,0.03153148,-0.2448004,0,0,0
2323,1.940726,0.06193073,0.03153148,-0.2448004,0,0,0
2324,1.941537,0.06193073,0.03153148,-0.2448004,0,0,0
2325,1.942236,0.06193073,0.03153148,-0.2448004,0,0,0
2326,1.942898,0.06193073,0.03153148,-0.2448004,0,0,0
2327,1.943547,0.06193073,0.03153148,-0.2448004,0,0,0
2328,1.944183,0.06193073,0.03153148,-0.2448004,0,0,0
2329,1.944803,0.06193073,0.03153148,-0.2448004,0,0,0
2330,1.945406,0.06193073,0.03153148,-0.2448004,0,0,0
2331,1.946119,0.06193073,0.03153148,-0.2448004,0,0,0
2332,1.946773,0.06193073,0.03153148,-0.2448004,0,0,0
2333,1.947408,0.06193073,0.03153148,-0.2448004,0,0,0
2334,1.94804,0.06193073,0.03153148,-0.2448004,0,0,0
2335,1.948656,0.06193073,0.03153148,-0.2448004,0,0,0
2336,1.949267,0.06193073,0.03153148,-0.2448004,0,0,0
2337,1.949903,0.06193073,0.03153148,-0.2448004,0,0,0
2338,1.950528,0.06193073,0.03153148,-0.2448004,0,0,0
2339,1.951132,0.06193073,0.03153148,-0.2448004,0,0,0
2340,1.95176,0.06193073,0.03153148,-0.2448004,0,0,0
2341,1.952388,0.06193073,0.03153148,-0.2448004,0,0,0
2342,1.953026,0.06193073,0.03153148,-0.2448004,0,0,0
2343,1.953649,0.06193073,0.03153148,-0.2448004,0,0,0
2344,1.954361,0.06193073,0.03153148,-0.2448004,0,0,0
2345,1.955009,0.06193073,0.03153148,-0.2448004,0,0,0
2346,1.955652,0.06193073,0.03153148,-0.2448004,0,0,0
2347,1.956385,0.06193073,0.03153148,-0.2448004,0,0,0
2348,1.957179,0.06193073,0.03153148,-0.2448004,0,0,0
2349,1.957854,0.06193073,0.03153148,-0.2448004,0,0,0
2350,1.95851,0.06193073,0.03153148,-0.2448004,0,0,0
2351,1.959193,0.06193073,0.03153148,-0.2448004,0,0,0
2352,1.959835,0.06193073,0.03153148,-0.2448004,0,0,0
2353,1.960493,0.06193073,0.03153148,-0.2448004,0,0,0
2354,1.961272,0.06193073,0.03153148,-0.2448004,0,0,0
2355,1.961912,0.06193073,0.03153148,-0.2448004,0,0,0
2356,1.962563,0.06193073,0.03153148,-0.2448004,0,0,0
2357,1.963311,0.06193073,0.03153148,-0.2448004,0,0,0
2358,1.96395,0.06193073,0.03153148,-0.2448004,0,0,0
2359,1.964558,0.06193073,0.03153148,-0.2448004,0,0,0
2360,1.96517,0.06193073,0.03153148,-0.2448004,0,0,0
2361,1.965859,0.06193073,0.03153148,-0.2448004,0,0,0
2362,1.966505,0.06193073,0.03153148,-0.2448004,0,0,0
2363,1.96714,0.06193073,0.03153148,-0.2448004,0,0,0
2364,1.967799,0.06193073,0.03153148,-0.2448004,0,0,0
2365,1.968478,0.06193073,0.03153148,-0.2448004,0,0,0
2366,1.969193,0.06193073,0.03153148,-0.2448004,0,0,0
2367,1.969847,0.06193073,0.03153148,-0.2448004,0,0,0
2368,1.970495,0.06193073,0.03153148,-0.2448004,0,0,0
2369,1.971183,0.06193073,0.03153148,-0.2448004,0,0,0
2370,1.971822,0.06193073,0.03153148,-0.2448004,0,0,0
2371,1.972457,0.06193073,0.03153148,-0.2448004,0,0,0
2372,1.973073,0.06193073,0.03153148,-0.2448004,0,0,0
2373,1.973701,0.06193073,0.03153148,-0.2448004,0,0,0
2374,1.974313,0.06193073,0.03153148,-0.2448004,0,0,0
2375,1.974913,0.06193073,0.03153148,-0.2448004,0,0,0
2376,1.975555,0.06193073,0.03153148,-0.2448004,0,0,0
2377,1.976179,0.06193073,0.03153148,-0.2448004,0,0,0
2378,1.976795,0.06193073,0.03153148,-0.2448004,0,0,0
2379,1.977444,0.06193073,0.03153148,-0.2448004,0,0,0
2380,1.978129,0.06193073,0.03153148,-0.2448004,0,0,0
2381,1.97876,0.06193073,0.03153148,-0.2448004,0,0,0
2382,1.979382,0.06193073,0.03153148,-0.2448004,0,0,0
2383,1.979983,0.06193073,0.03153148,-0.2448004,0,0,0
2384,1.980616,0.06193073,0.03153148,-0.2448004,0,0,0
2385,1.981337,0.06193073,0.03153148,-0.2448004,0,0,0
2386,1.981954,0.06193073,0.03153148,-0.2448004,0,0,0
2387,1.982558,0.06193073,0.03153148,-0.2448004,0,0,0
2388,1.983214,0.06193073,0.03153148,-0.2448004,0,0,0
2389,1.983885,0.06193073,0.03153148,-0.2448004,0,0,0
2390,1.98465,0.06193073,0.03153148,-0.2448004,0,0,0
2391,1.985317,0.06193073,0.03153148,-0.2448004,0,0,0
2392,1.985967,0.06193073,0.03153148,-0.2448004,0,0,0
2393,1.986614,0.06193073,0.03153148,-0.2448004,0,0,0
2394,1.987249,0.06193073,0.03153148,-0.2448004,0,0,0
2395,1.987867,0.06193073,0.03153148,-0.2448004,0,0,0
2396,1.988511,0.06193073,0.03153148,-0.2448004,0,0,0
2397,1.989124,0.06193073,0.03153148,-0.2448004,0,0,0
2398,1.989765,0.06193073,0.03153148,-0.2448004,0,0,0
2399,1.990413,0.06193073,0.03153148,-0.2448004,0,0,0
2400,1.991052,0.06193073,0.03153148,-0.2448004,0,0,0
2401,1.991674,0.06193073,0.03153148,-0.2448004,0,0,0
2402,1.992327,0.06193073,0.03153148,-0.2448004,0,0,0
2403,1.992956,0.06193073,0.03153148,-0.2448004,0,0,0
2404,1.993654,0.06193073,0.03153148,-0.2448004,0,0,0
2405,1.994321,0.06193073,0.03153148,-0.2448004,0,0,0
2406,1.994966,0.06193073,0.03153148,-0.2448004,0,0,0
2407,1.995693,0.06193073,0.03153148,-0.2448004,0,0,0
2408,1.996419,0.06193073,0.03153148,-0.2448004,0,0,0
2409,1.997176,0.06193073,0.03153148,-0.2448004,0,0,0
2410,1.997869,0.06193073,0.03153148,-0.2448004,0,0,0
2411,1.998496,0.06193073,0.03153148,-0.2448004,0,0,0
2412,1.999229,0.06193073,0.03153148,-0.2448004,0,0,0
2413,1.999884,0.06193073,0.03153148,-0.2448004,0,0,0
2414,2.000579,0.06193073,0.03153148,-0.2448004,0,0,0
2415,2.00133,0.06193073,0.03153148,-0.2448004,0,0,0
2416,2.001948,0.06193073,0.03153148,-0.2448004,0,0,0
2417,2.002558,0.06193073,0.03153148,-0.2448004,0,0,0
2418,2.003185,0.06193073,0.03153148,-0.2448004,0,0,0
2419,2.003878,0.06193073,0.03153148,-0.2448004,0,0,0
2420,2.004618,0.06193073,0.03153148,-0.2448004,0,0,0
2421,2.005265,0.06193073,0.03153148,-0.2448004,0,0,0
2422,2.005938,0.06193073,0.03153148,-0.2448004,0,0,0
2423,2.006591,0.06193073,0.03153148,-0.2448004,0,0,0
2424,2.007325,0.06193073,0.03153148,-0.2448004,0,0,0
2425,2.00797,0.06193073,0.03153148,-0.2448004,0,0,0
2426,2.008615,0.06193073,0.03153148,-0.2448004,0,0,0
2427,2.009261,0.06193073,0.03153148,-0.2448004,0,0,0
2428,2.009886,0.06193073,0.03153148,-0.2448004,0,0,0
2429,2.010508,0.06193073,0.03153148,-0.2448004,0,0,0
2430,2.011134,0.06193073,0.03153148,-0.2448004,0,0,0
2431,2.011756,0.06193073,0.03153148,-0.2448004,0,0,0
2432,2.012468,0.06193073,0.03153148,-0.2448004,0,0,0
2433,2.013223,0.06193073,0.03153148,-0.2448004,0,0,0
2434,2.013867,0.06193073,0.03153148,-0.2448004,0,0,0
2435,2.014496,0.06193073,0.03153148,-0.2448004,0,0,0
2436,2.015111,0.06193073,0.03153148,-0.2448004,0,0,0
2437,2.015755,0.06193073,0.03153148,-0.2448004,0,0,0
2438,2.016403,0.06193073,0.03153148,-0.2448004,0,0,0
2439,2.017048,0.06193073,0.03153148,-0.2448004,0,0,0
2440,2.01768,0.06193073,0.03153148,-0.2448004,0,0,0
2441,2.018331,0.06193073,0.03153148,-0.2448004,0,0,0
2442,2.018994,0.06193073,0.03153148,-0.2448004,0,0,0
2443,2.019635,0.06193073,0.03153148,-0.2448004,0,0,0
2444,2.020259,0.06193073,0.03153148,-0.2448004,0,0,0
2445,2.021062,0.06193073,0.03153148,-0.2448004,0,0,0
2446,2.021692,0.06193073,0.03153148,-0.2448004,0,0,0
2447,2.022329,0.06193073,0.03153148,-0.2448004,0,0,0
2448,2.022952,0.06193073,0.03153148,-0.2448004,0,0,0
2449,2.023569,0.06193073,0.03153148,-0.2448004,0,0,0
2450,2.024189,0.06193073,0.03153148,-0.2448004,0,0,0
2451,2.024839,0.06193073,0.03153148,-0.2448004,0,0,0
2452,2.025491,0.06193073,0.03153148,-0.2448004,0,0,0
2453,2.026178,0.06193073,0.03153148,-0.2448004,0,0,0
2454,2.026798,0.06193073,0.03153148,-0.2448004,0,0,0
2455,2.027416,0.06193073,0.03153148,-0.2448004,0,0,0
2456,2.028037,0.06193073,0.03153148,-0.2448004,0,0,0
2457,2.028877,0.06193073,0.03153148,-0.2448004,0,0,0
2458,2.029664,0.06193073,0.03153148,-0.2448004,0,0,0
2459,2.030309,0.06193073,0.03153148,-0.2448004,0,0,0
2460,2.030946,0.06193073,0.03153148,-0.2448004,0,0,0
2461,2.031573,0.06193073,0.03153148,-0.2448004,0,0,0
2462,2.032213,0.06193073,0.03153148,-0.2448004,0,0,0
2463,2.032943,0.06193073,0.03153148,-0.2448004,0,0,0
2464,2.03367,0.06193073,0.03153148,-0.2448004,0,0,0
2465,2.034417,0.06193073,0.03153148,-0.2448004,0,0,0
2466,2.035071,0.06193073,0.03153148,-0.2448004,0,0,0
2467,2.035725,0.06193073,0.03153148,-0.2448004,0,0,0
2468,2.036379,0.06193073,0.03153148,-0.2448004,0,0,0
2469,2.037015,0.06193073,0.03153148,-0.2448004,0,0,0
2470,2.037686,0.06193073,0.03153148,-0.2448004,0,0,0
2471,2.038435,0.06193073,0.03153148,-0.2448004,0,0,0
2472,2.039089,0.06193073,0.03153148,-0.2448004,0,0,0
2473,2.039791,0.06193073,0.03153148,-0.2448004,0,0,0
2474,2.040473,0.06193073,0.03153148,-0.2448004,0,0,0
2475,2.041236,0.06193073,0.03153148,-0.2448004,0,0,0
2476,2.042046,0.06193073,0.03153148,-0.2448004,0,0,0
2477,2.042723,0.06193073,0.03153148,-0.2448004,0,0,0
2478,2.043369,0.06193073,0.03153148,-0.2448004,0,0,0
2479,2.044193,0.06193073,0.03153148,-0.2448004,0,0,0
2480,2.044822,0.06193073,0.03153148,-0.2448004,0,0,0
2481,2.045448,0.06193073,0.03153148,-0.2448004,0,0,0
2482,2.046073,0.06193073,0.03153148,-0.2448004,0,0,0
2483,2.046687,0.06193073,0.03153148,-0.2448004,0,0,0
2484,2.047304,0.06193073,0.03153148,-0.2448004,0,0,0
2485,2.047932,0.06193073,0.03153148,-0.2448004,0,0,0
2486,2.048575,0.06193073,0.03153148,-0.2448004,0,0,0
2487,2.049225,0.06193073,0.03153148,-0.2448004,0,0,0
2488,2.04986,0.06193073,0.03153148,-0.2448004,0,0,0
2489,2.050525,0.06193073,0.03153148,-0.2448004,0,0,0
2490,2.051173,0.06193073,0.03153148,-0.2448004,0,0,0
2491,2.051824,0.06193073,0.03153148,-0.2448004,0,0,0
2492,2.052472,0.06193073,0.03153148,-0.2448004,0,0,0
2493,2.053105,0.06193073,0.03153148,-0.2448004,0,0,0
2494,2.053739,0.06193073,0.03153148,-0.2448004,0,0,0
2495,2.054418,0.06193073,0.03153148,-0.2448004,0,0,0
2496,2.055044,0.06193073,0.03153148,-0.2448004,0,0,0
2497,2.055643,0.06193073,0.03153148,-0.2448004,0,0,0
2498,2.056262,0.06193073,0.03153148,-0.2448004,0,0,0
2499,2.056915,0.06193073,0.03153148,-0.2448004,0,0,0
2500,2.057543,0.06193073,0.03153148,-0.2448004,0,0,0
2501,2.058221,0.06193073,0.03153148,-0.2448004,0,0,0
2502,2.058936,0.06193073,0.03153148,-0.2448004,0,0,0
2503,2.059588,0.06193073,0.03153148,-0.2448004,0,0,0
2504,2.060251,0.06193073,0.03153148,-0.2448004,0,0,0
2505,2.061003,0.06193073,0.03153148,-0.2448004,0,0,0
2506,2.061655,0.06193073,0.03153148,-0.2448004,0,0,0
2507,2.062293,0.06193073,0.03153148,-0.2448004,0,0,0
2508,2.062914,0.06193073,0.03153148,-0.2448004,0,0,0
2509,2.06356,0.06193073,0.03153148,-0.2448004,0,0,0
2510,2.064198,0.06193073,0.03153148,-0.2448004,0,0,0
2511,2.064815,0.06193073,0.03153148,-0.2448004,0,0,0
2512,2.06543,0.06193073,0.03153148,-0.2448004,0,0,0
2513,2.066061,0.06193073,0.03153148,-0.2448004,0,0,0
2514,2.066676,0.06193073,0.03153148,-0.2448004,0,0,0
2515,2.067283,0.06193073,0.03153148,-0.2448004,0,0,0
2516,2.067896,0.06193073,0.03153148,-0.2448004,0,0,0
2517,2.068546,0.06193073,0.03153148,-0.2448004,0,0,0
2518,2.069285,0.06193073,0.03153148,-0.2448004,0,0,0
2519,2.069978,0.06193073,0.03153148,-0.2448004,0,0,0
2520,2.070702,0.06193073,0.03153148,-0.2448004,0,0,0
2521,2.071521,0.06193073,0.03153148,-0.2448004,0,0,0
2522,2.072232,0.06193073,0.03153148,-0.2448004,0,0,0
2523,2.072894,0.06193073,0.03153148,-0.2448004,0,0,0
2524,2.073603,0.06193073,0.03153148,-0.2448004,0,0,0
2525,2.074331,0.06193073,0.03153148,-0.2448004,0,0,0
2526,2.074989,0.06193073,0.03153148,-0.2448004,0,0,0
2527,2.075658,0.06193073,0.03153148,-0.2448004,0,0,0
2528,2.076305,0.06193073,0.03153148,-0.2448004,0,0,0
2529,2.076962,0.06193073,0.03153148,-0.2448004,0,0,0
2530,2.077622,0.06193073,0.03153148,-0.2448004,0,0,0
2531,2.07826,0.06193073,0.03153148,-0.2448004,0,0,0
2532,2.078935,0.06193073,0.03153148,-0.2448004,0,0,0
2533,2.079609,0.06193073,0.03153148,-0.2448004,0,0,0
2534,2.080266,0.06193073,0.03153148,-0.2448004,0,0,0
2535,2.081008,0.06193073,0.03153148,-0.2448004,0,0,0
2536,2.081629,0.06193073,0.03153148,-0.2448004,0,0,0
2537,2.082371,0.06193073,0.03153148,-0.2448004,0,0,0
2538,2.083008,0.06193073,0.03153148,-0.2448004,0,0,0
2539,2.083655,0.06193073,0.03153148,-0.2448004,0,0,0
2540,2.084322,0.06193073,0.03153148,-0.2448004,0,0,0
2541,2.084964,0.06193073,0.03153148,-0.2448004,0,0,0
2542,2.085629,0.06193073,0.03153148,-0.2448004,0,0,0
2543,2.086265,0.06193073,0.03153148,-0.2448004,0,0,0
2544,2.086928,0.06193073,0.03153148,-0.2448004,0,0,0
2545,2.087592,0.06193073,0.03153148,-0.2448004,0,0,0
2546,2.088304,0.06193073,0.03153148,-0.2448004,0,0,0
2547,2.089102,0.06193073,0.03153148,-0.2448004,0,0,0
2548,2.089733,0.06193073,0.03153148,-0.2448004,0,0,0
2549,2.090357,0.06193073,0.03153148,-0.2448004,0,0,0
2550,2.091021,0.06193073,0.03153148,-0.2448004,0,0,0
2551,2.09165,0.06193073,0.03153148,-0.2448004,0,0,0
2552,2.092468,0.06193073,0.03153148,-0.2448004,0,0,0
2553,2.093149,0.06193073,0.03153148,-0.2448004,0,0,0
2554,2.093778,0.06193073,0.03153148,-0.2448004,0,0,0
2555,2.096944,0.06193073,0.03153148,-0.2448004,0,0,0
2556,2.097602,0.06193073,0.03153148,-0.2448004,0,0,0
2557,2.098218,0.06193073,0.03153148,-0.2448004,0,0,0
2558,2.098862,0.06193073,0.03153148,-0.2448004,0,0,0
2559,2.099561,0.06193073,0.03153148,-0.2448004,0,0,0
2560,2.100182,0.06193073,0.03153148,-0.2448004,0,0,0
2561,2.100928,0.06193073,0.03153148,-0.2448004,0,0,0
2562,2.101608,0.06193073,0.03153148,-0.2448004,0,0,0
2563,2.102235,0.06193073,0.03153148,-0.2448004,0,0,0
2564,2.102837,0.06193073,0.03153148,-0.2448004,0,0,0
2565,2.103475,0.06193073,0.03153148,-0.2448004,0,0,0
2566,2.104211,0.06193073,0.03153148,-0.2448004,0,0,0
2567,2.104856,0.06193073,0.03153148,-0.2448004,0,0,0
2568,2.105544,0.06193073,0.03153148,-0.2448004,0,0,0
2569,2.106195,0.06193073,0.03153148,-0.2448004,0,0,0
2570,2.106821,0.06193073,0.03153148,-0.2448004,0,0,0
2571,2.107445,0.06193073,0.03153148,-0.2448004,0,0,0
2572,2.108056,0.06193073,0.03153148,-0.2448004,0,0,0
2573,2.108676,0.06193073,0.03153148,-0.2448004,0,0,0
2574,2.109286,0.06193073,0.03153148,-0.2448004,0,0,0
2575,2.109954,0.06193073,0.03153148,-0.2448004,0,0,0
2576,2.110589,0.06193073,0.03153148,-0.2448004,0,0,0
2577,2.111222,0.06193073,0.03153148,-0.2448004,0,0,0
2578,2.111833,0.06193073,0.03153148,-0.2448004,0,0,0
2579,2.112439,0.06193073,0.03153148,-0.2448004,0,0,0
2580,2.113052,0.06193073,0.03153148,-0.2448004,0,0,0
2581,2.113688,0.06193073,0.03153148,-0.2448004,0,0,0
2582,2.11431,0.06193073,0.03153148,-0.2448004,0,0,0
2583,2.11496,0.06193073,0.03153148,-0.2448004,0,0,0
2584,2.115651,0.06193073,0.03153148,-0.2448004,0,0,0
2585,2.116296,0.06193073,0.03153148,-0.2448004,0,0,0
2586,2.116912,0.06193073,0.03153148,-0.2448004,0,0,0
2587,2.117524,0.06193073,0.03153148,-0.2448004,0,0,0
2588,2.118143,0.06193073,0.03153148,-0.2448004,0,0,0
2589,2.118813,0.06193073,0.03153148,-0.2448004,0,0,0
2590,2.119524,0.06193073,0.03153148,-0.2448004,0,0,0
2591,2.120166,0.06193073,0.03153148,-0.2448004,0,0,0
2592,2.120887,0.06193073,0.03153148,-0.2448004,0,0,0
2593,2.121493,0.06193073,0.03153148,-0.2448004,0,0,0
2594,2.122137,0.06193073,0.03153148,-0.2448004,0,0,0
2595,2.122747,0.06193073,0.03153148,-0.2448004,0,0,0
2596,2.123352,0.06193073,0.03153148,-0.2448004,0,0,0
2597,2.124,0.06193073,0.03153148,-0.2448004,0,0,0
2598,2.124681,0.06193073,0.03153148,-0.2448004,0,0,0
2599,2.125358,0.06193073,0.03153148,-0.2448004,0,0,0
2600,2.126025,0.06193073,0.03153148,-0.2448004,0,0,0
2601,2.126653,0.06193073,0.03153148,-0.2448004,0,0,0
2602,2.127256,0.06193073,0.03153148,-0.2448004,0,0,0
2603,2.127885,0.06193073,0.03153148,-0.2448004,0,0,0
2604,2.1285,0.06193073,0.03153148,-0.2448004,0,0,0
2605,2.129103,0.06193073,0.03153148,-0.2448004,0,0,0
2606,2.129751,0.06193073,0.03153148,-0.2448004,0,0,0
2607,2.130499,0.06193073,0.03153148,-0.2448004,0,0,0
2608,2.131183,0.06193073,0.03153148,-0.2448004,0,0,0
2609,2.131825,0.06193073,0.03153148,-0.2448004,0,0,0
2610,2.132501,0.06193073,0.03153148,-0.2448004,0,0,0
2611,2.133141,0.06193073,0.03153148,-0.2448004,0,0,0
2612,2.133804,0.06193073,0.03153148,-0.2448004,0,0,0
2613,2.134477,0.06193073,0.03153148,-0.2448004,0,0,0
2614,2.135131,0.06193073,0.03153148,-0.2448004,0,0,0
2615,2.135801,0.06193073,0.03153148,-0.2448004,0,0,0
2616,2.136446,0.06193073,0.03153148,-0.2448004,0,0,0
2617,2.137064,0.06193073,0.03153148,-0.2448004,0,0,0
2618,2.137711,0.06193073,0.03153148,-0.2448004,0,0,0
2619,2.138398,0.06193073,0.03153148,-0.2448004,0,0,0
2620,2.13904,0.06193073,0.03153148,-0.2448004,0,0,0
2621,2.139649,0.06193073,0.03153148,-0.2448004,0,0,0
2622,2.140331,0.06193073,0.03153148,-0.2448004,0,0,0
2623,2.141073,0.06193073,0.03153148,-0.2448004,0,0,0
2624,2.141684,0.06193073,0.03153148,-0.2448004,0,0,0
2625,2.142317,0.06193073,0.03153148,-0.2448004,0,0,0
2626,2.142983,0.06193073,0.03153148,-0.2448004,0,0,0
2627,2.143628,0.06193073,0.03153148,-0.2448004,0,0,0
2628,2.144244,0.06193073,0.03153148,-0.2448004,0,0,0
2629,2.144872,0.06193073,0.03153148,-0.2448004,0,0,0
2630,2.145494,0.06193073,0.03153148,-0.2448004,0,0,0
2631,2.146122,0.06193073,0.03153148,-0.2448004,0,0,0
2632,2.146741,0.06193073,0.03153148,-0.2448004,0,0,0
2633,2.147538,0.06193073,0.03153148,-0.2448004,0,0,0
2634,2.148274,0.06193073,0.03153148,-0.2448004,0,0,0
2635,2.14906,0.06193073,0.03153148,-0.2448004,0,0,0
2636,2.149835,0.06193073,0.03153148,-0.2448004,0,0,0
2637,2.150476,0.06193073,0.03153148,-0.2448004,0,0,0
2638,2.15113,0.06193073,0.03153148,-0.2448004,0,0,0
2639,2.151785,0.06193073,0.03153148,-0.2448004,0,0,0
2640,2.152435,0.06193073,0.03153148,-0.2448004,0,0,0
2641,2.153111,0.06193073,0.03153148,-0.2448004,0,0,0
2642,2.153718,0.06193073,0.03153148,-0.2448004,0,0,0
2643,2.154341,0.06193073,0.03153148,-0.2448004,0,0,0
2644,2.154968,0.06193073,0.03153148,-0.2448004,0,0,0
2645,2.15561,0.06193073,0.03153148,-0.2448004,0,0,0
2646,2.156232,0.06193073,0.03153148,-0.2448004,0,0,0
2647,2.156839,0.06193073,0.03153148,-0.2448004,0,0,0
2648,2.157492,0.06193073,0.03153148,-0.2448004,0,0,0
2649,2.158134,0.06193073,0.03153148,-0.2448004,0,0,0
2650,2.158784,0.06193073,0.03153148,-0.2448004,0,0,0
2651,2.159426,0.06193073,0.03153148,-0.2448004,0,0,0
2652,2.160063,0.06193073,0.03153148,-0.2448004,0,0,0
2653,2.160822,0.06193073,0.03153148,-0.2448004,0,0,0
2654,2.161462,0.06193073,0.03153148,-0.2448004,0,0,0
2655,2.162085,0.06193073,0.03153148,-0.2448004,0,0,0
2656,2.162699,0.06193073,0.03153148,-0.2448004,0,0,0
2657,2.163377,0.06193073,0.03153148,-0.2448004,0,0,0
2658,2.164036,0.06193073,0.03153148,-0.2448004,0,0,0
2659,2.16465,0.06193073,0.03153148,-0.2448004,0,0,0
2660,2.165272,0.06193073,0.03153148,-0.2448004,0,0,0
2661,2.165888,0.06193073,0.03153148,-0.2448004,0,0,0
2662,2.166494,0.06193073,0.03153148,-0.2448004,0,0,0
2663,2.16711,0.06193073,0.03153148,-0.2448004,0,0,0
2664,2.167751,0.06193073,0.03153148,-0.2448004,0,0,0
2665,2.168355,0.06193073,0.03153148,-0.2448004,0,0,0
2666,2.168968,0.06193073,0.03153148,-0.2448004,0,0,0
2667,2.169641,0.06193073,0.03153148,-0.2448004,0,0,0
2668,2.170403,0.06193073,0.03153148,-0.2448004,0,0,0
2669,2.171017,0.06193073,0.03153148,-0.2448004,0,0,0
2670,2.17167,0.06193073,0.03153148,-0.2448004,0,0,0
2671,2.172356,0.06193073,0.03153148,-0.2448004,0,0,0
2672,2.172987,0.06193073,0.03153148,-0.2448004,0,0,0
2673,2.173628,0.06193073,0.03153148,-0.2448004,0,0,0
2674,2.174248,0.06193073,0.03153148,-0.2448004,0,0,0
2675,2.174865,0.06193073,0.03153148,-0.2448004,0,0,0
2676,2.175479,0.06193073,0.03153148,-0.2448004,0,0,0
2677,2.176174,0.06193073,0.03153148,-0.2448004,0,0,0
2678,2.176837,0.06193073,0.03153148,-0.2448004,0,0,0
2679,2.177516,0.06193073,0.03153148,-0.2448004,0,0,0
2680,2.178227,0.06193073,0.03153148,-0.2448004,0,0,0
2681,2.17889,0.06193073,0.03153148,-0.2448004,0,0,0
2682,2.179537,0.06193073,0.03153148,-0.2448004,0,0,0
2683,2.180196,0.06193073,0.03153148,-0.2448004,0,0,0
2684,2.180946,0.06193073,0.03153148,-0.2448004,0,0,0
2685,2.181617,0.06193073,0.03153148,-0.2448004,0,0,0
2686,2.18224,0.06193073,0.03153148,-0.2448004,0,0,0
2687,2.185111,0.06193073,0.03153148,-0.2448004,0,0,0
2688,2.185749,0.06193073,0.03153148,-0.2448004,0,0,0
2689,2.186376,0.06193073,0.03153148,-0.2448004,0,0,0
2690,2.186989,0.06193073,0.03153148,-0.2448004,0,0,0
2691,2.187583,0.06193073,0.03153148,-0.2448004,0,0,0
2692,2.188211,0.06193073,0.03153148,-0.2448004,0,0,0
2693,2.188854,0.06193073,0.03153148,-0.2448004,0,0,0
2694,2.189549,0.06193073,0.03153148,-0.2448004,0,0,0
2695,2.190172,0.06193073,0.03153148,-0.2448004,0,0,0
2696,2.190846,0.06193073,0.03153148,-0.2448004,0,0,0
2697,2.191519,0.06193073,0.03153148,-0.2448004,0,0,0
2698,2.19236,0.06193073,0.03153148,-0.2448004,0,0,0
2699,2.193012,0.06193073,0.03153148,-0.2448004,0,0,0
2700,2.193657,0.06193073,0.03153148,-0.2448004,0,0,0
2701,2.194319,0.06193073,0.03153148,-0.2448004,0,0,0
2702,2.194973,0.06193073,0.03153148,-0.2448004,0,0,0
2703,2.195608,0.06193073,0.03153148,-0.2448004,0,0,0
2704,2.196304,0.06193073,0.03153148,-0.2448004,0,0,0
2705,2.197043,0.06193073,0.03153148,-0.2448004,0,0,0
2706,2.197812,0.06193073,0.03153148,-0.2448004,0,0,0
2707,2.198465,0.06193073,0.03153148,-0.2448004,0,0,0
2708,2.199077,0.06193073,0.03153148,-0.2448004,0,0,0
2709,2.199692,0.06193073,0.03153148,-0.2448004,0,0,0
2710,2.200361,0.06193073,0.03153148,-0.2448004,0,0,0
2711,2.201133,0.06193073,0.03153148,-0.2448004,0,0,0
2712,2.201751,0.06193073,0.03153148,-0.2448004,0,0,0
2713,2.202396,0.06193073,0.03153148,-0.2448004,0,0,0
2714,2.20307,0.06193073,0.03153148,-0.2448004,0,0,0
2715,2.203701,0.06193073,0.03153148,-0.2448004,0,0,0
2716,2.204342,0.06193073,0.03153148,-0.2448004,0,0,0
2717,2.204982,0.06193073,0.03153148,-0.2448004,0,0,0
2718,2.205612,0.06193073,0.03153148,-0.2448004,0,0,0
2719,2.206249,0.06193073,0.03153148,-0.2448004,0,0,0
2720,2.20686,0.06193073,0.03153148,-0.2448004,0,0,0
2721,2.207537,0.06193073,0.03153148,-0.2448004,0,0,0
2722,2.208368,0.06193073,0.03153148,-0.2448004,0,0,0
2723,2.209106,0.06193073,0.03153148,-0.2448004,0,0,0
2724,2.209768,0.06193073,0.03153148,-0.2448004,0,0,0
2725,2.210406,0.06193073,0.03153148,-0.2448004,0,0,0
2726,2.211054,0.06193073,0.03153148,-0.2448004,0,0,0
2727,2.211743,0.06193073,0.03153148,-0.2448004,0,0,0
2728,2.212433,0.06193073,0.03153148,-0.2448004,0,0,0
2729,2.213069,0.06193073,0.03153148,-0.2448004,0,0,0
2730,2.213744,0.06193073,0.03153148,-0.2448004,0,0,0
2731,2.214409,0.06193073,0.03153148,-0.2448004,0,0,0
2732,2.215024,0.06193073,0.03153148,-0.2448004,0,0,0
2733,2.21564,0.06193073,0.03153148,-0.2448004,0,0,0
2734,2.216246,0.06193073,0.03153148,-0.2448004,0,0,0
2735,2.216888,0.06193073,0.03153148,-0.2448004,0,0,0
2736,2.217512,0.06193073,0.03153148,-0.2448004,0,0,0
2737,2.218155,0.06193073,0.03153148,-0.2448004,0,0,0
2738,2.218771,0.06193073,0.03153148,-0.2448004,0,0,0
2739,2.219401,0.06193073,0.03153148,-0.2448004,0,0,0
2740,2.220096,0.06193073,0.03153148,-0.2448004,0,0,0
2741,2.22082,0.06193073,0.03153148,-0.2448004,0,0,0
2742,2.221432,0.06193073,0.03153148,-0.2448004,0,0,0
2743,2.222071,0.06193073,0.03153148,-0.2448004,0,0,0
2744,2.222688,0.06193073,0.03153148,-0.2448004,0,0,0
2745,2.223361,0.06193073,0.03153148,-0.2448004,0,0,0
2746,2.224036,0.06193073,0.03153148,-0.2448004,0,0,0
2747,2.224716,0.06193073,0.03153148,-0.2448004,0,0,0
2748,2.225373,0.06193073,0.03153148,-0.2448004,0,0,0
2749,2.226023,0.06193073,0.03153148,-0.2448004,0,0,0
2750,2.226697,0.06193073,0.03153148,-0.2448004,0,0,0
2751,2.227353,0.06193073,0.03153148,-0.2448004,0,0,0
2752,2.227969,0.06193073,0.03153148,-0.2448004,0,0,0
2753,2.228595,0.06193073,0.03153148,-0.2448004,0,0,0
2754,2.229253,0.06193073,0.03153148,-0.2448004,0,0,0
2755,2.229881,0.06193073,0.03153148,-0.2448004,0,0,0
2756,2.230523,0.06193073,0.03153148,-0.2448004,0,0,0
2757,2.231131,0.06193073,0.03153148,-0.2448004,0,0,0
2758,2.231805,0.06193073,0.03153148,-0.2448004,0,0,0
2759,2.232463,0.06193073,0.03153148,-0.2448004,0,0,0
2760,2.233118,0.06193073,0.03153148,-0.2448004,0,0,0
2761,2.233742,0.06193073,0.03153148,-0.2448004,0,0,0
2762,2.234401,0.06193073,0.03153148,-0.2448004,0,0,0
2763,2.235122,0.06193073,0.03153148,-0.2448004,0,0,0
2764,2.235904,0.06193073,0.03153148,-0.2448004,0,0,0
2765,2.236558,0.06193073,0.03153148,-0.2448004,0,0,0
2766,2.237236,0.06193073,0.03153148,-0.2448004,0,0,0
2767,2.237867,0.06193073,0.03153148,-0.2448004,0,0,0
2768,2.23849,0.06193073,0.03153148,-0.2448004,0,0,0
2769,2.239223,0.06193073,0.03153148,-0.2448004,0,0,0
2770,2.239848,0.06193073,0.03153148,-0.2448004,0,0,0
2771,2.240456,0.06193073,0.03153148,-0.2448004,0,0,0
2772,2.241184,0.06193073,0.03153148,-0.2448004,0,0,0
2773,2.241834,0.06193073,0.03153148,-0.2448004,0,0,0
2774,2.242526,0.06193073,0.03153148,-0.2448004,0,0,0
2775,2.24316,0.06193073,0.03153148,-0.2448004,0,0,0
2776,2.24378,0.06193073,0.03153148,-0.2448004,0,0,0
2777,2.244397,0.06193073,0.03153148,-0.2448004,0,0,0
2778,2.245019,0.06193073,0.03153148,-0.2448004,0,0,0
2779,2.245639,0.06193073,0.03153148,-0.2448004,0,0,0
2780,2.246243,0.06193073,0.03153148,-0.2448004,0,0,0
2781,2.24687,0.06193073,0.03153148,-0.2448004,0,0,0
2782,2.247491,0.06193073,0.03153148,-0.2448004,0,0,0
2783,2.24812,0.06193073,0.03153148,-0.2448004,0,0,0
2784,2.248761,0.06193073,0.03153148,-0.2448004,0,0,0
2785,2.249497,0.06193073,0.03153148,-0.2448004,0,0,0
2786,2.250115,0.06193073,0.03153148,-0.2448004,0,0,0
2787,2.250763,0.06193073,0.03153148,-0.2448004,0,0,0
2788,2.251427,0.06193073,0.03153148,-0.2448004,0,0,0
2789,2.252053,0.06193073,0.03153148,-0.2448004,0,0,0
2790,2.252692,0.06193073,0.03153148,-0.2448004,0,0,0
2791,2.253393,0.06193073,0.03153148,-0.2448004,0,0,0
2792,2.254132,0.06193073,0.03153148,-0.2448004,0,0,0
2793,2.254795,0.06193073,0.03153148,-0.2448004,0,0,0
2794,2.255472,0.06193073,0.03153148,-0.2448004,0,0,0
2795,2.25611,0.06193073,0.03153148,-0.2448004,0,0,0
2796,2.256773,0.06193073,0.03153148,-0.2448004,0,0,0
2797,2.257391,0.06193073,0.03153148,-0.2448004,0,0,0
2798,2.258014,0.06193073,0.03153148,-0.2448004,0,0,0
2799,2.258645,0.06193073,0.03153148,-0.2448004,0,0,0
2800,2.259283,0.06193073,0.03153148,-0.2448004,0,0,0
2801,2.25995,0.06193073,0.03153148,-0.2448004,0,0,0
2802,2.260566,0.06193073,0.03153148,-0.2448004,0,0,0
2803,2.261293,0.06193073,0.03153148,-0.2448004,0,0,0
2804,2.261977,0.06193073,0.03153148,-0.2448004,0,0,0
2805,2.262701,0.06193073,0.03153148,-0.2448004,0,0,0
2806,2.263327,0.06193073,0.03153148,-0.2448004,0,0,0
2807,2.263983,0.06193073,0.03153148,-0.2448004,0,0,0
2808,2.264628,0.06193073,0.03153148,-0.2448004,0,0,0
2809,2.265302,0.06193073,0.03153148,-0.2448004,0,0,0
2810,2.266059,0.06193073,0.03153148,-0.2448004,0,0,0
2811,2.266722,0.06193073,0.03153148,-0.2448004,0,0,0
2812,2.267482,0.06193073,0.03153148,-0.2448004,0,0,0
2813,2.270113,0.06193073,0.03153148,-0.2448004,0,0,0
2814,2.270818,0.06193073,0.03153148,-0.2448004,0,0,0
2815,2.271516,0.06193073,0.03153148,-0.2448004,0,0,0
2816,2.272197,0.06193073,0.03153148,-0.2448004,0,0,0
2817,2.272836,0.06193073,0.03153148,-0.2448004,0,0,0
2818,2.27347,0.06193073,0.03153148,-0.2448004,0,0,0
2819,2.274174,0.06193073,0.03153148,-0.2448004,0,0,0
2820,2.274817,0.06193073,0.03153148,-0.2448004,0,0,0
2821,2.275449,0.06193073,0.03153148,-0.2448004,0,0,0
2822,2.276105,0.06193073,0.03153148,-0.2448004,0,0,0
2823,2.276735,0.06193073,0.03153148,-0.2448004,0,0,0
2824,2.277371,0.06193073,0.03153148,-0.2448004,0,0,0
2825,2.278001,0.06193073,0.03153148,-0.2448004,0,0,0
2826,2.278613,0.06193073,0.03153148,-0.2448004,0,0,0
2827,2.279216,0.06193073,0.03153148,-0.2448004,0,0,0
2828,2.279831,0.06193073,0.03153148,-0.2448004,0,0,0
2829,2.280549,0.06193073,0.03153148,-0.2448004,0,0,0
2830,2.281286,0.06193073,0.03153148,-0.2448004,0,0,0
2831,2.281891,0.06193073,0.03153148,-0.2448004,0,0,0
2832,2.282494,0.06193073,0.03153148,-0.2448004,0,0,0
2833,2.283129,0.06193073,0.03153148,-0.2448004,0,0,0
2834,2.283843,0.06193073,0.03153148,-0.2448004,0,0,0
2835,2.28455,0.06193073,0.03153148,-0.2448004,0,0,0
2836,2.285189,0.06193073,0.03153148,-0.2448004,0,0,0
2837,2.28581,0.06193073,0.03153148,-0.2448004,0,0,0
2838,2.286425,0.06193073,0.03153148,-0.2448004,0,0,0
2839,2.287085,0.06193073,0.03153148,-0.2448004,0,0,0
2840,2.287746,0.06193073,0.03153148,-0.2448004,0,0,0
2841,2.288383,0.06193073,0.03153148,-0.2448004,0,0,0
2842,2.289004,0.06193073,0.03153148,-0.2448004,0,0,0
2843,2.289612,0.06193073,0.03153148,-0.2448004,0,0,0
2844,2.290226,0.06193073,0.03153148,-0.2448004,0,0,0
2845,2.290831,0.06193073,0.03153148,-0.2448004,0,0,0
2846,2.291434,0.06193073,0.03153148,-0.2448004,0,0,0
2847,2.292035,0.06193073,0.03153148,-0.2448004,0,0,0
2848,2.29266,0.06193073,0.03153148,-0.2448004,0,0,0
2849,2.293328,0.06193073,0.03153148,-0.2448004,0,0,0
2850,2.294092,0.06193073,0.03153148,-0.2448004,0,0,0
2851,2.294775,0.06193073,0.03153148,-0.2448004,0,0,0
2852,2.295424,0.06193073,0.03153148,-0.2448004,0,0,0
2853,2.296103,0.06193073,0.03153148,-0.2448004,0,0,0
2854,2.296824,0.06193073,0.03153148,-0.2448004,0,0,0
2855,2.297543,0.06193073,0.03153148,-0.2448004,0,0,0
2856,2.298234,0.06193073,0.03153148,-0.2448004,0,0,0
2857,2.298904,0.06193073,0.03153148,-0.2448004,0,0,0
2858,2.299607,0.06193073,0.03153148,-0.2448004,0,0,0
2859,2.30031,0.06193073,0.03153148,-0.2448004,0,0,0
2860,2.301095,0.06192198,0.03147611,-0.244746,0,0,0
2861,2.30199,0.06192198,0.03147611,-0.244746,-8.919516E-05,-8.919516E-05,8.777052E-05
2862,2.303016,0.06192198,0.03147611,-0.244746,-8.919516E-05,-8.919516E-05,8.777052E-05
2863,2.303684,0.06192198,0.03147611,-0.244746,-8.919516E-05,-8.919516E-05,8.777052E-05
2864,2.304339,0.06192198,0.03147611,-0.244746,-8.919516E-05,-8.919516E-05,8.777052E-05
2865,2.30501,0.06192198,0.03147611,-0.244746,-8.919516E-05,-8.919516E-05,8.777052E-05
2866,2.305683,0.06192198,0.03147611,-0.244746,-8.919516E-05,-8.919516E-05,8.777052E-05
2867,2.30631,0.06192198,0.03147611,-0.244746,-8.919516E-05,-8.919516E-05,8.777052E-05
2868,2.306949,0.06192198,0.03147611,-0.244746,-8.919516E-05,-8.919516E-05,8.777052E-05
2869,2.307564,0.06192198,0.03147611,-0.244746,-8.919516E-05,-8.919516E-05,8.777052E-05
2870,2.308186,0.06192198,0.03147611,-0.244746,-8.919516E-05,-8.919516E-05,8.777052E-05
2871,2.308825,0.06192198,0.03147611,-0.244746,-8.919516E-05,-8.919516E-05,8.777052E-05
2872,2.309443,0.06192198,0.03147611,-0.244746,-8.919516E-05,-8.919516E-05,8.777052E-05
2873,2.310108,0.06192198,0.03147611,-0.244746,0,0,0
2874,2.310737,0.06192198,0.03147611,-0.244746,0,0,0
2875,2.311381,0.06192198,0.03147611,-0.244746,0,0,0
2876,2.312056,0.06192198,0.03147611,-0.244746,0,0,0
2877,2.312784,0.06192198,0.03147611,-0.244746,0,0,0
2878,2.313411,0.06192198,0.03147611,-0.244746,0,0,0
2879,2.314186,0.06192198,0.03147611,-0.244746,0,0,0
2880,2.314866,0.06192198,0.03147611,-0.244746,0,0,0
2881,2.31552,0.06192198,0.03147611,-0.244746,0,0,0
2882,2.316147,0.06192198,0.03147611,-0.244746,0,0,0
2883,2.316826,0.06192198,0.03147611,-0.244746,0,0,0
2884,2.317544,0.06192198,0.03147611,-0.244746,0,0,0
2885,2.318285,0.06192198,0.03147611,-0.244746,0,0,0
2886,2.318934,0.06192198,0.03147611,-0.244746,0,0,0
2887,2.319562,0.06192198,0.03147611,-0.244746,0,0,0
2888,2.320261,0.06192198,0.03147611,-0.244746,0,0,0
2889,2.321116,0.06192198,0.03147611,-0.244746,0,0,0
2890,2.321871,0.06192198,0.03147611,-0.244746,0,0,0
2891,2.32254,0.06192198,0.03147611,-0.244746,0,0,0
2892,2.323177,0.06192198,0.03147611,-0.244746,0,0,0
2893,2.323826,0.06192198,0.03147611,-0.244746,0,0,0
2894,2.324505,0.06192198,0.03147611,-0.244746,0,0,0
2895,2.325134,0.06192198,0.03147611,-0.244746,0,0,0
2896,2.325761,0.06192198,0.03147611,-0.244746,0,0,0
2897,2.326449,0.06192198,0.03147611,-0.244746,0,0,0
2898,2.327092,0.06192198,0.03147611,-0.244746,0,0,0
2899,2.327752,0.06192198,0.03147611,-0.244746,0,0,0
2900,2.328404,0.06192198,0.03147611,-0.244746,0,0,0
2901,2.32905,0.06192198,0.03147611,-0.244746,0,0,0
2902,2.329672,0.06192198,0.03147611,-0.244746,0,0,0
2903,2.330291,0.06192198,0.03147611,-0.244746,0,0,0
2904,2.33089,0.06192198,0.03147611,-0.244746,0,0,0
2905,2.331516,0.06192198,0.03147611,-0.244746,0,0,0
2906,2.332226,0.06192198,0.03147611,-0.244746,0,0,0
2907,2.332875,0.06192198,0.03147611,-0.244746,0,0,0
2908,2.333507,0.06192198,0.03147611,-0.244746,0,0,0
2909,2.334157,0.06192198,0.03147611,-0.244746,0,0,0
2910,2.334839,0.06192198,0.03147611,-0.244746,0,0,0
2911,2.335619,0.06192198,0.03147611,-0.244746,0,0,0
2912,2.336292,0.06192198,0.03147611,-0.244746,0,0,0
2913,2.336936,0.06192198,0.03147611,-0.244746,0,0,0
2914,2.337573,0.06192198,0.03147611,-0.244746,0,0,0
2915,2.338198,0.06192198,0.03147611,-0.244746,0,0,0
2916,2.338866,0.06192198,0.03147611,-0.244746,0,0,0
2917,2.339504,0.06192198,0.03147611,-0.244746,0,0,0
2918,2.340126,0.06192198,0.03147611,-0.244746,0,0,0
2919,2.340894,0.06192198,0.03147611,-0.244746,0,0,0
2920,2.341622,0.06192198,0.03147611,-0.244746,0,0,0
2921,2.342355,0.06192198,0.03147611,-0.244746,0,0,0
2922,2.343031,0.06192198,0.03147611,-0.244746,0,0,0
2923,2.343785,0.06192198,0.03147611,-0.244746,0,0,0
2924,2.344553,0.06192198,0.03147611,-0.244746,0,0,0
2925,2.345201,0.06192198,0.03147611,-0.244746,0,0,0
2926,2.345836,0.06192198,0.03147611,-0.244746,0,0,0
2927,2.346489,0.06192198,0.03147611,-0.244746,0,0,0
2928,2.347186,0.06192198,0.03147611,-0.244746,0,0,0
2929,2.347845,0.06192198,0.03147611,-0.244746,0,0,0
2930,2.348492,0.06192198,0.03147611,-0.244746,0,0,0
2931,2.349113,0.06192198,0.03147611,-0.244746,0,0,0
2932,2.349736,0.06192198,0.03147611,-0.244746,0,0,0
2933,2.350352,0.06192198,0.03147611,-0.244746,0,0,0
2934,2.350961,0.06192198,0.03147611,-0.244746,0,0,0
2935,2.351628,0.06192198,0.03147611,-0.244746,0,0,0
2936,2.352282,0.06192198,0.03147611,-0.244746,0,0,0
2937,2.352931,0.06192198,0.03147611,-0.244746,0,0,0
2938,2.353538,0.06192198,0.03147611,-0.244746,0,0,0
2939,2.35415,0.06191322,0.03142077,-0.2446915,0,0,0
2940,2.356926,0.06191322,0.03142077,-0.2446915,-0.001037369,-0.001037369,0.001021768
2941,2.357672,0.06191322,0.03142077,-0.2446915,-0.001037369,-0.001037369,0.001021768
2942,2.358311,0.06191322,0.03142077,-0.2446915,-0.001037369,-0.001037369,0.001021768
2943,2.35906,0.06191322,0.03142077,-0.2446915,-0.001037369,-0.001037369,0.001021768
2944,2.35988,0.06191322,0.03142077,-0.2446915,-0.001037369,-0.001037369,0.001021768
2945,2.360528,0.06191322,0.03142077,-0.2446915,-0.001037369,-0.001037369,0.001021768
2946,2.36135,0.06191322,0.03142077,-0.2446915,-0.001037369,-0.001037369,0.001021768
2947,2.361977,0.06191322,0.03142077,-0.2446915,-0.001037369,-0.001037369,0.001021768
2948,2.362756,0.06191322,0.03142077,-0.2446915,0,0,0
2949,2.363373,0.06191322,0.03142077,-0.2446915,0,0,0
2950,2.364045,0.06191322,0.03142077,-0.2446915,0,0,0
2951,2.36472,0.06191322,0.03142077,-0.2446915,0,0,0
2952,2.365394,0.06191322,0.03142077,-0.2446915,0,0,0
2953,2.366079,0.06191322,0.03142077,-0.2446915,0,0,0
2954,2.36683,0.06191322,0.03142077,-0.2446915,0,0,0
2955,2.367464,0.06191322,0.03142077,-0.2446915,0,0,0
2956,2.368104,0.06191322,0.03142077,-0.2446915,0,0,0
2957,2.368701,0.06191322,0.03142077,-0.2446915,0,0,0
2958,2.369319,0.06191322,0.03142077,-0.2446915,0,0,0
2959,2.369962,0.06191322,0.03142077,-0.2446915,0,0,0
2960,2.370644,0.06191322,0.03142077,-0.2446915,0,0,0
2961,2.371374,0.06191322,0.03142077,-0.2446915,0,0,0
2962,2.372075,0.06191322,0.03142077,-0.2446915,0,0,0
2963,2.372763,0.06191322,0.03142077,-0.2446915,0,0,0
2964,2.373392,0.06191322,0.03142077,-0.2446915,0,0,0
2965,2.374051,0.06191322,0.03142077,-0.2446915,0,0,0
2966,2.374901,0.06191322,0.03142077,-0.2446915,0,0,0
2967,2.378589,0.06191322,0.03142077,-0.2446915,0,0,0
2968,2.379295,0.06191322,0.03142077,-0.2446915,0,0,0
2969,2.380103,0.06191322,0.03142077,-0.2446915,0,0,0
2970,2.380905,0.06191322,0.03142077,-0.2446915,0,0,0
2971,2.381693,0.06191322,0.03142077,-0.2446915,0,0,0
2972,2.382325,0.06191322,0.03142077,-0.2446915,0,0,0
2973,2.382953,0.06191322,0.03142077,-0.2446915,0,0,0
2974,2.383591,0.06191322,0.03142077,-0.2446915,0,0,0
2975,2.384326,0.06191322,0.03142077,-0.2446915,0,0,0
2976,2.385067,0.06191322,0.03142077,-0.2446915,0,0,0
2977,2.38578,0.06191322,0.03142077,-0.2446915,0,0,0
2978,2.3865,0.06191322,0.03142077,-0.2446915,0,0,0
2979,2.387173,0.06191322,0.03142077,-0.2446915,0,0,0
2980,2.387837,0.06191322,0.03142077,-0.2446915,0,0,0
2981,2.388488,0.06191322,0.03142077,-0.2446915,0,0,0
2982,2.389174,0.06191322,0.03142077,-0.2446915,0,0,0
2983,2.389858,0.06191322,0.03142077,-0.2446915,0,0,0
2984,2.390476,0.06191322,0.03142077,-0.2446915,0,0,0
2985,2.391096,0.06191322,0.03142077,-0.2446915,0,0,0
2986,2.391783,0.06191322,0.03142077,-0.2446915,0,0,0
2987,2.392729,0.06191322,0.03142077,-0.2446915,0,0,0
2988,2.393497,0.06191322,0.03142077,-0.2446915,0,0,0
2989,2.394184,0.06191322,0.03142077,-0.2446915,0,0,0
2990,2.394851,0.06191322,0.03142077,-0.2446915,0,0,0
2991,2.395518,0.06191322,0.03142077,-0.2446915,0,0,0
2992,2.396188,0.06191322,0.03142077,-0.2446915,0,0,0
2993,2.396801,0.06191322,0.03142077,-0.2446915,0,0,0
2994,2.397444,0.06191322,0.03142077,-0.2446915,0,0,0
2995,2.398129,0.06191322,0.03142077,-0.2446915,0,0,0
2996,2.398761,0.06191322,0.03142077,-0.2446915,0,0,0
2997,2.399399,0.06191322,0.03142077,-0.2446915,0,0,0
2998,2.400033,0.06191322,0.03142077,-0.2446915,0,0,0
2999,2.400915,0.06191322,0.03142077,-0.2446915,0,0,0
3000,2.401566,0.06191322,0.03142077,-0.2446915,0,0,0
3001,2.402179,0.06191322,0.03142077,-0.2446915,0,0,0
3002,2.40279,0.06191322,0.03142077,-0.2446915,0,0,0
3003,2.403412,0.06191322,0.03142077,-0.2446915,0,0,0
3004,2.404122,0.06191322,0.03142077,-0.2446915,0,0,0
3005,2.404926,0.06191322,0.03142077,-0.2446915,0,0,0
3006,2.405727,0.06191322,0.03142077,-0.2446915,0,0,0
3007,2.406513,0.06191322,0.03142077,-0.2446915,0,0,0
3008,2.407172,0.06191322,0.03142077,-0.2446915,0,0,0
3009,2.407892,0.06191322,0.03142077,-0.2446915,0,0,0
3010,2.408575,0.06191322,0.03142077,-0.2446915,0,0,0
3011,2.409282,0.06191322,0.03142077,-0.2446915,0,0,0
3012,2.409961,0.06191322,0.03142077,-0.2446915,0,0,0
3013,2.410593,0.06191322,0.03142077,-0.2446915,0,0,0
3014,2.411224,0.06191322,0.03142077,-0.2446915,0,0,0
3015,2.41185,0.06191322,0.03142077,-0.2446915,0,0,0
3016,2.412479,0.06191322,0.03142077,-0.2446915,0,0,0
3017,2.41312,0.06191322,0.03142077,-0.2446915,0,0,0
3018,2.413751,0.06191322,0.03142077,-0.2446915,0,0,0
3019,2.414389,0.06191322,0.03142077,-0.2446915,0,0,0
3020,2.415037,0.06191322,0.03142077,-0.2446915,0,0,0
3021,2.415674,0.06191322,0.03142077,-0.2446915,0,0,0
3022,2.41629,0.06191322,0.03142077,-0.2446915,0,0,0
3023,2.416924,0.06191322,0.03142077,-0.2446915,0,0,0
3024,2.417574,0.06191322,0.03142077,-0.2446915,0,0,0
3025,2.418214,0.06191322,0.03142077,-0.2446915,0,0,0
3026,2.418835,0.06191322,0.03142077,-0.2446915,0,0,0
3027,2.419485,0.06191322,0.03142077,-0.2446915,0,0,0
3028,2.420249,0.06191322,0.03142077,-0.2446915,0,0,0
3029,2.421041,0.06191322,0.03142077,-0.2446915,0,0,0
3030,2.421673,0.06191322,0.03142077,-0.2446915,0,0,0
3031,2.422421,0.06191322,0.03142077,-0.2446915,0,0,0
3032,2.423141,0.06191322,0.03142077,-0.2446915,0,0,0
3033,2.423792,0.06191322,0.03142077,-0.2446915,0,0,0
3034,2.424426,0.06191322,0.03142077,-0.2446915,0,0,0
3035,2.425039,0.06191322,0.03142077,-0.2446915,0,0,0
3036,2.425646,0.06191322,0.03142077,-0.2446915,0,0,0
3037,2.426273,0.06191322,0.03142077,-0.2446915,0,0,0
3038,2.426896,0.06191322,0.03142077,-0.2446915,0,0,0
3039,2.42751,0.06191322,0.03142077,-0.2446915,0,0,0
3040,2.42812,0.06191322,0.03142077,-0.2446915,0,0,0
3041,2.428742,0.06191322,0.03142077,-0.2446915,0,0,0
3042,2.429409,0.06191322,0.03142077,-0.2446915,0,0,0
3043,2.430171,0.06191322,0.03142077,-0.2446915,0,0,0
3044,2.430865,0.06191322,0.03142077,-0.2446915,0,0,0
3045,2.431539,0.06191322,0.03142077,-0.2446915,0,0,0
3046,2.43221,0.06191322,0.03142077,-0.2446915,0,0,0
3047,2.433012,0.06191322,0.03142077,-0.2446915,0,0,0
3048,2.433671,0.06191322,0.03142077,-0.2446915,0,0,0
3049,2.434347,0.06191322,0.03142077,-0.2446915,0,0,0
3050,2.435115,0.06191322,0.03142077,-0.2446915,0,0,0
3051,2.435858,0.06191322,0.03142077,-0.2446915,0,0,0
3052,2.436534,0.06191322,0.03142077,-0.2446915,0,0,0
3053,2.437211,0.06191322,0.03142077,-0.2446915,0,0,0
3054,2.437897,0.06191322,0.03142077,-0.2446915,0,0,0
3055,2.43858,0.06191322,0.03142077,-0.2446915,0,0,0
3056,2.439231,0.06191322,0.03142077,-0.2446915,0,0,0
3057,2.439862,0.06191322,0.03142077,-0.2446915,0,0,0
3058,2.440518,0.06191322,0.03142077,-0.2446915,0,0,0
3059,2.441286,0.06191322,0.03142077,-0.2446915,0,0,0
3060,2.441903,0.06191322,0.03142077,-0.2446915,0,0,0
3061,2.444634,0.06191322,0.03142077,-0.2446915,0,0,0
3062,2.44533,0.06191322,0.03142077,-0.2446915,0,0,0
3063,2.445997,0.06191322,0.03142077,-0.2446915,0,0,0
3064,2.446658,0.06191322,0.03142077,-0.2446915,0,0,0
3065,2.447321,0.06191322,0.03142077,-0.2446915,0,0,0
3066,2.447949,0.06191322,0.03142077,-0.2446915,0,0,0
3067,2.448602,0.06191322,0.03142077,-0.2446915,0,0,0
3068,2.449207,0.06191322,0.03142077,-0.2446915,0,0,0
3069,2.449822,0.06191322,0.03142077,-0.2446915,0,0,0
3070,2.450536,0.06191322,0.03142077,-0.2446915,0,0,0
3071,2.451469,0.06191322,0.03142077,-0.2446915,0,0,0
3072,2.452124,0.06191322,0.03142077,-0.2446915,0,0,0
3073,2.452772,0.06191322,0.03142077,-0.2446915,0,0,0
3074,2.453397,0.06191322,0.03142077,-0.2446915,0,0,0
3075,2.454,0.06191322,0.03142077,-0.2446915,0,0,0
3076,2.454637,0.06191322,0.03142077,-0.2446915,0,0,0
3077,2.455246,0.06191322,0.03142077,-0.2446915,0,0,0
3078,2.455852,0.06191322,0.03142077,-0.2446915,0,0,0
3079,2.456538,0.06191322,0.03142077,-0.2446915,0,0,0
3080,2.457191,0.06191322,0.03142077,-0.2446915,0,0,0
3081,2.457803,0.06191322,0.03142077,-0.2446915,0,0,0
3082,2.458415,0.06191322,0.03142077,-0.2446915,0,0,0
3083,2.459031,0.06191322,0.03142077,-0.2446915,0,0,0
3084,2.459648,0.06191322,0.03142077,-0.2446915,0,0,0
3085,2.460289,0.06191322,0.03142077,-0.2446915,0,0,0
3086,2.461068,0.06191322,0.03142077,-0.2446915,0,0,0
3087,2.461756,0.06191322,0.03142077,-0.2446915,0,0,0
3088,2.462499,0.06191322,0.03142077,-0.2446915,0,0,0
3089,2.463134,0.06191322,0.03142077,-0.2446915,0,0,0
3090,2.463787,0.06191322,0.03142077,-0.2446915,0,0,0
3091,2.464541,0.06191635,0.0314801,-0.244711,0,0,0
3092,2.465383,0.06191635,0.0314801,-0.244711,0,0,0
3093,2.46606,0.06192017,0.03155276,-0.2447347,0,0,0
3094,2.466846,0.06192017,0.03155276,-0.2447347,7.952607E-05,7.952607E-05,-2.602613E-05
3095,2.467482,0.06192017,0.03155276,-0.2447347,7.952607E-05,7.952607E-05,-2.602613E-05
3096,2.468113,0.06192407,0.03162684,-0.244759,7.953773E-05,7.953773E-05,-2.598872E-05
3097,2.468866,0.06192407,0.03162684,-0.244759,0.000158776,0.000158776,-5.18796E-05
3098,2.4696,0.06192407,0.03162684,-0.244759,0.000158776,0.000158776,-5.18796E-05
3099,2.47025,0.06192796,0.031701,-0.2447832,0.0002375842,0.0002375842,-7.750679E-05
3100,2.470994,0.06192796,0.031701,-0.2447832,0.0002375842,0.0002375842,-7.750679E-05
3101,2.47172,0.06192796,0.031701,-0.2447832,0.0002375842,0.0002375842,-7.750679E-05
3102,2.472439,0.06192796,0.031701,-0.2447832,0.0002375842,0.0002375842,-7.750679E-05
3103,2.47314,0.06192796,0.031701,-0.2447832,0.0002375842,0.0002375842,-7.750679E-05
3104,2.473847,0.06192796,0.031701,-0.2447832,0.0002375842,0.0002375842,-7.750679E-05
3105,2.474523,0.06193184,0.03177518,-0.2448074,0.0003154568,0.0003154568,-0.0001027475
3106,2.475289,0.06193184,0.03177518,-0.2448074,0.0003154568,0.0003154568,-0.0001027475
3107,2.475967,0.06193573,0.03184944,-0.2448315,0.000315503,0.000315503,-0.0001025989
3108,2.476746,0.0619396,0.03192365,-0.2448557,0.0328092,0.0328092,-0.01066928
3109,2.47755,0.0619396,0.03192365,-0.2448557,0.03522825,0.03522825,-0.01143768
3110,2.478274,0.0619396,0.03192365,-0.2448557,0.03522825,0.03522825,-0.01143768
3111,2.478967,0.0619396,0.03192365,-0.2448557,0.03522825,0.03522825,-0.01143768
3112,2.479634,0.06194348,0.0319979,-0.2448798,0.03486972,0.03486972,-0.0113032
3113,2.480345,0.06194348,0.0319979,-0.2448798,0.03486972,0.03486972,-0.0113032
3114,2.481174,0.06194348,0.0319979,-0.2448798,0.03486972,0.03486972,-0.0113032
3115,2.481915,0.06194734,0.03207213,-0.2449038,0.03503553,0.03503553,-0.01133881
3116,2.48272,0.06194734,0.03207213,-0.2449038,0.03503553,0.03503553,-0.01133881
3117,2.483397,0.0619512,0.03214639,-0.2449278,0.03504062,0.03504062,-0.01132232
3118,2.484234,0.0619512,0.03214639,-0.2449278,0.03497346,0.03497346,-0.01130062
3119,2.48499,0.0619512,0.03214639,-0.2449278,0.03497346,0.03497346,-0.01130062
3120,2.485677,0.06195506,0.03222066,-0.2449518,0.03497853,0.03497853,-0.01128415
3121,2.486402,0.06195506,0.03222066,-0.2449518,0.0352231,0.0352231,-0.01136305
3122,2.487014,0.0619589,0.03229496,-0.2449757,0.03522821,0.03522821,-0.01134646
3123,2.48772,0.0619589,0.03229496,-0.2449757,0.03627716,0.03627716,-0.01168432
3124,2.488398,0.0619589,0.03229496,-0.2449757,0.03627716,0.03627716,-0.01168432
3125,2.48907,0.0619589,0.03229496,-0.2449757,0.03627716,0.03627716,-0.01168432
3126,2.489686,0.06196275,0.03236923,-0.2449996,0.0362824,0.0362824,-0.01166724
3127,2.490406,0.06196275,0.03236923,-0.2449996,0.03558402,0.03558402,-0.01144267
3128,2.491053,0.06196275,0.03236923,-0.2449996,0.03558402,0.03558402,-0.01144267
3129,2.491722,0.06196658,0.03244352,-0.2450235,0.03558916,0.03558916,-0.01142592
3130,2.492499,0.06196658,0.03244352,-0.2450235,0.0352,0.0352,-0.01130098
3131,2.493221,0.06197041,0.03251782,-0.2450473,0.03586893,0.03586893,-0.0114972
3132,2.494031,0.06197041,0.03251782,-0.2450473,0.03586893,0.03586893,-0.0114972
3133,2.494735,0.06197041,0.03251782,-0.2450473,0.03586893,0.03586893,-0.0114972
3134,2.495486,0.06197041,0.03251782,-0.2450473,0.03586893,0.03586893,-0.0114972
3135,2.496144,0.06197041,0.03251782,-0.2450473,0.03586893,0.03586893,-0.0114972
3136,2.496782,0.06197424,0.03259218,-0.2450712,0.03508601,0.03508601,-0.01122811
3137,2.497487,0.06197424,0.03259218,-0.2450712,0.03439999,0.03439999,-0.01100857
3138,2.498105,0.06197424,0.03259218,-0.2450712,0.03439999,0.03439999,-0.01100857
3139,2.498781,0.06197806,0.0326665,-0.2450949,0.03440493,0.03440493,-0.01099238
3140,2.49954,0.06197806,0.0326665,-0.2450949,0.03366268,0.03366268,-0.01075523
3141,2.500212,0.06198188,0.03274086,-0.2451187,0.03437454,0.03437454,-0.01096492
3142,2.501085,0.06198188,0.03274086,-0.2451187,0.03437454,0.03437454,-0.01096492
3143,2.501712,0.06198188,0.03274086,-0.2451187,0.03466655,0.03466655,-0.01105807
3144,2.502423,0.06198188,0.03274086,-0.2451187,0.03466655,0.03466655,-0.01105807
3145,2.503211,0.06198569,0.03281522,-0.2451424,0.03429279,0.03429279,-0.01092114
3146,2.503935,0.06198569,0.03281522,-0.2451424,0.03429279,0.03429279,-0.01092114
3147,2.50457,0.06198949,0.03288956,-0.245166,0.03429279,0.03429279,-0.01092114
3148,2.505263,0.06198949,0.03288956,-0.245166,0.03672284,0.03672284,-0.01167608
3149,2.505881,0.06198949,0.03288956,-0.245166,0.03672284,0.03672284,-0.01167608
3150,2.506546,0.06198949,0.03288956,-0.245166,0.03672284,0.03672284,-0.01167608
3151,2.507265,0.06199329,0.03296396,-0.2451897,0.03573293,0.03573293,-0.0113429
3152,2.508005,0.06199329,0.03296396,-0.2451897,0.03573293,0.03573293,-0.0113429
3153,2.508664,0.06199329,0.03296396,-0.2451897,0.03483686,0.03483686,-0.01105845
3154,2.509311,0.06199329,0.03296396,-0.2451897,0.03483686,0.03483686,-0.01105845
3155,2.509968,0.06199707,0.03303835,-0.2452132,0.03484182,0.03484182,-0.01104206
3156,2.510825,0.06199707,0.03303835,-0.2452132,0.03411595,0.03411595,-0.01081201
3157,2.511513,0.06200087,0.03311273,-0.2452368,0.03469033,0.03469033,-0.01099405
3158,2.51228,0.06200087,0.03311273,-0.2452368,0.03458757,0.03458757,-0.01094365
3159,2.513098,0.06200087,0.03311273,-0.2452368,0.03458757,0.03458757,-0.01094365
3160,2.513816,0.06200087,0.03311273,-0.2452368,0.03458757,0.03458757,-0.01094365
3161,2.51445,0.06200087,0.03311273,-0.2452368,0.03458757,0.03458757,-0.01094365
3162,2.515075,0.06200464,0.03318715,-0.2452603,0.03459247,0.03459247,-0.01092737
3163,2.515754,0.06200464,0.03318715,-0.2452603,0.03334891,0.03334891,-0.01053454
3164,2.516389,0.06200464,0.03318715,-0.2452603,0.03334891,0.03334891,-0.01053454
3165,2.517026,0.06200842,0.03326154,-0.2452838,0.03335362,0.03335362,-0.01051885
3166,2.517748,0.06200842,0.03326154,-0.2452838,0.0333131,0.0333131,-0.01050607
3167,2.51842,0.06200842,0.03326154,-0.2452838,0.03242434,0.03242434,-0.01022577
3168,2.519046,0.06200842,0.03326154,-0.2452838,0.03242434,0.03242434,-0.01022577
3169,2.519713,0.06200842,0.03326154,-0.2452838,0.03242434,0.03242434,-0.01022577
3170,2.520388,0.06201219,0.03333601,-0.2453073,0.03124213,0.03124213,-0.009836838
3171,2.521267,0.06201219,0.03333601,-0.2453073,0.03139162,0.03139162,-0.009883908
3172,2.521894,0.06201219,0.03333601,-0.2453073,0.03139162,0.03139162,-0.009883908
3173,2.522519,0.06201219,0.03333601,-0.2453073,0.03139162,0.03139162,-0.009883908
3174,2.5232,0.06201219,0.03333601,-0.2453073,0.03141021,0.03141021,-0.009889761
3175,2.523894,0.06201219,0.03333601,-0.2453073,0.03141021,0.03141021,-0.009889761
3176,2.524527,0.06201219,0.03333601,-0.2453073,0.03046843,0.03046843,-0.009593232
3177,2.525291,0.06201219,0.03333601,-0.2453073,0.03046843,0.03046843,-0.009593232
3178,2.528755,0.06201595,0.0334104,-0.2453307,0.02267816,0.02267816,-0.007128731
3179,2.529576,0.06201595,0.0334104,-0.2453307,0.02267816,0.02267816,-0.007128731
3180,2.530219,0.06201595,0.0334104,-0.2453307,0.02267816,0.02267816,-0.007128731
3181,2.534127,0.06201595,0.0334104,-0.2453307,0.02267816,0.02267816,-0.007128731
3182,2.536546,0.06201595,0.0334104,-0.2453307,0,0,0
3183,2.537342,0.06201595,0.0334104,-0.2453307,0,0,0
3184,2.538112,0.06201595,0.0334104,-0.2453307,0,0,0
3185,2.538834,0.06201595,0.0334104,-0.2453307,0,0,0
3186,2.539521,0.06201595,0.0334104,-0.2453307,0,0,0
3187,2.540157,0.06201595,0.0334104,-0.2453307,0,0,0
3188,2.54104,0.06201595,0.0334104,-0.2453307,0,0,0
3189,2.541658,0.06201595,0.0334104,-0.2453307,0,0,0
3190,2.542327,0.06201595,0.0334104,-0.2453307,0,0,0
3191,2.543131,0.06201595,0.0334104,-0.2453307,0,0,0
3192,2.543824,0.06201595,0.0334104,-0.2453307,0,0,0
3193,2.544477,0.06201595,0.0334104,-0.2453307,0,0,0
3194,2.545131,0.06201595,0.0334104,-0.2453307,0,0,0
3195,2.545799,0.06201595,0.0334104,-0.2453307,0,0,0
3196,2.546546,0.06201595,0.0334104,-0.2453307,0,0,0
3197,2.547276,0.06201595,0.0334104,-0.2453307,0,0,0
3198,2.548006,0.06201595,0.0334104,-0.2453307,0,0,0
3199,2.548648,0.06201595,0.0334104,-0.2453307,0,0,0
3200,2.54929,0.06201595,0.0334104,-0.2453307,0,0,0
3201,2.549907,0.06201595,0.0334104,-0.2453307,0,0,0
3202,2.550583,0.06201595,0.0334104,-0.2453307,0,0,0
3203,2.551274,0.06201595,0.0334104,-0.2453307,0,0,0
3204,2.551953,0.06201595,0.0334104,-0.2453307,0,0,0
3205,2.552599,0.06201595,0.0334104,-0.2453307,0,0,0
3206,2.553384,0.06201595,0.0334104,-0.2453307,0,0,0
3207,2.554106,0.06201595,0.0334104,-0.2453307,0,0,0
3208,2.554837,0.06201595,0.0334104,-0.2453307,0,0,0
3209,2.555608,0.06201595,0.0334104,-0.2453307,0,0,0
3210,2.556272,0.06201595,0.0334104,-0.2453307,0,0,0
3211,2.556917,0.06201595,0.0334104,-0.2453307,0,0,0
3212,2.557554,0.06201595,0.0334104,-0.2453307,0,0,0
3213,2.558173,0.06201595,0.0334104,-0.2453307,0,0,0
3214,2.558813,0.06201595,0.0334104,-0.2453307,0,0,0
3215,2.559495,0.06201595,0.0334104,-0.2453307,0,0,0
3216,2.560236,0.06201595,0.0334104,-0.2453307,0,0,0
3217,2.561057,0.06201595,0.0334104,-0.2453307,0,0,0
3218,2.561759,0.06201595,0.0334104,-0.2453307,0,0,0
3219,2.562395,0.06201595,0.0334104,-0.2453307,0,0,0
3220,2.563029,0.06201595,0.0334104,-0.2453307,0,0,0
3221,2.563693,0.06201595,0.0334104,-0.2453307,0,0,0
3222,2.564401,0.06201595,0.0334104,-0.2453307,0,0,0
3223,2.565152,0.06201595,0.0334104,-0.2453307,0,0,0
3224,2.565839,0.06201595,0.0334104,-0.2453307,0,0,0
3225,2.566478,0.06201595,0.0334104,-0.2453307,0,0,0
3226,2.56713,0.06201595,0.0334104,-0.2453307,0,0,0
3227,2.567817,0.06201595,0.0334104,-0.2453307,0,0,0
3228,2.568585,0.06201595,0.0334104,-0.2453307,0,0,0
3229,2.569288,0.06201595,0.0334104,-0.2453307,0,0,0
3230,2.569939,0.06201595,0.0334104,-0.2453307,0,0,0
3231,2.570694,0.06201595,0.0334104,-0.2453307,0,0,0
3232,2.571361,0.06201595,0.0334104,-0.2453307,0,0,0
3233,2.571988,0.06201595,0.0334104,-0.2453307,0,0,0
3234,2.572647,0.06201595,0.0334104,-0.2453307,0,0,0
3235,2.573269,0.06201595,0.0334104,-0.2453307,0,0,0
3236,2.573891,0.06201595,0.0334104,-0.2453307,0,0,0
3237,2.574535,0.06201595,0.0334104,-0.2453307,0,0,0
3238,2.575264,0.06201595,0.0334104,-0.2453307,0,0,0
3239,2.575979,0.06201595,0.0334104,-0.2453307,0,0,0
3240,2.576647,0.06201595,0.0334104,-0.2453307,0,0,0
3241,2.577357,0.06201595,0.0334104,-0.2453307,0,0,0
3242,2.578129,0.06201595,0.0334104,-0.2453307,0,0,0
3243,2.578877,0.06201595,0.0334104,-0.2453307,0,0,0
3244,2.579634,0.06201595,0.0334104,-0.2453307,0,0,0
3245,2.580303,0.06201595,0.0334104,-0.2453307,0,0,0
3246,2.581131,0.06201595,0.0334104,-0.2453307,0,0,0
3247,2.581793,0.06201595,0.0334104,-0.2453307,0,0,0
3248,2.582412,0.06201595,0.0334104,-0.2453307,0,0,0
3249,2.583085,0.06201595,0.0334104,-0.2453307,0,0,0
3250,2.583847,0.06201595,0.0334104,-0.2453307,0,0,0
3251,2.584569,0.06201595,0.0334104,-0.2453307,0,0,0
3252,2.585255,0.06201595,0.0334104,-0.2453307,0,0,0
3253,2.585888,0.06201595,0.0334104,-0.2453307,0,0,0
3254,2.586538,0.06201595,0.0334104,-0.2453307,0,0,0
3255,2.587181,0.06201595,0.0334104,-0.2453307,0,0,0
3256,2.587821,0.06201595,0.0334104,-0.2453307,0,0,0
3257,2.588441,0.06201595,0.0334104,-0.2453307,0,0,0
3258,2.589115,0.06201595,0.0334104,-0.2453307,0,0,0
3259,2.589869,0.06201595,0.0334104,-0.2453307,0,0,0
3260,2.59055,0.06201595,0.0334104,-0.2453307,0,0,0
3261,2.591234,0.06201595,0.0334104,-0.2453307,0,0,0
3262,2.591896,0.06201595,0.0334104,-0.2453307,0,0,0
3263,2.592587,0.06201595,0.0334104,-0.2453307,0,0,0
3264,2.59325,0.06201595,0.0334104,-0.2453307,0,0,0
3265,2.593867,0.06201595,0.0334104,-0.2453307,0,0,0
3266,2.594493,0.06201595,0.0334104,-0.2453307,0,0,0
3267,2.595176,0.06201595,0.0334104,-0.2453307,0,0,0
3268,2.595799,0.06201595,0.0334104,-0.2453307,0,0,0
3269,2.596409,0.06201595,0.0334104,-0.2453307,0,0,0
3270,2.597048,0.06201595,0.0334104,-0.2453307,0,0,0
3271,2.597675,0.06201595,0.0334104,-0.2453307,0,0,0
3272,2.598294,0.06201595,0.0334104,-0.2453307,0,0,0
3273,2.59893,0.06201595,0.0334104,-0.2453307,0,0,0
3274,2.599594,0.06201595,0.0334104,-0.2453307,0,0,0
3275,2.600351,0.06201595,0.0334104,-0.2453307,0,0,0
3276,2.601187,0.06201595,0.0334104,-0.2453307,0,0,0
3277,2.601839,0.06201595,0.0334104,-0.2453307,0,0,0
3278,2.602471,0.06201595,0.0334104,-0.2453307,0,0,0
3279,2.603115,0.06201595,0.0334104,-0.2453307,0,0,0
3280,2.603761,0.06201595,0.0334104,-0.2453307,0,0,0
3281,2.604392,0.06201595,0.0334104,-0.2453307,0,0,0
3282,2.605106,0.06201595,0.0334104,-0.2453307,0,0,0
3283,2.605844,0.06201595,0.0334104,-0.2453307,0,0,0
3284,2.606509,0.06201595,0.0334104,-0.2453307,0,0,0
3285,2.60716,0.06201595,0.0334104,-0.2453307,0,0,0
3286,2.607803,0.06201595,0.0334104,-0.2453307,0,0,0
3287,2.608577,0.06201595,0.0334104,-0.2453307,0,0,0
3288,2.609409,0.06201595,0.0334104,-0.2453307,0,0,0
3289,2.610096,0.06201595,0.0334104,-0.2453307,0,0,0
3290,2.610717,0.06201595,0.0334104,-0.2453307,0,0,0
3291,2.611341,0.06201595,0.0334104,-0.2453307,0,0,0
3292,2.613992,0.06201595,0.0334104,-0.2453307,0,0,0
3293,2.614645,0.06201595,0.0334104,-0.2453307,0,0,0
3294,2.615287,0.06201595,0.0334104,-0.2453307,0,0,0
3295,2.615915,0.06201595,0.0334104,-0.2453307,0,0,0
3296,2.616534,0.06201595,0.0334104,-0.2453307,0,0,0
3297,2.617264,0.06201595,0.0334104,-0.2453307,0,0,0
3298,2.618009,0.06201595,0.0334104,-0.2453307,0,0,0
3299,2.618751,0.06201595,0.0334104,-0.2453307,0,0,0
3300,2.619406,0.06201595,0.0334104,-0.2453307,0,0,0
3301,2.620046,0.06201595,0.0334104,-0.2453307,0,0,0
3302,2.620909,0.06201595,0.0334104,-0.2453307,0,0,0
3303,2.621591,0.06201595,0.0334104,-0.2453307,0,0,0
3304,2.622291,0.06201595,0.0334104,-0.2453307,0,0,0
3305,2.622993,0.06201595,0.0334104,-0.2453307,0,0,0
3306,2.623674,0.06201595,0.0334104,-0.2453307,0,0,0
3307,2.624308,0.06201595,0.0334104,-0.2453307,0,0,0
3308,2.624927,0.06201595,0.0334104,-0.2453307,0,0,0
3309,2.625582,0.06201595,0.0334104,-0.2453307,0,0,0
3310,2.626226,0.06201971,0.03348488,-0.2453541,0,0,0
3311,2.626994,0.06201971,0.03348488,-0.2453541,0.0007457687,0.0007457687,-0.0002340433
3312,2.627626,0.06201971,0.03348488,-0.2453541,0.0007457687,0.0007457687,-0.0002340433
3313,2.628257,0.06201971,0.03348488,-0.2453541,0.0007457687,0.0007457687,-0.0002340433
3314,2.628876,0.06201971,0.03348488,-0.2453541,0.0007457687,0.0007457687,-0.0002340433
3315,2.629532,0.06201971,0.03348488,-0.2453541,0.0007457687,0.0007457687,-0.0002340433
3316,2.630181,0.06201971,0.03348488,-0.2453541,0.0007457687,0.0007457687,-0.0002340433
3317,2.630826,0.06201971,0.03348488,-0.2453541,0.0007457687,0.0007457687,-0.0002340433
3318,2.631507,0.06201971,0.03348488,-0.2453541,0.0007457687,0.0007457687,-0.0002340433
3319,2.632137,0.06201971,0.03348488,-0.2453541,0.0007457687,0.0007457687,-0.0002340433
3320,2.632764,0.06201971,0.03348488,-0.2453541,0.0007457687,0.0007457687,-0.0002340433
3321,2.633392,0.06201971,0.03348488,-0.2453541,0.0007457687,0.0007457687,-0.0002340433
3322,2.633995,0.06201971,0.03348488,-0.2453541,0.0007457687,0.0007457687,-0.0002340433
3323,2.634706,0.06201971,0.03348488,-0.2453541,0,0,0
3324,2.635415,0.06201971,0.03348488,-0.2453541,0,0,0
3325,2.636222,0.06201971,0.03348488,-0.2453541,0,0,0
3326,2.636941,0.06201971,0.03348488,-0.2453541,0,0,0
3327,2.637682,0.06201971,0.03348488,-0.2453541,0,0,0
3328,2.638324,0.06201971,0.03348488,-0.2453541,0,0,0
3329,2.638947,0.06201971,0.03348488,-0.2453541,0,0,0
3330,2.639565,0.06201971,0.03348488,-0.2453541,0,0,0
3331,2.640173,0.06201971,0.03348488,-0.2453541,0,0,0
3332,2.640946,0.06201971,0.03348488,-0.2453541,0,0,0
3333,2.64162,0.06201971,0.03348488,-0.2453541,0,0,0
3334,2.64252,0.06201971,0.03348488,-0.2453541,0,0,0
3335,2.643263,0.06201971,0.03348488,-0.2453541,0,0,0
3336,2.643932,0.06201971,0.03348488,-0.2453541,0,0,0
3337,2.644594,0.06201971,0.03348488,-0.2453541,0,0,0
3338,2.645225,0.06201971,0.03348488,-0.2453541,0,0,0
3339,2.645843,0.06201971,0.03348488,-0.2453541,0,0,0
3340,2.646448,0.06201971,0.03348488,-0.2453541,0,0,0
3341,2.647087,0.06201971,0.03348488,-0.2453541,0,0,0
3342,2.647843,0.06201971,0.03348488,-0.2453541,0,0,0
3343,2.648504,0.06201971,0.03348488,-0.2453541,0,0,0
3344,2.649136,0.06201971,0.03348488,-0.2453541,0,0,0
3345,2.649767,0.06201971,0.03348488,-0.2453541,0,0,0
3346,2.65044,0.06201971,0.03348488,-0.2453541,0,0,0
3347,2.651234,0.06201971,0.03348488,-0.2453541,0,0,0
3348,2.651979,0.06201971,0.03348488,-0.2453541,0,0,0
3349,2.652646,0.06201971,0.03348488,-0.2453541,0,0,0
3350,2.653285,0.06201971,0.03348488,-0.2453541,0,0,0
3351,2.653932,0.06201971,0.03348488,-0.2453541,0,0,0
3352,2.654591,0.06201971,0.03348488,-0.2453541,0,0,0
3353,2.655205,0.06201971,0.03348488,-0.2453541,0,0,0
3354,2.655847,0.06201971,0.03348488,-0.2453541,0,0,0
3355,2.656465,0.06201971,0.03348488,-0.2453541,0,0,0
3356,2.65708,0.06201971,0.03348488,-0.2453541,0,0,0
3357,2.657745,0.06201971,0.03348488,-0.2453541,0,0,0
3358,2.658418,0.06201971,0.03348488,-0.2453541,0,0,0
3359,2.659034,0.06201971,0.03348488,-0.2453541,0,0,0
3360,2.659683,0.06201971,0.03348488,-0.2453541,0,0,0
3361,2.660313,0.06201971,0.03348488,-0.2453541,0,0,0
3362,2.661045,0.06201971,0.03348488,-0.2453541,0,0,0
3363,2.66168,0.06201971,0.03348488,-0.2453541,0,0,0
3364,2.662291,0.06201971,0.03348488,-0.2453541,0,0,0
3365,2.662969,0.06201971,0.03348488,-0.2453541,0,0,0
3366,2.663744,0.06201971,0.03348488,-0.2453541,0,0,0
3367,2.664406,0.06201971,0.03348488,-0.2453541,0,0,0
3368,2.665083,0.06201971,0.03348488,-0.2453541,0,0,0
3369,2.6658,0.06201971,0.03348488,-0.2453541,0,0,0
3370,2.66653,0.06201971,0.03348488,-0.2453541,0,0,0
3371,2.667194,0.06201971,0.03348488,-0.2453541,0,0,0
3372,2.667862,0.06201971,0.03348488,-0.2453541,0,0,0
3373,2.668495,0.06201971,0.03348488,-0.2453541,0,0,0
3374,2.669131,0.06201971,0.03348488,-0.2453541,0,0,0
3375,2.669782,0.06201971,0.03348488,-0.2453541,0,0,0
3376,2.670425,0.06201971,0.03348488,-0.2453541,0,0,0
3377,2.671053,0.06201971,0.03348488,-0.2453541,0,0,0
3378,2.671765,0.06201971,0.03348488,-0.2453541,0,0,0
3379,2.672513,0.06201971,0.03348488,-0.2453541,0,0,0
3380,2.673263,0.06201971,0.03348488,-0.2453541,0,0,0
3381,2.673969,0.06201971,0.03348488,-0.2453541,0,0,0
3382,2.674608,0.06201971,0.03348488,-0.2453541,0,0,0
3383,2.67528,0.06201971,0.03348488,-0.2453541,0,0,0
3384,2.678708,0.06201971,0.03348488,-0.2453541,0,0,0
3385,2.679402,0.06201971,0.03348488,-0.2453541,0,0,0
3386,2.680041,0.06201971,0.03348488,-0.2453541,0,0,0
3387,2.68079,0.06201971,0.03348488,-0.2453541,0,0,0
3388,2.681539,0.06201971,0.03348488,-0.2453541,0,0,0
3389,2.682196,0.06201971,0.03348488,-0.2453541,0,0,0
3390,2.682803,0.06201971,0.03348488,-0.2453541,0,0,0
3391,2.683419,0.06201971,0.03348488,-0.2453541,0,0,0
3392,2.684033,0.06201971,0.03348488,-0.2453541,0,0,0
3393,2.684654,0.06201971,0.03348488,-0.2453541,0,0,0
3394,2.685251,0.06201971,0.03348488,-0.2453541,0,0,0
3395,2.685872,0.06201971,0.03348488,-0.2453541,0,0,0
3396,2.686485,0.06201971,0.03348488,-0.2453541,0,0,0
3397,2.68712,0.06201971,0.03348488,-0.2453541,0,0,0
3398,2.687763,0.06201971,0.03348488,-0.2453541,0,0,0
3399,2.690386,0.06201971,0.03348488,-0.2453541,0,0,0
3400,2.691014,0.06201971,0.03348488,-0.2453541,0,0,0
3401,2.691644,0.06201971,0.03348488,-0.2453541,0,0,0
3402,2.692273,0.06201971,0.03348488,-0.2453541,0,0,0
3403,2.692983,0.06201971,0.03348488,-0.2453541,0,0,0
3404,2.69363,0.06201971,0.03348488,-0.2453541,0,0,0
3405,2.69431,0.06201971,0.03348488,-0.2453541,0,0,0
3406,2.695002,0.06201971,0.03348488,-0.2453541,0,0,0
3407,2.695777,0.06201971,0.03348488,-0.2453541,0,0,0
3408,2.696502,0.06201971,0.03348488,-0.2453541,0,0,0
3409,2.69715,0.06201971,0.03348488,-0.2453541,0,0,0
3410,2.697799,0.06201971,0.03348488,-0.2453541,0,0,0
3411,2.698474,0.06201971,0.03348488,-0.2453541,0,0,0
3412,2.699106,0.06201971,0.03348488,-0.2453541,0,0,0
3413,2.699713,0.06201971,0.03348488,-0.2453541,0,0,0
3414,2.700331,0.06201971,0.03348488,-0.2453541,0,0,0
3415,2.701087,0.06201971,0.03348488,-0.2453541,0,0,0
3416,2.701707,0.06201971,0.03348488,-0.2453541,0,0,0
3417,2.702314,0.06201971,0.03348488,-0.2453541,0,0,0
3418,2.702934,0.06201971,0.03348488,-0.2453541,0,0,0
3419,2.703555,0.06201971,0.03348488,-0.2453541,0,0,0
3420,2.704203,0.06201971,0.03348488,-0.2453541,0,0,0
3421,2.704858,0.06201971,0.03348488,-0.2453541,0,0,0
3422,2.705516,0.06201971,0.03348488,-0.2453541,0,0,0
3423,2.706203,0.06201971,0.03348488,-0.2453541,0,0,0
3424,2.70696,0.06201971,0.03348488,-0.2453541,0,0,0
3425,2.707621,0.06201971,0.03348488,-0.2453541,0,0,0
3426,2.70827,0.06201971,0.03348488,-0.2453541,0,0,0
3427,2.708921,0.06201971,0.03348488,-0.2453541,0,0,0
3428,2.709707,0.06201971,0.03348488,-0.2453541,0,0,0
3429,2.710435,0.06201971,0.03348488,-0.2453541,0,0,0
3430,2.711185,0.06201971,0.03348488,-0.2453541,0,0,0
3431,2.711833,0.06201971,0.03348488,-0.2453541,0,0,0
3432,2.712459,0.06201971,0.03348488,-0.2453541,0,0,0
3433,2.713077,0.06201971,0.03348488,-0.2453541,0,0,0
3434,2.713783,0.06201971,0.03348488,-0.2453541,0,0,0
3435,2.714533,0.06201971,0.03348488,-0.2453541,0,0,0
3436,2.715145,0.06201971,0.03348488,-0.2453541,0,0,0
3437,2.715763,0.06201971,0.03348488,-0.2453541,0,0,0
3438,2.716439,0.06201971,0.03348488,-0.2453541,0,0,0
3439,2.717181,0.06201971,0.03348488,-0.2453541,0,0,0
3440,2.717813,0.06201971,0.03348488,-0.2453541,0,0,0
3441,2.718416,0.06201971,0.03348488,-0.2453541,0,0,0
3442,2.71905,0.06201971,0.03348488,-0.2453541,0,0,0
3443,2.719676,0.06201971,0.03348488,-0.2453541,0,0,0
3444,2.7204,0.06201971,0.03348488,-0.2453541,0,0,0
3445,2.721151,0.06201971,0.03348488,-0.2453541,0,0,0
3446,2.721895,0.06201971,0.03348488,-0.2453541,0,0,0
3447,2.72261,0.06201971,0.03348488,-0.2453541,0,0,0
3448,2.723366,0.06201971,0.03348488,-0.2453541,0,0,0
3449,2.724044,0.06201971,0.03348488,-0.2453541,0,0,0
3450,2.724696,0.06201971,0.03348488,-0.2453541,0,0,0
3451,2.725335,0.06201971,0.03348488,-0.2453541,0,0,0
3452,2.726074,0.06201971,0.03348488,-0.2453541,0,0,0
3453,2.726737,0.06201971,0.03348488,-0.2453541,0,0,0
3454,2.727371,0.06201971,0.03348488,-0.2453541,0,0,0
3455,2.727992,0.06201971,0.03348488,-0.2453541,0,0,0
3456,2.728622,0.06201971,0.03348488,-0.2453541,0,0,0
3457,2.729275,0.06201971,0.03348488,-0.2453541,0,0,0
3458,2.729947,0.06201971,0.03348488,-0.2453541,0,0,0
3459,2.730581,0.06201971,0.03348488,-0.2453541,0,0,0
3460,2.731199,0.06201971,0.03348488,-0.2453541,0,0,0
3461,2.731819,0.06201971,0.03348488,-0.2453541,0,0,0
3462,2.73243,0.06201971,0.03348488,-0.2453541,0,0,0
3463,2.733041,0.06201971,0.03348488,-0.2453541,0,0,0
3464,2.733679,0.06201971,0.03348488,-0.2453541,0,0,0
3465,2.734269,0.06201971,0.03348488,-0.2453541,0,0,0
3466,2.734886,0.06201971,0.03348488,-0.2453541,0,0,0
3467,2.73557,0.06201971,0.03348488,-0.2453541,0,0,0
3468,2.736235,0.06201971,0.03348488,-0.2453541,0,0,0
3469,2.736924,0.06201971,0.03348488,-0.2453541,0,0,0
3470,2.737556,0.06201971,0.03348488,-0.2453541,0,0,0
3471,2.738234,0.06201971,0.03348488,-0.2453541,0,0,0
3472,2.738971,0.06201971,0.03348488,-0.2453541,0,0,0
3473,2.739611,0.06201971,0.03348488,-0.2453541,0,0,0
3474,2.740266,0.06201971,0.03348488,-0.2453541,0,0,0
3475,2.741007,0.06201971,0.03348488,-0.2453541,0,0,0
3476,2.741822,0.06201971,0.03348488,-0.2453541,0,0,0
3477,2.742522,0.06201971,0.03348488,-0.2453541,0,0,0
3478,2.743191,0.06201971,0.03348488,-0.2453541,0,0,0
3479,2.743891,0.06201971,0.03348488,-0.2453541,0,0,0
3480,2.744639,0.06201971,0.03348488,-0.2453541,0,0,0
3481,2.745325,0.06201971,0.03348488,-0.2453541,0,0,0
3482,2.745969,0.06201971,0.03348488,-0.2453541,0,0,0
3483,2.746621,0.06201971,0.03348488,-0.2453541,0,0,0
3484,2.74725,0.06201971,0.03348488,-0.2453541,0,0,0
3485,2.747863,0.06201971,0.03348488,-0.2453541,0,0,0
3486,2.748498,0.06201971,0.03348488,-0.2453541,0,0,0
3487,2.749131,0.06201971,0.03348488,-0.2453541,0,0,0
3488,2.749892,0.06201971,0.03348488,-0.2453541,0,0,0
3489,2.750562,0.06201971,0.03348488,-0.2453541,0,0,0
3490,2.751306,0.06201971,0.03348488,-0.2453541,0,0,0
3491,2.751941,0.06201971,0.03348488,-0.2453541,0,0,0
3492,2.752583,0.06201971,0.03348488,-0.2453541,0,0,0
3493,2.753191,0.06201971,0.03348488,-0.2453541,0,0,0
3494,2.753788,0.06201971,0.03348488,-0.2453541,0,0,0
3495,2.754401,0.06201971,0.03348488,-0.2453541,0,0,0
3496,2.754998,0.06201971,0.03348488,-0.2453541,0,0,0
3497,2.755642,0.06201971,0.03348488,-0.2453541,0,0,0
3498,2.756335,0.06201971,0.03348488,-0.2453541,0,0,0
3499,2.757197,0.06202346,0.03355935,-0.2453774,0,0,0
3500,2.75803,0.06202346,0.03355935,-0.2453774,0.0005701032,0.0005701032,-0.0001786212
3501,2.75872,0.06202346,0.03355935,-0.2453774,0.0005701032,0.0005701032,-0.0001786212
3502,2.759515,0.06202346,0.03355935,-0.2453774,0.0005701032,0.0005701032,-0.0001786212
3503,2.760165,0.06202346,0.03355935,-0.2453774,0.0005701032,0.0005701032,-0.0001786212
3504,2.760998,0.06202346,0.03355935,-0.2453774,0.0005701032,0.0005701032,-0.0001786212
3505,2.761736,0.06202346,0.03355935,-0.2453774,0.0005701032,0.0005701032,-0.0001786212
3506,2.762474,0.06202346,0.03355935,-0.2453774,0.0005701032,0.0005701032,-0.0001786212
3507,2.763147,0.06202346,0.03355935,-0.2453774,0.0005701032,0.0005701032,-0.0001786212
3508,2.763789,0.06202346,0.03355935,-0.2453774,0.0005701032,0.0005701032,-0.0001786212
3509,2.764429,0.06202346,0.03355935,-0.2453774,0.0005701032,0.0005701032,-0.0001786212
3510,2.767005,0.06202346,0.03355935,-0.2453774,0,0,0
3511,2.767698,0.06202346,0.03355935,-0.2453774,0,0,0
3512,2.768342,0.06202346,0.03355935,-0.2453774,0,0,0
3513,2.769117,0.06202346,0.03355935,-0.2453774,0,0,0
3514,2.769855,0.06202346,0.03355935,-0.2453774,0,0,0
3515,2.770527,0.06202346,0.03355935,-0.2453774,0,0,0
3516,2.771277,0.06202346,0.03355935,-0.2453774,0,0,0
3517,2.771997,0.06202346,0.03355935,-0.2453774,0,0,0
3518,2.772634,0.06202346,0.03355935,-0.2453774,0,0,0
3519,2.773315,0.06202346,0.03355935,-0.2453774,0,0,0
3520,2.774016,0.06202346,0.03355935,-0.2453774,0,0,0
3521,2.774748,0.06202346,0.03355935,-0.2453774,0,0,0
3522,2.775386,0.06202346,0.03355935,-0.2453774,0,0,0
3523,2.776032,0.06202346,0.03355935,-0.2453774,0,0,0
3524,2.776662,0.06202346,0.03355935,-0.2453774,0,0,0
3525,2.777311,0.06202346,0.03355935,-0.2453774,0,0,0
3526,2.777933,0.06202346,0.03355935,-0.2453774,0,0,0
3527,2.778571,0.06202346,0.03355935,-0.2453774,0,0,0
3528,2.779233,0.06202346,0.03355935,-0.2453774,0,0,0
3529,2.779871,0.06202346,0.03355935,-0.2453774,0,0,0
3530,2.780504,0.06202346,0.03355935,-0.2453774,0,0,0
3531,2.781253,0.06202346,0.03355935,-0.2453774,0,0,0
3532,2.781914,0.06202346,0.03355935,-0.2453774,0,0,0
3533,2.782701,0.06202346,0.03355935,-0.2453774,0,0,0
3534,2.783391,0.06202346,0.03355935,-0.2453774,0,0,0
3535,2.784107,0.06202346,0.03355935,-0.2453774,0,0,0
3536,2.784784,0.06202346,0.03355935,-0.2453774,0,0,0
3537,2.78545,0.06202346,0.03355935,-0.2453774,0,0,0
3538,2.786171,0.06202346,0.03355935,-0.2453774,0,0,0
3539,2.78681,0.06202346,0.03355935,-0.2453774,0,0,0
3540,2.787438,0.06202346,0.03355935,-0.2453774,0,0,0
3541,2.788116,0.06202346,0.03355935,-0.2453774,0,0,0
3542,2.788758,0.06202346,0.03355935,-0.2453774,0,0,0
3543,2.789422,0.06202346,0.03355935,-0.2453774,0,0,0
3544,2.790157,0.06202346,0.03355935,-0.2453774,0,0,0
3545,2.790791,0.06202346,0.03355935,-0.2453774,0,0,0
3546,2.791437,0.06202346,0.03355935,-0.2453774,0,0,0
3547,2.792054,0.06202346,0.03355935,-0.2453774,0,0,0
3548,2.792735,0.06202346,0.03355935,-0.2453774,0,0,0
3549,2.793362,0.06202346,0.03355935,-0.2453774,0,0,0
3550,2.794044,0.06202346,0.03355935,-0.2453774,0,0,0
3551,2.794709,0.06202346,0.03355935,-0.2453774,0,0,0
3552,2.795506,0.06202346,0.03355935,-0.2453774,0,0,0
3553,2.796168,0.06202346,0.03355935,-0.2453774,0,0,0
3554,2.796855,0.06202346,0.03355935,-0.2453774,0,0,0
3555,2.79753,0.06202346,0.03355935,-0.2453774,0,0,0
3556,2.798158,0.06202346,0.03355935,-0.2453774,0,0,0
3557,2.798785,0.06202346,0.03355935,-0.2453774,0,0,0
3558,2.799386,0.06202346,0.03355935,-0.2453774,0,0,0
3559,2.800056,0.06202346,0.03355935,-0.2453774,0,0,0
3560,2.800842,0.06202346,0.03355935,-0.2453774,0,0,0
3561,2.801458,0.06202346,0.03355935,-0.2453774,0,0,0
3562,2.802252,0.06202346,0.03355935,-0.2453774,0,0,0
3563,2.802927,0.06202346,0.03355935,-0.2453774,0,0,0
3564,2.803556,0.06202346,0.03355935,-0.2453774,0,0,0
3565,2.804195,0.06202346,0.03355935,-0.2453774,0,0,0
3566,2.804804,0.06202346,0.03355935,-0.2453774,0,0,0
3567,2.805557,0.06202346,0.03355935,-0.2453774,0,0,0
3568,2.806207,0.06202346,0.03355935,-0.2453774,0,0,0
3569,2.806873,0.06202346,0.03355935,-0.2453774,0,0,0
3570,2.807613,0.06202346,0.03355935,-0.2453774,0,0,0
3571,2.808244,0.06202346,0.03355935,-0.2453774,0,0,0
3572,2.808905,0.06202346,0.03355935,-0.2453774,0,0,0
3573,2.809539,0.06202346,0.03355935,-0.2453774,0,0,0
3574,2.81015,0.06202346,0.03355935,-0.2453774,0,0,0
3575,2.810798,0.06202346,0.03355935,-0.2453774,0,0,0
3576,2.81149,0.06202346,0.03355935,-0.2453774,0,0,0
3577,2.812215,0.06202346,0.03355935,-0.2453774,0,0,0
3578,2.812934,0.06202346,0.03355935,-0.2453774,0,0,0
3579,2.813613,0.06202346,0.03355935,-0.2453774,0,0,0
3580,2.814348,0.06202346,0.03355935,-0.2453774,0,0,0
3581,2.815079,0.06202346,0.03355935,-0.2453774,0,0,0
3582,2.815789,0.06202346,0.03355935,-0.2453774,0,0,0
3583,2.816438,0.06202346,0.03355935,-0.2453774,0,0,0
3584,2.817148,0.06202346,0.03355935,-0.2453774,0,0,0
3585,2.817796,0.06202346,0.03355935,-0.2453774,0,0,0
3586,2.818466,0.06202346,0.03355935,-0.2453774,0,0,0
3587,2.819223,0.06202346,0.03355935,-0.2453774,0,0,0
3588,2.81996,0.06202346,0.03355935,-0.2453774,0,0,0
3589,2.820601,0.06202346,0.03355935,-0.2453774,0,0,0
3590,2.821402,0.06202346,0.03355935,-0.2453774,0,0,0
3591,2.822025,0.06202346,0.03355935,-0.2453774,0,0,0
3592,2.822672,0.06202346,0.03355935,-0.2453774,0,0,0
3593,2.82336,0.06202346,0.03355935,-0.2453774,0,0,0
3594,2.824008,0.06202346,0.03355935,-0.2453774,0,0,0
3595,2.82463,0.06202346,0.03355935,-0.2453774,0,0,0
3596,2.825452,0.06202346,0.03355935,-0.2453774,0,0,0
3597,2.829254,0.06202346,0.03355935,-0.2453774,0,0,0
3598,2.829907,0.06202346,0.03355935,-0.2453774,0,0,0
3599,2.830537,0.06202346,0.03355935,-0.2453774,0,0,0
3600,2.831206,0.06202346,0.03355935,-0.2453774,0,0,0
3601,2.832001,0.06202346,0.03355935,-0.2453774,0,0,0
3602,2.832782,0.06202346,0.03355935,-0.2453774,0,0,0
3603,2.833486,0.06202346,0.03355935,-0.2453774,0,0,0
3604,2.834117,0.06202346,0.03355935,-0.2453774,0,0,0
3605,2.834764,0.06202346,0.03355935,-0.2453774,0,0,0
3606,2.835423,0.06202346,0.03355935,-0.2453774,0,0,0
3607,2.836048,0.06202346,0.03355935,-0.2453774,0,0,0
3608,2.836675,0.06202346,0.03355935,-0.2453774,0,0,0
3609,2.837293,0.06202346,0.03355935,-0.2453774,0,0,0
3610,2.837903,0.06202346,0.03355935,-0.2453774,0,0,0
3611,2.838551,0.06202346,0.03355935,-0.2453774,0,0,0
3612,2.839274,0.06202346,0.03355935,-0.2453774,0,0,0
3613,2.840038,0.06202346,0.03355935,-0.2453774,0,0,0
3614,2.840873,0.06202346,0.03355935,-0.2453774,0,0,0
3615,2.841487,0.06202346,0.03355935,-0.2453774,0,0,0
3616,2.842113,0.06202346,0.03355935,-0.2453774,0,0,0
3617,2.842884,0.06202346,0.03355935,-0.2453774,0,0,0
3618,2.845483,0.06202346,0.03355935,-0.2453774,0,0,0
3619,2.84612,0.06202346,0.03355935,-0.2453774,0,0,0
3620,2.846862,0.06202346,0.03355935,-0.2453774,0,0,0
3621,2.847517,0.06202346,0.03355935,-0.2453774,0,0,0
3622,2.848148,0.06202346,0.03355935,-0.2453774,0,0,0
3623,2.848818,0.06202346,0.03355935,-0.2453774,0,0,0
3624,2.849567,0.06202346,0.03355935,-0.2453774,0,0,0
3625,2.850249,0.06202346,0.03355935,-0.2453774,0,0,0
3626,2.850895,0.06202346,0.03355935,-0.2453774,0,0,0
3627,2.851529,0.06202346,0.03355935,-0.2453774,0,0,0
3628,2.852141,0.06202346,0.03355935,-0.2453774,0,0,0
3629,2.852746,0.06202346,0.03355935,-0.2453774,0,0,0
3630,2.853427,0.06202346,0.03355935,-0.2453774,0,0,0
3631,2.85415,0.06202346,0.03355935,-0.2453774,0,0,0
3632,2.854788,0.06202346,0.03355935,-0.2453774,0,0,0
3633,2.855404,0.06202346,0.03355935,-0.2453774,0,0,0
3634,2.856038,0.06202346,0.03355935,-0.2453774,0,0,0
3635,2.856638,0.06202346,0.03355935,-0.2453774,0,0,0
3636,2.857235,0.06202346,0.03355935,-0.2453774,0,0,0
3637,2.857858,0.06202346,0.03355935,-0.2453774,0,0,0
3638,2.858475,0.06202346,0.03355935,-0.2453774,0,0,0
3639,2.859099,0.06202346,0.03355935,-0.2453774,0,0,0
3640,2.859759,0.06202346,0.03355935,-0.2453774,0,0,0
3641,2.860392,0.06202346,0.03355935,-0.2453774,0,0,0
3642,2.86113,0.06202346,0.03355935,-0.2453774,0,0,0
3643,2.861842,0.06202346,0.03355935,-0.2453774,0,0,0
3644,2.862551,0.06202346,0.03355935,-0.2453774,0,0,0
3645,2.863235,0.06202346,0.03355935,-0.2453774,0,0,0
3646,2.863891,0.06202346,0.03355935,-0.2453774,0,0,0
3647,2.864538,0.06202346,0.03355935,-0.2453774,0,0,0
3648,2.86521,0.06202346,0.03355935,-0.2453774,0,0,0
3649,2.865968,0.06202346,0.03355935,-0.2453774,0,0,0
3650,2.866757,0.06202346,0.03355935,-0.2453774,0,0,0
3651,2.867416,0.06202346,0.03355935,-0.2453774,0,0,0
3652,2.868079,0.06202346,0.03355935,-0.2453774,0,0,0
3653,2.868724,0.06202346,0.03355935,-0.2453774,0,0,0
3654,2.869404,0.06202346,0.03355935,-0.2453774,0,0,0
3655,2.87015,0.06202346,0.03355935,-0.2453774,0,0,0
3656,2.87082,0.06202346,0.03355935,-0.2453774,0,0,0
3657,2.871561,0.06202346,0.03355935,-0.2453774,0,0,0
3658,2.872239,0.06202346,0.03355935,-0.2453774,0,0,0
3659,2.872942,0.06202346,0.03355935,-0.2453774,0,0,0
3660,2.873687,0.06202346,0.03355935,-0.2453774,0,0,0
3661,2.874377,0.06202346,0.03355935,-0.2453774,0,0,0
3662,2.875141,0.06202346,0.03355935,-0.2453774,0,0,0
3663,2.875775,0.06202346,0.03355935,-0.2453774,0,0,0
3664,2.876396,0.06202346,0.03355935,-0.2453774,0,0,0
3665,2.877063,0.06202346,0.03355935,-0.2453774,0,0,0
3666,2.877719,0.06202346,0.03355935,-0.2453774,0,0,0
3667,2.878388,0.06202346,0.03355935,-0.2453774,0,0,0
3668,2.879044,0.06202346,0.03355935,-0.2453774,0,0,0
3669,2.879665,0.06202346,0.03355935,-0.2453774,0,0,0
3670,2.880272,0.06202346,0.03355935,-0.2453774,0,0,0
3671,2.881059,0.06202346,0.03355935,-0.2453774,0,0,0
3672,2.881731,0.06202346,0.03355935,-0.2453774,0,0,0
3673,2.882413,0.06202346,0.03355935,-0.2453774,0,0,0
3674,2.88316,0.06202346,0.03355935,-0.2453774,0,0,0
3675,2.883816,0.06202346,0.03355935,-0.2453774,0,0,0
3676,2.884449,0.06202346,0.03355935,-0.2453774,0,0,0
3677,2.885103,0.06202346,0.03355935,-0.2453774,0,0,0
3678,2.885731,0.06202346,0.03355935,-0.2453774,0,0,0
3679,2.886349,0.06202346,0.03355935,-0.2453774,0,0,0
3680,2.886981,0.06202346,0.03355935,-0.2453774,0,0,0
3681,2.887716,0.06202346,0.03355935,-0.2453774,0,0,0
3682,2.888344,0.06202346,0.03355935,-0.2453774,0,0,0
3683,2.888982,0.06202346,0.03355935,-0.2453774,0,0,0
3684,2.889599,0.06202346,0.03355935,-0.2453774,0,0,0
3685,2.890258,0.06202346,0.03355935,-0.2453774,0,0,0
3686,2.890996,0.06202346,0.03355935,-0.2453774,0,0,0
3687,2.891621,0.06202346,0.03355935,-0.2453774,0,0,0
3688,2.892232,0.06202346,0.03355935,-0.2453774,0,0,0
3689,2.89292,0.06202346,0.03355935,-0.2453774,0,0,0
3690,2.893835,0.06202346,0.03355935,-0.2453774,0,0,0
3691,2.894558,0.06202346,0.03355935,-0.2453774,0,0,0
3692,2.895243,0.06202346,0.03355935,-0.2453774,0,0,0
3693,2.895862,0.06202346,0.03355935,-0.2453774,0,0,0
3694,2.89648,0.06202346,0.03355935,-0.2453774,0,0,0
3695,2.897193,0.06202346,0.03355935,-0.2453774,0,0,0
3696,2.897973,0.06202346,0.03355935,-0.2453774,0,0,0
3697,2.898619,0.06202346,0.03355935,-0.2453774,0,0,0
3698,2.899334,0.06202346,0.03355935,-0.2453774,0,0,0
3699,2.900079,0.06202346,0.03355935,-0.2453774,0,0,0
3700,2.900852,0.06202346,0.03355935,-0.2453774,0,0,0
3701,2.901484,0.06202346,0.03355935,-0.2453774,0,0,0
3702,2.902169,0.06202346,0.03355935,-0.2453774,0,0,0
3703,2.902796,0.06202346,0.03355935,-0.2453774,0,0,0
3704,2.903417,0.06202346,0.03355935,-0.2453774,0,0,0
3705,2.904075,0.06202346,0.03355935,-0.2453774,0,0,0
3706,2.904723,0.06202346,0.03355935,-0.2453774,0,0,0
3707,2.905391,0.06202346,0.03355935,-0.2453774,0,0,0
3708,2.906054,0.06202346,0.03355935,-0.2453774,0,0,0
3709,2.906685,0.06202346,0.03355935,-0.2453774,0,0,0
3710,2.9073,0.06202346,0.03355935,-0.2453774,0,0,0
3711,2.907925,0.06202346,0.03355935,-0.2453774,0,0,0
3712,2.908608,0.06202346,0.03355935,-0.2453774,0,0,0
3713,2.909317,0.06202346,0.03355935,-0.2453774,0,0,0
3714,2.910007,0.06202346,0.03355935,-0.2453774,0,0,0
3715,2.910686,0.06202346,0.03355935,-0.2453774,0,0,0
3716,2.911414,0.06202346,0.03355935,-0.2453774,0,0,0
3717,2.912141,0.06202346,0.03355935,-0.2453774,0,0,0
3718,2.912795,0.06202346,0.03355935,-0.2453774,0,0,0
3719,2.913447,0.06202346,0.03355935,-0.2453774,0,0,0
3720,2.914114,0.06202346,0.03355935,-0.2453774,0,0,0
3721,2.914746,0.06202346,0.03355935,-0.2453774,0,0,0
3722,2.915423,0.06202346,0.03355935,-0.2453774,0,0,0
3723,2.916184,0.06202346,0.03355935,-0.2453774,0,0,0
3724,2.916895,0.06202346,0.03355935,-0.2453774,0,0,0
3725,2.917626,0.06202346,0.03355935,-0.2453774,0,0,0
3726,2.918368,0.06202346,0.03355935,-0.2453774,0,0,0
3727,2.919089,0.06202346,0.03355935,-0.2453774,0,0,0
3728,2.91974,0.06202346,0.03355935,-0.2453774,0,0,0
3729,2.922279,0.06202346,0.03355935,-0.2453774,0,0,0
3730,2.923051,0.06202346,0.03355935,-0.2453774,0,0,0
3731,2.923746,0.06202346,0.03355935,-0.2453774,0,0,0
3732,2.924533,0.06202346,0.03355935,-0.2453774,0,0,0
3733,2.925184,0.06202346,0.03355935,-0.2453774,0,0,0
3734,2.925864,0.06202346,0.03355935,-0.2453774,0,0,0
3735,2.926509,0.06202346,0.03355935,-0.2453774,0,0,0
3736,2.92715,0.06202346,0.03355935,-0.2453774,0,0,0
3737,2.927872,0.06202346,0.03355935,-0.2453774,0,0,0
3738,2.928581,0.06202346,0.03355935,-0.2453774,0,0,0
3739,2.929238,0.06202346,0.03355935,-0.2453774,0,0,0
3740,2.929868,0.06202346,0.03355935,-0.2453774,0,0,0
3741,2.93048,0.06202346,0.03355935,-0.2453774,0,0,0
3742,2.931185,0.06202346,0.03355935,-0.2453774,0,0,0
3743,2.931819,0.06202346,0.03355935,-0.2453774,0,0,0
3744,2.932529,0.06202346,0.03355935,-0.2453774,0,0,0
3745,2.93325,0.06202346,0.03355935,-0.2453774,0,0,0
3746,2.933955,0.06202346,0.03355935,-0.2453774,0,0,0
3747,2.934605,0.06202346,0.03355935,-0.2453774,0,0,0
3748,2.935243,0.06202346,0.03355935,-0.2453774,0,0,0
3749,2.935872,0.06202346,0.03355935,-0.2453774,0,0,0
3750,2.936486,0.06202346,0.03355935,-0.2453774,0,0,0
3751,2.937126,0.06202346,0.03355935,-0.2453774,0,0,0
3752,2.937772,0.06202346,0.03355935,-0.2453774,0,0,0
3753,2.938396,0.06202346,0.03355935,-0.2453774,0,0,0
3754,2.939018,0.06202346,0.03355935,-0.2453774,0,0,0
3755,2.939682,0.06202346,0.03355935,-0.2453774,0,0,0
3756,2.940303,0.06202346,0.03355935,-0.2453774,0,0,0
3757,2.941046,0.06202346,0.03355935,-0.2453774,0,0,0
3758,2.941678,0.06202346,0.03355935,-0.2453774,0,0,0
3759,2.942297,0.06202346,0.03355935,-0.2453774,0,0,0
3760,2.942974,0.06202346,0.03355935,-0.2453774,0,0,0
3761,2.943733,0.06202346,0.03355935,-0.2453774,0,0,0
3762,2.944388,0.06202346,0.03355935,-0.2453774,0,0,0
3763,2.945008,0.06202346,0.03355935,-0.2453774,0,0,0
3764,2.945624,0.06202346,0.03355935,-0.2453774,0,0,0
3765,2.946272,0.06202346,0.03355935,-0.2453774,0,0,0
3766,2.946914,0.06202346,0.03355935,-0.2453774,0,0,0
3767,2.947525,0.06202346,0.03355935,-0.2453774,0,0,0
3768,2.9482,0.06202346,0.03355935,-0.2453774,0,0,0
3769,2.948846,0.06202346,0.03355935,-0.2453774,0,0,0
3770,2.949476,0.06202346,0.03355935,-0.2453774,0,0,0
3771,2.950179,0.06202346,0.03355935,-0.2453774,0,0,0
3772,2.950809,0.06202346,0.03355935,-0.2453774,0,0,0
3773,2.951441,0.06202346,0.03355935,-0.2453774,0,0,0
3774,2.95205,0.06202346,0.03355935,-0.2453774,0,0,0
3775,2.952649,0.06202346,0.03355935,-0.2453774,0,0,0
3776,2.953295,0.06202346,0.03355935,-0.2453774,0,0,0
3777,2.954133,0.06202346,0.03355935,-0.2453774,0,0,0
3778,2.954803,0.06202346,0.03355935,-0.2453774,0,0,0
3779,2.955427,0.06202346,0.03355935,-0.2453774,0,0,0
3780,2.956059,0.06202346,0.03355935,-0.2453774,0,0,0
3781,2.956696,0.06202346,0.03355935,-0.2453774,0,0,0
3782,2.9574,0.06202346,0.03355935,-0.2453774,0,0,0
3783,2.958046,0.06202346,0.03355935,-0.2453774,0,0,0
3784,2.958698,0.06202346,0.03355935,-0.2453774,0,0,0
3785,2.959435,0.06202346,0.03355935,-0.2453774,0,0,0
3786,2.96009,0.06202346,0.03355935,-0.2453774,0,0,0
3787,2.96089,0.06202346,0.03355935,-0.2453774,0,0,0
3788,2.961544,0.06202346,0.03355935,-0.2453774,0,0,0
3789,2.962411,0.06202346,0.03355935,-0.2453774,0,0,0
3790,2.963157,0.06202346,0.03355935,-0.2453774,0,0,0
3791,2.963787,0.06202346,0.03355935,-0.2453774,0,0,0
3792,2.964403,0.06202346,0.03355935,-0.2453774,0,0,0
3793,2.965019,0.06202346,0.03355935,-0.2453774,0,0,0
3794,2.965649,0.06202346,0.03355935,-0.2453774,0,0,0
3795,2.96629,0.06202346,0.03355935,-0.2453774,0,0,0
3796,2.96696,0.06202346,0.03355935,-0.2453774,0,0,0
3797,2.967592,0.06202346,0.03355935,-0.2453774,0,0,0
3798,2.968217,0.06202346,0.03355935,-0.2453774,0,0,0
3799,2.968879,0.06202346,0.03355935,-0.2453774,0,0,0
3800,2.969506,0.06202346,0.03355935,-0.2453774,0,0,0
3801,2.970148,0.06202346,0.03355935,-0.2453774,0,0,0
3802,2.97078,0.06202346,0.03355935,-0.2453774,0,0,0
3803,2.971418,0.06202346,0.03355935,-0.2453774,0,0,0
3804,2.97205,0.06202346,0.03355935,-0.2453774,0,0,0
3805,2.972667,0.06202346,0.03355935,-0.2453774,0,0,0
3806,2.973301,0.06202346,0.03355935,-0.2453774,0,0,0
3807,2.973992,0.06202346,0.03355935,-0.2453774,0,0,0
3808,2.974647,0.06202346,0.03355935,-0.2453774,0,0,0
3809,2.975334,0.06202346,0.03355935,-0.2453774,0,0,0
3810,2.975991,0.06202346,0.03355935,-0.2453774,0,0,0
3811,2.976658,0.06202346,0.03355935,-0.2453774,0,0,0
3812,2.977272,0.06202346,0.03355935,-0.2453774,0,0,0
3813,2.977902,0.06202346,0.03355935,-0.2453774,0,0,0
3814,2.978516,0.06202346,0.03355935,-0.2453774,0,0,0
3815,2.979126,0.06202346,0.03355935,-0.2453774,0,0,0
3816,2.979752,0.06202346,0.03355935,-0.2453774,0,0,0
3817,2.980445,0.06202346,0.03355935,-0.2453774,0,0,0
3818,2.981181,0.06202346,0.03355935,-0.2453774,0,0,0
3819,2.98181,0.06202346,0.03355935,-0.2453774,0,0,0
3820,2.982445,0.06202346,0.03355935,-0.2453774,0,0,0
3821,2.983063,0.06202346,0.03355935,-0.2453774,0,0,0
3822,2.983788,0.06202346,0.03355935,-0.2453774,0,0,0
3823,2.984438,0.06202346,0.03355935,-0.2453774,0,0,0
3824,2.985106,0.06202346,0.03355935,-0.2453774,0,0,0
3825,2.985845,0.06202346,0.03355935,-0.2453774,0,0,0
3826,2.986479,0.06202346,0.03355935,-0.2453774,0,0,0
3827,2.987148,0.06202346,0.03355935,-0.2453774,0,0,0
3828,2.987799,0.06202346,0.03355935,-0.2453774,0,0,0
3829,2.98845,0.06202346,0.03355935,-0.2453774,0,0,0
3830,2.989138,0.06202346,0.03355935,-0.2453774,0,0,0
3831,2.98985,0.06202346,0.03355935,-0.2453774,0,0,0
3832,2.990564,0.06202346,0.03355935,-0.2453774,0,0,0
3833,2.991237,0.06202346,0.03355935,-0.2453774,0,0,0
3834,2.991889,0.06202346,0.03355935,-0.2453774,0,0,0
3835,2.992563,0.06202346,0.03355935,-0.2453774,0,0,0
3836,2.993292,0.06202346,0.03355935,-0.2453774,0,0,0
3837,2.993929,0.06202346,0.03355935,-0.2453774,0,0,0
3838,2.994556,0.06202346,0.03355935,-0.2453774,0,0,0
3839,2.995176,0.06202346,0.03355935,-0.2453774,0,0,0
3840,2.995798,0.06202346,0.03355935,-0.2453774,0,0,0
3841,2.996421,0.06202346,0.03355935,-0.2453774,0,0,0
3842,2.997039,0.06202346,0.03355935,-0.2453774,0,0,0
3843,2.997734,0.06202346,0.03355935,-0.2453774,0,0,0
3844,3.000383,0.06202346,0.03355935,-0.2453774,0,0,0
3845,3.001186,0.06202346,0.03355935,-0.2453774,0,0,0
3846,3.001802,0.06202346,0.03355935,-0.2453774,0,0,0
3847,3.002423,0.06202346,0.03355935,-0.2453774,0,0,0
3848,3.0031,0.06202346,0.03355935,-0.2453774,0,0,0
3849,3.00386,0.06202346,0.03355935,-0.2453774,0,0,0
3850,3.004542,0.06202346,0.03355935,-0.2453774,0,0,0
3851,3.005219,0.06202346,0.03355935,-0.2453774,0,0,0
3852,3.005856,0.06202346,0.03355935,-0.2453774,0,0,0
3853,3.006571,0.06202346,0.03355935,-0.2453774,0,0,0
3854,3.0073,0.06202346,0.03355935,-0.2453774,0,0,0
3855,3.007947,0.06202346,0.03355935,-0.2453774,0,0,0
3856,3.008583,0.06202346,0.03355935,-0.2453774,0,0,0
3857,3.009207,0.06202346,0.03355935,-0.2453774,0,0,0
3858,3.009837,0.06202346,0.03355935,-0.2453774,0,0,0
3859,3.010444,0.06202346,0.03355935,-0.2453774,0,0,0
3860,3.011039,0.06202346,0.03355935,-0.2453774,0,0,0
3861,3.011652,0.06202346,0.03355935,-0.2453774,0,0,0
3862,3.01227,0.06202346,0.03355935,-0.2453774,0,0,0
3863,3.013009,0.06202346,0.03355935,-0.2453774,0,0,0
3864,3.013713,0.06202346,0.03355935,-0.2453774,0,0,0
3865,3.014421,0.06202346,0.03355935,-0.2453774,0,0,0
3866,3.015169,0.06202346,0.03355935,-0.2453774,0,0,0
3867,3.015814,0.06202346,0.03355935,-0.2453774,0,0,0
3868,3.01646,0.06202346,0.03355935,-0.2453774,0,0,0
3869,3.017076,0.06202346,0.03355935,-0.2453774,0,0,0
3870,3.017701,0.06202346,0.03355935,-0.2453774,0,0,0
3871,3.018316,0.06202346,0.03355935,-0.2453774,0,0,0
3872,3.018918,0.06202346,0.03355935,-0.2453774,0,0,0
3873,3.019558,0.06202346,0.03355935,-0.2453774,0,0,0
3874,3.020315,0.06202346,0.03355935,-0.2453774,0,0,0
3875,3.021145,0.06202346,0.03355935,-0.2453774,0,0,0
3876,3.021799,0.06202346,0.03355935,-0.2453774,0,0,0
3877,3.022422,0.06202346,0.03355935,-0.2453774,0,0,0
3878,3.023138,0.06202346,0.03355935,-0.2453774,0,0,0
3879,3.023793,0.06202346,0.03355935,-0.2453774,0,0,0
3880,3.02443,0.06202346,0.03355935,-0.2453774,0,0,0
3881,3.025094,0.06202346,0.03355935,-0.2453774,0,0,0
3882,3.025713,0.06202346,0.03355935,-0.2453774,0,0,0
3883,3.026356,0.06202346,0.03355935,-0.2453774,0,0,0
3884,3.027041,0.06202346,0.03355935,-0.2453774,0,0,0
3885,3.027695,0.06202346,0.03355935,-0.2453774,0,0,0
3886,3.02833,0.06202346,0.03355935,-0.2453774,0,0,0
3887,3.029013,0.06202346,0.03355935,-0.2453774,0,0,0
3888,3.029772,0.06202346,0.03355935,-0.2453774,0,0,0
3889,3.030491,0.06202346,0.03355935,-0.2453774,0,0,0
3890,3.031129,0.06202346,0.03355935,-0.2453774,0,0,0
3891,3.031811,0.06202346,0.03355935,-0.2453774,0,0,0
3892,3.032556,0.06202346,0.03355935,-0.2453774,0,0,0
3893,3.033236,0.06202346,0.03355935,-0.2453774,0,0,0
3894,3.033901,0.06202346,0.03355935,-0.2453774,0,0,0
3895,3.034557,0.06202346,0.03355935,-0.2453774,0,0,0
3896,3.035214,0.06202346,0.03355935,-0.2453774,0,0,0
3897,3.035824,0.06202346,0.03355935,-0.2453774,0,0,0
3898,3.036442,0.06202346,0.03355935,-0.2453774,0,0,0
3899,3.03707,0.06202346,0.03355935,-0.2453774,0,0,0
3900,3.037748,0.06202346,0.03355935,-0.2453774,0,0,0
3901,3.038524,0.06202346,0.03355935,-0.2453774,0,0,0
3902,3.039162,0.06202346,0.03355935,-0.2453774,0,0,0
3903,3.039783,0.06202346,0.03355935,-0.2453774,0,0,0
3904,3.04046,0.06202346,0.03355935,-0.2453774,0,0,0
3905,3.041227,0.06202346,0.03355935,-0.2453774,0,0,0
3906,3.041878,0.06202346,0.03355935,-0.2453774,0,0,0
3907,3.042537,0.06202346,0.03355935,-0.2453774,0,0,0
3908,3.043177,0.06202346,0.03355935,-0.2453774,0,0,0
3909,3.043846,0.06202346,0.03355935,-0.2453774,0,0,0
3910,3.044585,0.06202346,0.03355935,-0.2453774,0,0,0
3911,3.045318,0.06202346,0.03355935,-0.2453774,0,0,0
3912,3.045979,0.06202346,0.03355935,-0.2453774,0,0,0
3913,3.04661,0.06202346,0.03355935,-0.2453774,0,0,0
3914,3.047227,0.06202346,0.03355935,-0.2453774,0,0,0
3915,3.047837,0.06202346,0.03355935,-0.2453774,0,0,0
3916,3.048517,0.06202346,0.03355935,-0.2453774,0,0,0
3917,3.049247,0.06202346,0.03355935,-0.2453774,0,0,0
3918,3.049893,0.06202346,0.03355935,-0.2453774,0,0,0
3919,3.050552,0.06202346,0.03355935,-0.2453774,0,0,0
3920,3.051184,0.06202346,0.03355935,-0.2453774,0,0,0
3921,3.051821,0.06202346,0.03355935,-0.2453774,0,0,0
3922,3.052551,0.06202346,0.03355935,-0.2453774,0,0,0
3923,3.053225,0.06202346,0.03355935,-0.2453774,0,0,0
3924,3.05391,0.06202346,0.03355935,-0.2453774,0,0,0
3925,3.054527,0.06202346,0.03355935,-0.2453774,0,0,0
3926,3.055165,0.06202346,0.03355935,-0.2453774,0,0,0
3927,3.055778,0.06202346,0.03355935,-0.2453774,0,0,0
3928,3.056391,0.06202346,0.03355935,-0.2453774,0,0,0
3929,3.057023,0.06202346,0.03355935,-0.2453774,0,0,0
3930,3.057643,0.06202346,0.03355935,-0.2453774,0,0,0
3931,3.05827,0.06202346,0.03355935,-0.2453774,0,0,0
3932,3.058905,0.06202346,0.03355935,-0.2453774,0,0,0
3933,3.059578,0.06202346,0.03355935,-0.2453774,0,0,0
3934,3.060353,0.06202346,0.03355935,-0.2453774,0,0,0
3935,3.061126,0.06202346,0.03355935,-0.2453774,0,0,0
3936,3.061791,0.06202346,0.03355935,-0.2453774,0,0,0
3937,3.062412,0.06202346,0.03355935,-0.2453774,0,0,0
3938,3.063018,0.06202346,0.03355935,-0.2453774,0,0,0
3939,3.063653,0.06202346,0.03355935,-0.2453774,0,0,0
3940,3.064341,0.06202346,0.03355935,-0.2453774,0,0,0
3941,3.064965,0.06202346,0.03355935,-0.2453774,0,0,0
3942,3.065619,0.06202346,0.03355935,-0.2453774,0,0,0
3943,3.06632,0.06202346,0.03355935,-0.2453774,0,0,0
3944,3.066949,0.06202346,0.03355935,-0.2453774,0,0,0
3945,3.067579,0.06202346,0.03355935,-0.2453774,0,0,0
3946,3.06827,0.06202346,0.03355935,-0.2453774,0,0,0
3947,3.068898,0.06202346,0.03355935,-0.2453774,0,0,0
3948,3.069515,0.06202346,0.03355935,-0.2453774,0,0,0
3949,3.070141,0.06202346,0.03355935,-0.2453774,0,0,0
3950,3.070772,0.06202346,0.03355935,-0.2453774,0,0,0
3951,3.071416,0.06202346,0.03355935,-0.2453774,0,0,0
3952,3.072047,0.06202346,0.03355935,-0.2453774,0,0,0
3953,3.072675,0.06202346,0.03355935,-0.2453774,0,0,0
3954,3.073302,0.06202346,0.03355935,-0.2453774,0,0,0
3955,3.075802,0.06202346,0.03355935,-0.2453774,0,0,0
3956,3.076635,0.06202346,0.03355935,-0.2453774,0,0,0
3957,3.077301,0.06202346,0.03355935,-0.2453774,0,0,0
3958,3.077924,0.06202346,0.03355935,-0.2453774,0,0,0
3959,3.078544,0.06202346,0.03355935,-0.2453774,0,0,0
3960,3.07919,0.06202346,0.03355935,-0.2453774,0,0,0
3961,3.079863,0.06202346,0.03355935,-0.2453774,0,0,0
3962,3.080485,0.06202346,0.03355935,-0.2453774,0,0,0
3963,3.081238,0.06202346,0.03355935,-0.2453774,0,0,0
3964,3.081865,0.06202346,0.03355935,-0.2453774,0,0,0
3965,3.082468,0.06202346,0.03355935,-0.2453774,0,0,0
3966,3.083117,0.06202346,0.03355935,-0.2453774,0,0,0
3967,3.08385,0.06202346,0.03355935,-0.2453774,0,0,0
3968,3.084485,0.06202346,0.03355935,-0.2453774,0,0,0
3969,3.085146,0.06202346,0.03355935,-0.2453774,0,0,0
3970,3.085782,0.06202346,0.03355935,-0.2453774,0,0,0
3971,3.086411,0.06202346,0.03355935,-0.2453774,0,0,0
3972,3.087143,0.06202346,0.03355935,-0.2453774,0,0,0
3973,3.08778,0.06202346,0.03355935,-0.2453774,0,0,0
3974,3.088415,0.06202346,0.03355935,-0.2453774,0,0,0
3975,3.089068,0.06202346,0.03355935,-0.2453774,0,0,0
3976,3.08977,0.06202346,0.03355935,-0.2453774,0,0,0
3977,3.090475,0.06202346,0.03355935,-0.2453774,0,0,0
3978,3.091243,0.06202346,0.03355935,-0.2453774,0,0,0
3979,3.091958,0.06202346,0.03355935,-0.2453774,0,0,0
3980,3.09266,0.06202346,0.03355935,-0.2453774,0,0,0
3981,3.093291,0.06202346,0.03355935,-0.2453774,0,0,0
3982,3.093929,0.06202346,0.03355935,-0.2453774,0,0,0
3983,3.094554,0.06202346,0.03355935,-0.2453774,0,0,0
3984,3.095187,0.06202346,0.03355935,-0.2453774,0,0,0
3985,3.095855,0.06202346,0.03355935,-0.2453774,0,0,0
3986,3.096577,0.06202346,0.03355935,-0.2453774,0,0,0
3987,3.097266,0.06202346,0.03355935,-0.2453774,0,0,0
3988,3.097891,0.06202346,0.03355935,-0.2453774,0,0,0
3989,3.098516,0.06202346,0.03355935,-0.2453774,0,0,0
3990,3.099173,0.06202346,0.03355935,-0.2453774,0,0,0
3991,3.099885,0.06202346,0.03355935,-0.2453774,0,0,0
3992,3.100567,0.06202346,0.03355935,-0.2453774,0,0,0
3993,3.10134,0.06202346,0.03355935,-0.2453774,0,0,0
3994,3.102019,0.06202346,0.03355935,-0.2453774,0,0,0
3995,3.102715,0.06202346,0.03355935,-0.2453774,0,0,0
3996,3.103362,0.06202346,0.03355935,-0.2453774,0,0,0
3997,3.103988,0.06202346,0.03355935,-0.2453774,0,0,0
3998,3.104698,0.06202346,0.03355935,-0.2453774,0,0,0
3999,3.105433,0.06202346,0.03355935,-0.2453774,0,0,0
4000,3.106128,0.06202346,0.03355935,-0.2453774,0,0,0
4001,3.10682,0.06202346,0.03355935,-0.2453774,0,0,0
4002,3.107507,0.06202346,0.03355935,-0.2453774,0,0,0
4003,3.108186,0.06202346,0.03355935,-0.2453774,0,0,0
4004,3.108849,0.06202346,0.03355935,-0.2453774,0,0,0
4005,3.109519,0.06202346,0.03355935,-0.2453774,0,0,0
4006,3.110256,0.06202346,0.03355935,-0.2453774,0,0,0
4007,3.111036,0.06202346,0.03355935,-0.2453774,0,0,0
4008,3.111738,0.06202346,0.03355935,-0.2453774,0,0,0
4009,3.112468,0.06202346,0.03355935,-0.2453774,0,0,0
4010,3.11321,0.06202346,0.03355935,-0.2453774,0,0,0
4011,3.113856,0.06202346,0.03355935,-0.2453774,0,0,0
4012,3.114479,0.06202346,0.03355935,-0.2453774,0,0,0
4013,3.115157,0.06202346,0.03355935,-0.2453774,0,0,0
4014,3.115837,0.06202346,0.03355935,-0.2453774,0,0,0
4015,3.116491,0.06202346,0.03355935,-0.2453774,0,0,0
4016,3.117141,0.06202346,0.03355935,-0.2453774,0,0,0
4017,3.117813,0.06202346,0.03355935,-0.2453774,0,0,0
4018,3.11846,0.06202346,0.03355935,-0.2453774,0,0,0
4019,3.119089,0.06202346,0.03355935,-0.2453774,0,0,0
4020,3.119702,0.06202346,0.03355935,-0.2453774,0,0,0
4021,3.120351,0.06202346,0.03355935,-0.2453774,0,0,0
4022,3.121106,0.06202346,0.03355935,-0.2453774,0,0,0
4023,3.121744,0.06202346,0.03355935,-0.2453774,0,0,0
4024,3.122375,0.06202346,0.03355935,-0.2453774,0,0,0
4025,3.122997,0.06202346,0.03355935,-0.2453774,0,0,0
4026,3.123632,0.06202346,0.03355935,-0.2453774,0,0,0
4027,3.124252,0.06202346,0.03355935,-0.2453774,0,0,0
4028,3.124855,0.06202346,0.03355935,-0.2453774,0,0,0
4029,3.12555,0.06202346,0.03355935,-0.2453774,0,0,0
4030,3.126223,0.06202346,0.03355935,-0.2453774,0,0,0
4031,3.126825,0.06202721,0.0336338,-0.2454007,0.000201392,0.000201392,-6.299531E-05
4032,3.127673,0.06202721,0.0336338,-0.2454007,0.000201392,0.000201392,-6.299531E-05
4033,3.128369,0.06202721,0.0336338,-0.2454007,0.000201392,0.000201392,-6.299531E-05
4034,3.129035,0.06202721,0.0336338,-0.2454007,0.000201392,0.000201392,-6.299531E-05
4035,3.12975,0.06202721,0.0336338,-0.2454007,0.000201392,0.000201392,-6.299531E-05
4036,3.130392,0.06202721,0.0336338,-0.2454007,0.000201392,0.000201392,-6.299531E-05
4037,3.131035,0.06202721,0.0336338,-0.2454007,0.000201392,0.000201392,-6.299531E-05
4038,3.131661,0.06202721,0.0336338,-0.2454007,0.000201392,0.000201392,-6.299531E-05
4039,3.132286,0.06202721,0.0336338,-0.2454007,0.000201392,0.000201392,-6.299531E-05
4040,3.132917,0.06202721,0.0336338,-0.2454007,0.000201392,0.000201392,-6.299531E-05
4041,3.133556,0.06202721,0.0336338,-0.2454007,0.000201392,0.000201392,-6.299531E-05
4042,3.134218,0.06202721,0.0336338,-0.2454007,0.000201392,0.000201392,-6.299531E-05
4043,3.134999,0.06202721,0.0336338,-0.2454007,0,0,0
4044,3.135658,0.06202721,0.0336338,-0.2454007,0,0,0
4045,3.136295,0.06202721,0.0336338,-0.2454007,0,0,0
4046,3.136904,0.06202721,0.0336338,-0.2454007,0,0,0
4047,3.137536,0.06202721,0.0336338,-0.2454007,0,0,0
4048,3.138195,0.06202721,0.0336338,-0.2454007,0,0,0
4049,3.138833,0.06202721,0.0336338,-0.2454007,0,0,0
4050,3.139482,0.06202721,0.0336338,-0.2454007,0,0,0
4051,3.140119,0.06202721,0.0336338,-0.2454007,0,0,0
4052,3.140886,0.06202721,0.0336338,-0.2454007,0,0,0
4053,3.141544,0.06202721,0.0336338,-0.2454007,0,0,0
4054,3.142296,0.06202721,0.0336338,-0.2454007,0,0,0
4055,3.142961,0.06202721,0.0336338,-0.2454007,0,0,0
4056,3.143593,0.06202721,0.0336338,-0.2454007,0,0,0
4057,3.144225,0.06202721,0.0336338,-0.2454007,0,0,0
4058,3.144856,0.06202721,0.0336338,-0.2454007,0,0,0
4059,3.145465,0.06202721,0.0336338,-0.2454007,0,0,0
4060,3.1461,0.06202721,0.0336338,-0.2454007,0,0,0
4061,3.146864,0.06202721,0.0336338,-0.2454007,0,0,0
4062,3.147625,0.06202721,0.0336338,-0.2454007,0,0,0
4063,3.148277,0.06202721,0.0336338,-0.2454007,0,0,0
4064,3.14899,0.06202721,0.0336338,-0.2454007,0,0,0
4065,3.149604,0.06202721,0.0336338,-0.2454007,0,0,0
4066,3.150274,0.06202721,0.0336338,-0.2454007,0,0,0
4067,3.152847,0.06202721,0.0336338,-0.2454007,0,0,0
4068,3.153677,0.06202721,0.0336338,-0.2454007,0,0,0
4069,3.15435,0.06202721,0.0336338,-0.2454007,0,0,0
4070,3.155035,0.06202721,0.0336338,-0.2454007,0,0,0
4071,3.155713,0.06202721,0.0336338,-0.2454007,0,0,0
4072,3.156354,0.06202721,0.0336338,-0.2454007,0,0,0
4073,3.15697,0.06202721,0.0336338,-0.2454007,0,0,0
4074,3.1576,0.06202721,0.0336338,-0.2454007,0,0,0
4075,3.158318,0.06202721,0.0336338,-0.2454007,0,0,0
4076,3.159275,0.06202721,0.0336338,-0.2454007,0,0,0
4077,3.159931,0.06202721,0.0336338,-0.2454007,0,0,0
4078,3.160583,0.06202721,0.0336338,-0.2454007,0,0,0
4079,3.161391,0.06202721,0.0336338,-0.2454007,0,0,0
4080,3.162028,0.06202721,0.0336338,-0.2454007,0,0,0
4081,3.162649,0.06202721,0.0336338,-0.2454007,0,0,0
4082,3.163348,0.06202721,0.0336338,-0.2454007,0,0,0
4083,3.164026,0.06202721,0.0336338,-0.2454007,0,0,0
4084,3.164743,0.06202721,0.0336338,-0.2454007,0,0,0
4085,3.165453,0.06202721,0.0336338,-0.2454007,0,0,0
4086,3.166109,0.06202721,0.0336338,-0.2454007,0,0,0
4087,3.166718,0.06202721,0.0336338,-0.2454007,0,0,0
4088,3.167342,0.06202721,0.0336338,-0.2454007,0,0,0
4089,3.167968,0.06202721,0.0336338,-0.2454007,0,0,0
4090,3.168581,0.06202721,0.0336338,-0.2454007,0,0,0
4091,3.169204,0.06202721,0.0336338,-0.2454007,0,0,0
4092,3.169849,0.06202721,0.0336338,-0.2454007,0,0,0
4093,3.170502,0.06202721,0.0336338,-0.2454007,0,0,0
4094,3.171124,0.06202721,0.0336338,-0.2454007,0,0,0
4095,3.171745,0.06202721,0.0336338,-0.2454007,0,0,0
4096,3.172411,0.06202721,0.0336338,-0.2454007,0,0,0
4097,3.17305,0.06202721,0.0336338,-0.2454007,0,0,0
4098,3.173695,0.06202721,0.0336338,-0.2454007,0,0,0
4099,3.174334,0.06202721,0.0336338,-0.2454007,0,0,0
4100,3.17496,0.06202721,0.0336338,-0.2454007,0,0,0
4101,3.175613,0.06202721,0.0336338,-0.2454007,0,0,0
4102,3.176251,0.06202721,0.0336338,-0.2454007,0,0,0
4103,3.176914,0.06202721,0.0336338,-0.2454007,0,0,0
4104,3.177547,0.06202721,0.0336338,-0.2454007,0,0,0
4105,3.178159,0.06202721,0.0336338,-0.2454007,0,0,0
4106,3.178829,0.06202721,0.0336338,-0.2454007,0,0,0
4107,3.179479,0.06202721,0.0336338,-0.2454007,0,0,0
4108,3.180244,0.06202721,0.0336338,-0.2454007,0,0,0
4109,3.181002,0.06202721,0.0336338,-0.2454007,0,0,0
4110,3.181613,0.06202721,0.0336338,-0.2454007,0,0,0
4111,3.182231,0.06202721,0.0336338,-0.2454007,0,0,0
4112,3.182853,0.06202721,0.0336338,-0.2454007,0,0,0
4113,3.183492,0.06202721,0.0336338,-0.2454007,0,0,0
4114,3.184104,0.06202721,0.0336338,-0.2454007,0,0,0
4115,3.18473,0.06202721,0.0336338,-0.2454007,0,0,0
4116,3.185338,0.06202721,0.0336338,-0.2454007,0,0,0
4117,3.185968,0.06202721,0.0336338,-0.2454007,0,0,0
4118,3.186578,0.06202721,0.0336338,-0.2454007,0,0,0
4119,3.187236,0.06202721,0.0336338,-0.2454007,0,0,0
4120,3.187893,0.06202721,0.0336338,-0.2454007,0,0,0
4121,3.188573,0.06202721,0.0336338,-0.2454007,0,0,0
4122,3.189239,0.06202721,0.0336338,-0.2454007,0,0,0
4123,3.189865,0.06202721,0.0336338,-0.2454007,0,0,0
4124,3.190501,0.06202721,0.0336338,-0.2454007,0,0,0
4125,3.191146,0.06202721,0.0336338,-0.2454007,0,0,0
4126,3.191768,0.06202721,0.0336338,-0.2454007,0,0,0
4127,3.192405,0.06202721,0.0336338,-0.2454007,0,0,0
4128,3.19307,0.06202721,0.0336338,-0.2454007,0,0,0
4129,3.193711,0.06202721,0.0336338,-0.2454007,0,0,0
4130,3.19433,0.06202721,0.0336338,-0.2454007,0,0,0
4131,3.194939,0.06202721,0.0336338,-0.2454007,0,0,0
4132,3.195666,0.06202721,0.0336338,-0.2454007,0,0,0
4133,3.196325,0.06202721,0.0336338,-0.2454007,0,0,0
4134,3.196965,0.06202721,0.0336338,-0.2454007,0,0,0
4135,3.197593,0.06202721,0.0336338,-0.2454007,0,0,0
4136,3.198227,0.06202721,0.0336338,-0.2454007,0,0,0
4137,3.198842,0.06202721,0.0336338,-0.2454007,0,0,0
4138,3.199474,0.06202721,0.0336338,-0.2454007,0,0,0
4139,3.200121,0.06202721,0.0336338,-0.2454007,0,0,0
4140,3.200957,0.06202721,0.0336338,-0.2454007,0,0,0
4141,3.201708,0.06202721,0.0336338,-0.2454007,0,0,0
4142,3.202327,0.06202721,0.0336338,-0.2454007,0,0,0
4143,3.202947,0.06202721,0.0336338,-0.2454007,0,0,0
4144,3.203581,0.06202721,0.0336338,-0.2454007,0,0,0
4145,3.204189,0.06202721,0.0336338,-0.2454007,0,0,0
4146,3.204813,0.06202721,0.0336338,-0.2454007,0,0,0
4147,3.205468,0.06203095,0.0337083,-0.245424,0.0009482458,0.0009482458,-0.0002961228
4148,3.206294,0.06203095,0.0337083,-0.245424,0.0009482458,0.0009482458,-0.0002961228
4149,3.206949,0.06203095,0.0337083,-0.245424,0.0009482458,0.0009482458,-0.0002961228
4150,3.207588,0.06203095,0.0337083,-0.245424,0.0009482458,0.0009482458,-0.0002961228
4151,3.208206,0.06203095,0.0337083,-0.245424,0.0009482458,0.0009482458,-0.0002961228
4152,3.208827,0.06203095,0.0337083,-0.245424,0.0009482458,0.0009482458,-0.0002961228
4153,3.209483,0.06203095,0.0337083,-0.245424,0.0009482458,0.0009482458,-0.0002961228
4154,3.210169,0.06203095,0.0337083,-0.245424,0.0009482458,0.0009482458,-0.0002961228
4155,3.2109,0.06203095,0.0337083,-0.245424,0.0009482458,0.0009482458,-0.0002961228
4156,3.211574,0.06203095,0.0337083,-0.245424,0.0009482458,0.0009482458,-0.0002961228
4157,3.21223,0.06203095,0.0337083,-0.245424,0.0009482458,0.0009482458,-0.0002961228
4158,3.212895,0.06203095,0.0337083,-0.245424,0.0009482458,0.0009482458,-0.0002961228
4159,3.213566,0.06203095,0.0337083,-0.245424,0,0,0
4160,3.214211,0.06203095,0.0337083,-0.245424,0,0,0
4161,3.214821,0.06203095,0.0337083,-0.245424,0,0,0
4162,3.215439,0.06203095,0.0337083,-0.245424,0,0,0
4163,3.216062,0.06203095,0.0337083,-0.245424,0,0,0
4164,3.216685,0.06203469,0.03378278,-0.2454472,0.001664998,0.001664998,-0.0005190979
4165,3.21747,0.06203469,0.03378278,-0.2454472,0.001664998,0.001664998,-0.0005190979
4166,3.218118,0.06203469,0.03378278,-0.2454472,0.001664998,0.001664998,-0.0005190979
4167,3.218735,0.06203469,0.03378278,-0.2454472,0.001664998,0.001664998,-0.0005190979
4168,3.21939,0.06203469,0.03378278,-0.2454472,0.001664998,0.001664998,-0.0005190979
4169,3.220049,0.06203469,0.03378278,-0.2454472,0.001664998,0.001664998,-0.0005190979
4170,3.22088,0.06203469,0.03378278,-0.2454472,0.001664998,0.001664998,-0.0005190979
4171,3.22158,0.06203469,0.03378278,-0.2454472,0.001664998,0.001664998,-0.0005190979
4172,3.222229,0.06203469,0.03378278,-0.2454472,0.001664998,0.001664998,-0.0005190979
4173,3.22286,0.06203469,0.03378278,-0.2454472,0.001664998,0.001664998,-0.0005190979
4174,3.223487,0.06203842,0.03385732,-0.2454705,0.008263905,0.008263905,-0.002572195
4175,3.224267,0.06203842,0.03385732,-0.2454705,0.008263905,0.008263905,-0.002572195
4176,3.225012,0.06203842,0.03385732,-0.2454705,0.008263905,0.008263905,-0.002572195
4177,3.225772,0.06203842,0.03385732,-0.2454705,0.008263905,0.008263905,-0.002572195
4178,3.226604,0.06203842,0.03385732,-0.2454705,0.008263905,0.008263905,-0.002572195
4179,3.22735,0.06203842,0.03385732,-0.2454705,0.008263905,0.008263905,-0.002572195
4180,3.228085,0.06203842,0.03385732,-0.2454705,0.008263905,0.008263905,-0.002572195
4181,3.228798,0.06203842,0.03385732,-0.2454705,0.008263905,0.008263905,-0.002572195
4182,3.229513,0.06203842,0.03385732,-0.2454705,0.008263905,0.008263905,-0.002572195
4183,3.231996,0.06203842,0.03385732,-0.2454705,0.008263905,0.008263905,-0.002572195
4184,3.232651,0.06204214,0.03393179,-0.2454937,0.008623407,0.008623407,-0.002679663
4185,3.233462,0.06204214,0.03393179,-0.2454937,0.008623407,0.008623407,-0.002679663
4186,3.234126,0.06204214,0.03393179,-0.2454937,0.008623407,0.008623407,-0.002679663
4187,3.234823,0.06204214,0.03393179,-0.2454937,0.008623407,0.008623407,-0.002679663
4188,3.235491,0.06204214,0.03393179,-0.2454937,0.008623407,0.008623407,-0.002679663
4189,3.23613,0.06204586,0.0340063,-0.2455168,0.008624605,0.008624605,-0.002675606
4190,3.237,0.06204586,0.0340063,-0.2455168,0.009760095,0.009760095,-0.003027869
4191,3.23764,0.06204586,0.0340063,-0.2455168,0.009760095,0.009760095,-0.003027869
4192,3.238269,0.06204586,0.0340063,-0.2455168,0.009760095,0.009760095,-0.003027869
4193,3.238891,0.06204586,0.0340063,-0.2455168,0.009760095,0.009760095,-0.003027869
4194,3.239539,0.06204586,0.0340063,-0.2455168,0.009760095,0.009760095,-0.003027869
4195,3.240218,0.06204586,0.0340063,-0.2455168,0.009760095,0.009760095,-0.003027869
4196,3.241105,0.06204957,0.03408086,-0.2455399,0.009760095,0.009760095,-0.003027869
4197,3.241869,0.06204957,0.03408086,-0.2455399,0.01039964,0.01039964,-0.003220933
4198,3.242528,0.06204957,0.03408086,-0.2455399,0.01039964,0.01039964,-0.003220933
4199,3.243201,0.06204957,0.03408086,-0.2455399,0.01039964,0.01039964,-0.003220933
4200,3.243891,0.06204957,0.03408086,-0.2455399,0.01039964,0.01039964,-0.003220933
4201,3.244564,0.06204957,0.03408086,-0.2455399,0.01039964,0.01039964,-0.003220933
4202,3.2452,0.06204957,0.03408086,-0.2455399,0.01039964,0.01039964,-0.003220933
4203,3.245819,0.06204957,0.03408086,-0.2455399,0.01039964,0.01039964,-0.003220933
4204,3.246538,0.06205328,0.0341554,-0.2455629,0.01084923,0.01084923,-0.003354608
4205,3.247306,0.06205328,0.0341554,-0.2455629,0.01084923,0.01084923,-0.003354608
4206,3.247948,0.06205328,0.0341554,-0.2455629,0.0123042,0.0123042,-0.003804488
4207,3.248571,0.06205698,0.03422993,-0.245586,0.01385941,0.01385941,-0.004278251
4208,3.249297,0.06205698,0.03422993,-0.245586,0.01385941,0.01385941,-0.004278251
4209,3.249932,0.06205698,0.03422993,-0.245586,0.01385941,0.01385941,-0.004278251
4210,3.250612,0.06205698,0.03422993,-0.245586,0.01385941,0.01385941,-0.004278251
4211,3.251288,0.06205698,0.03422993,-0.245586,0.01385941,0.01385941,-0.004278251
4212,3.251909,0.06205698,0.03422993,-0.245586,0.01385941,0.01385941,-0.004278251
4213,3.252536,0.06205698,0.03422993,-0.245586,0.01385941,0.01385941,-0.004278251
4214,3.253174,0.06205698,0.03422993,-0.245586,0.01385941,0.01385941,-0.004278251
4215,3.253917,0.06206068,0.03430453,-0.245609,0.01385941,0.01385941,-0.004278251
4216,3.254655,0.06206068,0.03430453,-0.245609,0.01451093,0.01451093,-0.004471921
4217,3.25528,0.06206068,0.03430453,-0.245609,0.01451093,0.01451093,-0.004471921
4218,3.2559,0.06206068,0.03430453,-0.245609,0.01451093,0.01451093,-0.004471921
4219,3.256561,0.06206068,0.03430453,-0.245609,0.01451093,0.01451093,-0.004471921
4220,3.257278,0.06206436,0.03437909,-0.2456319,0.01451293,0.01451293,-0.004465093
4221,3.258141,0.06206436,0.03437909,-0.2456319,0.01557773,0.01557773,-0.004792695
4222,3.258777,0.06206436,0.03437909,-0.2456319,0.01557773,0.01557773,-0.004792695
4223,3.25943,0.06206436,0.03437909,-0.2456319,0.01557773,0.01557773,-0.004792695
4224,3.26012,0.06206436,0.03437909,-0.2456319,0.01557773,0.01557773,-0.004792695
4225,3.26088,0.06206436,0.03437909,-0.2456319,0.01557773,0.01557773,-0.004792695
4226,3.261518,0.06206436,0.03437909,-0.2456319,0.01557773,0.01557773,-0.004792695
4227,3.262166,0.06206806,0.03445368,-0.2456549,0.01557987,0.01557987,-0.004785367
4228,3.262899,0.06206806,0.03445368,-0.2456549,0.01703407,0.01703407,-0.005232024
4229,3.263556,0.06206806,0.03445368,-0.2456549,0.01703407,0.01703407,-0.005232024
4230,3.264185,0.06206806,0.03445368,-0.2456549,0.01703407,0.01703407,-0.005232024
4231,3.264795,0.06206806,0.03445368,-0.2456549,0.01703407,0.01703407,-0.005232024
4232,3.265419,0.06206806,0.03445368,-0.2456549,0.01703407,0.01703407,-0.005232024
4233,3.266091,0.06207173,0.03452829,-0.2456778,0.0170364,0.0170364,-0.005224004
4234,3.266803,0.06207173,0.03452829,-0.2456778,0.01720826,0.01720826,-0.005276703
4235,3.267434,0.06207173,0.03452829,-0.2456778,0.01737133,0.01737133,-0.005326708
4236,3.268055,0.06207173,0.03452829,-0.2456778,0.01737133,0.01737133,-0.005326708
4237,3.268675,0.06207173,0.03452829,-0.2456778,0.01737133,0.01737133,-0.005326708
4238,3.269324,0.06207173,0.03452829,-0.2456778,0.01737133,0.01737133,-0.005326708
4239,3.269965,0.06207541,0.03460287,-0.2457006,0.01737371,0.01737371,-0.005318536
4240,3.270658,0.06207541,0.03460287,-0.2457006,0.01753264,0.01753264,-0.005367189
4241,3.27127,0.06207541,0.03460287,-0.2457006,0.01753264,0.01753264,-0.005367189
4242,3.27192,0.06207541,0.03460287,-0.2457006,0.01753264,0.01753264,-0.005367189
4243,3.272682,0.06207541,0.03460287,-0.2457006,0.01816532,0.01816532,-0.005560868
4244,3.273342,0.06207908,0.03467748,-0.2457235,0.0181678,0.0181678,-0.005552319
4245,3.274088,0.06207908,0.03467748,-0.2457235,0.01881501,0.01881501,-0.005750115
4246,3.274731,0.06207908,0.03467748,-0.2457235,0.01881501,0.01881501,-0.005750115
4247,3.275375,0.06207908,0.03467748,-0.2457235,0.01881501,0.01881501,-0.005750115
4248,3.276055,0.06207908,0.03467748,-0.2457235,0.01881501,0.01881501,-0.005750115
4249,3.279542,0.0620864,0.03482676,-0.245769,0.02107765,0.02107765,-0.006420023
4250,3.280376,0.0620864,0.03482676,-0.245769,0.01997943,0.01997943,-0.006085516
4251,3.281276,0.0620864,0.03482676,-0.245769,0.01997943,0.01997943,-0.006085516
4252,3.282034,0.06209005,0.0349014,-0.2457917,0.01997943,0.01997943,-0.006085516
4253,3.282795,0.06209005,0.0349014,-0.2457917,0.01998214,0.01998214,-0.006076115
4254,3.283476,0.06209005,0.0349014,-0.2457917,0.02000765,0.02000765,-0.006083873
4255,3.284118,0.06209369,0.03497604,-0.2458144,0.02001037,0.02001037,-0.006074463
4256,3.284866,0.06209369,0.03497604,-0.2458144,0.02001037,0.02001037,-0.006074463
4257,3.28551,0.06209369,0.03497604,-0.2458144,0.02105081,0.02105081,-0.006390306
4258,3.286169,0.06209369,0.03497604,-0.2458144,0.022538,0.022538,-0.006841767
4259,3.28684,0.06209733,0.03505073,-0.245837,0.02254105,0.02254105,-0.006831156
4260,3.287566,0.06209733,0.03505073,-0.245837,0.02329101,0.02329101,-0.007058435
4261,3.2883,0.06210795,0.03516972,-0.2459031,0.02329101,0.02329101,-0.007058435
4262,3.289187,0.06210795,0.03516972,-0.2459031,0.02561028,0.02561028,-0.007747281
4263,3.289851,0.06210795,0.03516972,-0.2459031,0.02561028,0.02561028,-0.007747281
4264,3.290509,0.06211158,0.03524442,-0.2459257,0.02561373,0.02561373,-0.007735231
4265,3.291272,0.06211158,0.03524442,-0.2459257,0.02664543,0.02664543,-0.008046801
4266,3.291919,0.06211158,0.03524442,-0.2459257,0.02664543,0.02664543,-0.008046801
4267,3.292564,0.0621152,0.03531912,-0.2459482,0.02664901,0.02664901,-0.008034266
4268,3.293263,0.0621152,0.03531912,-0.2459482,0.02682054,0.02682054,-0.008085978
4269,3.293928,0.06211882,0.03539383,-0.2459707,0.02682413,0.02682413,-0.008073354
4270,3.294696,0.06211882,0.03539383,-0.2459707,0.02682413,0.02682413,-0.008073354
4271,3.295439,0.06211882,0.03539383,-0.2459707,0.02920947,0.02920947,-0.008791278
4272,3.296108,0.06204293,0.03546852,-0.2460133,0.02921339,0.02921339,-0.008777997
4273,3.296809,0.06204293,0.03546852,-0.2460133,0.02921339,0.02921339,-0.008777997
4274,3.297436,0.06204653,0.03554325,-0.2460357,0.03158723,0.03158723,-0.009475159
4275,3.298183,0.06204653,0.03554325,-0.2460357,0.03244303,0.03244303,-0.009731871
4276,3.298836,0.06204653,0.03554325,-0.2460357,0.03244303,0.03244303,-0.009731871
4277,3.299501,0.06195267,0.03561804,-0.2460826,0.03244735,0.03244735,-0.009717211
4278,3.300318,0.06195625,0.03569275,-0.246105,0.03408165,0.03408165,-0.01019662
4279,3.301304,0.06195625,0.03569275,-0.246105,0.03674091,0.03674091,-0.01099165
4280,3.301943,0.06186552,0.03574708,-0.2461832,0.03674174,0.03674174,-0.01099832
4281,3.302696,0.06186908,0.03582186,-0.2462055,0.03674661,0.03674661,-0.01098102
4282,3.303464,0.06176961,0.03582186,-0.2462305,0.03690625,0.03690625,-0.01106917
4283,3.304269,0.06177316,0.03589663,-0.2462528,0.0384117,0.0384117,-0.01150623
4284,3.304989,0.0617767,0.0359714,-0.2462751,0.0384117,0.0384117,-0.01150623
4285,3.305727,0.06167717,0.0359714,-0.2463,0.03841679,0.03841679,-0.01148889
4286,3.306465,0.06168069,0.03604621,-0.2463222,0.04216845,0.04216845,-0.01259064
4287,3.307181,0.06168069,0.03604621,-0.2463222,0.04340104,0.04340104,-0.02353513
4288,3.307813,0.06168069,0.03604621,-0.2463222,0.04340104,0.04340104,-0.02353513
4289,3.308492,0.06158469,0.036121,-0.2463693,0.0437267,0.0437267,-0.02359345
4290,3.309281,0.06148862,0.03619581,-0.2464163,0.0437267,0.0437267,-0.02359345
4291,3.310095,0.06149718,0.03625122,-0.2464705,0.05091174,0.05091174,-0.03000335
4292,3.310898,0.06140109,0.03632602,-0.2465175,0.05143161,0.05143161,-0.03013396
4293,3.31163,0.06140456,0.03640082,-0.2465395,0.05143784,0.05143784,-0.03009528
4294,3.312376,0.06140456,0.03640082,-0.2465395,0.05395444,0.05395444,-0.03094574
4295,3.315029,0.06140804,0.03647569,-0.2465616,0.05396098,0.05396098,-0.03092315
4296,3.315833,0.06122413,0.03668091,-0.2467094,0.05957586,0.05957586,-0.03309549
4297,3.316626,0.06122757,0.0367558,-0.2467314,0.05958299,0.05958299,-0.03307063
4298,3.317495,0.06113131,0.03683065,-0.246778,0.05958927,0.05958927,-0.03302826
4299,3.318289,0.06113472,0.03690557,-0.2467998,0.06228229,0.06228229,-0.03392778
4300,3.319135,0.06103498,0.03690557,-0.2468245,0.06315059,0.06315059,-0.03455969
4301,3.319895,0.06103839,0.03698048,-0.2468464,0.0646113,0.0646113,-0.03495659
4302,3.320686,0.0609454,0.0371303,-0.2469146,0.06509516,0.06509516,-0.03526399
4303,3.321599,0.06095383,0.03718585,-0.2469688,0.06510719,0.06510719,-0.03523321
4304,3.322299,0.06085742,0.03726077,-0.2470152,0.0685302,0.0685302,-0.03703516
4305,3.323037,0.06085742,0.03726077,-0.2470152,0.06828973,0.06828973,-0.03696546
4306,3.323677,0.06076095,0.03733572,-0.2470615,0.06829782,0.06829782,-0.03691776
4307,3.324461,0.0606645,0.03741065,-0.2471076,0.07391448,0.07391448,-0.03868657
4308,3.325198,0.06067285,0.03746626,-0.2471618,0.07479108,0.07479108,-0.04049136
4309,3.325899,0.06057959,0.03761621,-0.2472296,0.07515721,0.07515721,-0.04135706
4310,3.326692,0.0604797,0.03761621,-0.247254,0.07516602,0.07516602,-0.04130346
4311,3.327416,0.0603831,0.03769115,-0.2473,0.07647999,0.07647999,-0.04312329
4312,3.328145,0.0603831,0.03769115,-0.2473,0.07435271,0.07435271,-0.04310435
4313,3.328796,0.06028972,0.03784117,-0.2473674,0.07622937,0.07622937,-0.04363974
4314,3.329577,0.06018978,0.03784117,-0.2473918,0.07623828,0.07623828,-0.04355656
4315,3.330414,0.06019304,0.03791618,-0.2474132,0.07745247,0.07745247,-0.04661646
4316,3.331122,0.06010452,0.03804681,-0.2475131,0.08035111,0.08035111,-0.04745349
4317,3.33182,0.06000776,0.03812182,-0.2475588,0.07866893,0.07866893,-0.0470715
4318,3.332501,0.06001098,0.03819689,-0.2475801,0.07867807,0.07867807,-0.04703876
4319,3.333309,0.05991418,0.03827193,-0.2476257,0.08284591,0.08284591,-0.04974919
4320,3.334187,0.05981407,0.03827193,-0.2476499,0.08275688,0.08275688,-0.04991728
4321,3.334963,0.05971721,0.03834701,-0.2476953,0.08501768,0.08501768,-0.0508171
4322,3.335704,0.05961711,0.03834701,-0.2477194,0.08501768,0.08501768,-0.05078534
4323,3.336432,0.05962347,0.03849712,-0.2477619,0.08274064,0.08274064,-0.05161999
4324,3.337242,0.05952333,0.03849712,-0.247786,0.08275003,0.08275003,-0.05155186
4325,3.337949,0.05943447,0.03862789,-0.2478853,0.08502337,0.08502337,-0.05178815
4326,3.338585,0.0593374,0.03870302,-0.2479305,0.08607951,0.08607951,-0.05366111
4327,3.339281,0.05914013,0.03877808,-0.2479995,0.08507732,0.08507732,-0.05396076
4328,3.340017,0.05914324,0.03885321,-0.2480205,0.08507732,0.08507732,-0.05392291
4329,3.340968,0.05904613,0.03892832,-0.2480655,0.08510385,0.08510385,-0.05433096
4330,3.341703,0.05894591,0.03892832,-0.2480893,0.08579783,0.08579783,-0.05505965
4331,3.342411,0.05885972,0.03913432,-0.2482092,0.08727591,0.08727591,-0.05563504
4332,3.343136,0.05875944,0.03913432,-0.248233,0.08727591,0.08727591,-0.05559581
4333,3.343866,0.05866216,0.03920947,-0.2482777,0.08879912,0.08879912,-0.05804447
4334,3.344665,0.0586652,0.03928465,-0.2482985,0.08686614,0.08686614,-0.05698793
4335,3.345393,0.05856489,0.03928465,-0.2483222,0.08825686,0.08825686,-0.05728347
4336,3.346113,0.05846758,0.03935978,-0.2483667,0.08825686,0.08825686,-0.05724153
4337,3.346851,0.05837799,0.03949074,-0.2484653,0.08714559,0.08714559,-0.05684381
4338,3.34758,0.05828059,0.03956595,-0.2485097,0.08970087,0.08970087,-0.05790218
4339,3.348337,0.05818314,0.03964113,-0.248554,0.09079225,0.09079225,-0.05881944
4340,3.349106,0.05808269,0.03964113,-0.2485775,0.09079225,0.09079225,-0.05877618
4341,3.349823,0.05799296,0.03977214,-0.2486757,0.0914097,0.0914097,-0.05905443
4342,3.35052,0.05789538,0.03984734,-0.2487199,0.09215013,0.09215013,-0.05947507
4343,3.351224,0.05779492,0.03984734,-0.2487432,0.09215013,0.09215013,-0.05943167
4344,3.351976,0.05769728,0.0399226,-0.2487872,0.09165324,0.09165324,-0.06135428
4345,3.352684,0.05759968,0.03999782,-0.2488311,0.09242005,0.09242005,-0.06099422
4346,3.353383,0.05750964,0.04012886,-0.2489291,0.09140618,0.09140618,-0.06159071
4347,3.35411,0.05750964,0.04012886,-0.2489291,0.09140618,0.09140618,-0.06159071
4348,3.354748,0.05731133,0.04020411,-0.248996,0.09245966,0.09245966,-0.06133232
4349,3.355487,0.05721356,0.04027937,-0.2490397,0.09179476,0.09179476,-0.06195918
4350,3.356233,0.05711579,0.04035467,-0.2490832,0.09112863,0.09112863,-0.0611452
4351,3.35694,0.05702264,0.04041052,-0.2491603,0.09113602,0.09113602,-0.06109275
4352,3.357648,0.05702547,0.0404858,-0.2491808,0.09159297,0.09159297,-0.06164454
4353,3.358421,0.05683431,0.04061699,-0.2493013,0.09179722,0.09179722,-0.06137059
4354,3.359257,0.05673636,0.04069227,-0.2493446,0.09581222,0.09581222,-0.06393247
4355,3.359991,0.05663559,0.04069227,-0.2493675,0.09581222,0.09581222,-0.06388447
4356,3.360678,0.05653764,0.04076758,-0.2494107,0.09515462,0.09515462,-0.06408701
4357,3.361618,0.05644693,0.04089883,-0.2495078,0.09408908,0.09408908,-0.06380979
4358,3.362429,0.0563489,0.04097417,-0.2495509,0.09354662,0.09354662,-0.06440992
4359,3.363197,0.05624802,0.04097417,-0.2495737,0.09355634,0.09355634,-0.06432349
4360,3.364063,0.05615719,0.04110545,-0.2496706,0.09320533,0.09320533,-0.0638301
4361,3.364838,0.05595811,0.04118079,-0.2497361,0.09390657,0.09390657,-0.06557065
4362,3.365566,0.05596534,0.04123676,-0.24979,0.09430797,0.09430797,-0.06669827
4363,3.366319,0.05576615,0.04131207,-0.2498553,0.09372617,0.09372617,-0.06625202
4364,3.367031,0.05576883,0.04138747,-0.2498755,0.09373558,0.09373558,-0.06621657
4365,3.367792,0.05556957,0.04146288,-0.2499406,0.09467132,0.09467132,-0.06710297
4366,3.368527,0.05547564,0.04151887,-0.2500169,0.0944779,0.0944779,-0.06803858
4367,3.369235,0.05537727,0.04159424,-0.2500594,0.09332245,0.09332245,-0.06696353
4368,3.369919,0.05527622,0.04159424,-0.2500817,0.09332245,0.09332245,-0.06691139
4369,3.370742,0.05518481,0.0417257,-0.250178,0.09328373,0.09328373,-0.06669485
4370,3.371484,0.05508377,0.0417257,-0.2502003,0.09325582,0.09325582,-0.06781901
4371,3.372199,0.05498522,0.04180107,-0.2502425,0.09326492,0.09326492,-0.06773255
4372,3.372944,0.05489371,0.04193258,-0.2503386,0.09210599,0.09210599,-0.06821936
4373,3.373664,0.05479251,0.04193258,-0.2503608,0.0931811,0.0931811,-0.06960396
4374,3.374385,0.05459966,0.0420641,-0.2504787,0.09320167,0.09320167,-0.0697787
4375,3.375256,0.05450097,0.04213953,-0.2505207,0.09322914,0.09322914,-0.07012317
4376,3.376191,0.05440661,0.04219563,-0.2505965,0.09324101,0.09324101,-0.07011417
4377,3.376985,0.05430786,0.04227109,-0.2506383,0.09394424,0.09394424,-0.07049549
4378,3.377722,0.0542066,0.04227109,-0.2506602,0.09125105,0.09125105,-0.07007421
4379,3.378513,0.05411461,0.04240265,-0.2507557,0.09207592,0.09207592,-0.07109816
4380,3.37925,0.05392116,0.04253432,-0.250873,0.09209698,0.09209698,-0.07110871
4381,3.380102,0.05381976,0.04253432,-0.2508948,0.09156902,0.09156902,-0.07236446
4382,3.380977,0.05372083,0.04260978,-0.2509362,0.09157728,0.09157728,-0.07227781
4383,3.381698,0.05361948,0.04260978,-0.2509579,0.09013754,0.09013754,-0.07204412
4384,3.382481,0.05352047,0.04268527,-0.2509993,0.09014563,0.09014563,-0.07195371
4385,3.383298,0.05332425,0.04274148,-0.2510962,0.08631665,0.08631665,-0.06937096
4386,3.384027,0.05322518,0.04281697,-0.2511374,0.08632447,0.08632447,-0.06928509
4387,3.384825,0.05313028,0.04287319,-0.2512127,0.08506697,0.08506697,-0.07009576
4388,3.38553,0.05303114,0.04294869,-0.2512538,0.08504725,0.08504725,-0.07052287
4389,3.386221,0.05293615,0.04300493,-0.2513289,0.08506031,0.08506031,-0.07045569
4390,3.38693,0.05283695,0.04308048,-0.2513699,0.08549377,0.08549377,-0.07036822
4391,3.387677,0.05273539,0.04308048,-0.2513912,0.08470514,0.08470514,-0.07048772
4392,3.388404,0.05254098,0.04321226,-0.251507,0.08636395,0.08636395,-0.07205332
4393,3.389098,0.05254098,0.04321226,-0.251507,0.08636395,0.08636395,-0.07199586
4394,3.389765,0.05234,0.04328781,-0.2515689,0.08619615,0.08619615,-0.07227579
4395,3.3905,0.0522447,0.04334413,-0.2516438,0.08387031,0.08387031,-0.07097208
4396,3.391197,0.0522447,0.04334413,-0.2516438,0.08387031,0.08387031,-0.07097208
4397,3.391817,0.05204992,0.04347605,-0.2517591,0.08365785,0.08365785,-0.07106789
4398,3.392521,0.05194824,0.04347605,-0.2517801,0.08386152,0.08386152,-0.07150451
4399,3.393209,0.05195051,0.04355156,-0.2517995,0.08386152,0.08386152,-0.07150451
4400,3.393936,0.05175323,0.04360792,-0.2518951,0.08337346,0.08337346,-0.07144967
4401,3.394733,0.05155189,0.0436835,-0.2519562,0.08394644,0.08394644,-0.07225685
4402,3.395647,0.05145009,0.0436835,-0.251977,0.08264977,0.08264977,-0.07206415
4403,3.39639,0.05135663,0.04381548,-0.2520708,0.08209527,0.08209527,-0.07140589
4404,3.399042,0.05095744,0.04394746,-0.2522264,0.08153246,0.08153246,-0.07145131
4405,3.399774,0.05086152,0.0440039,-0.2523006,0.07935222,0.07935222,-0.07105424
4406,3.400539,0.0506598,0.04407951,-0.2523609,0.08024566,0.08024566,-0.07160993
4407,3.401483,0.05046393,0.0442116,-0.2524746,0.08015762,0.08015762,-0.07196157
4408,3.402237,0.05046393,0.0442116,-0.2524746,0.08015762,0.08015762,-0.07189975
4409,3.402879,0.05025985,0.0442116,-0.2525153,0.08065165,0.08065165,-0.07224483
4410,3.40359,0.05016582,0.04434374,-0.2526084,0.08028951,0.08028951,-0.0722884
4411,3.404369,0.05006373,0.04434374,-0.2526287,0.08028951,0.08028951,-0.0722884
4412,3.405145,0.04996959,0.04447591,-0.2527216,0.07854152,0.07854152,-0.07141865
4413,3.405935,0.04977114,0.04453245,-0.2528154,0.07850347,0.07850347,-0.07155894
4414,3.406737,0.04966899,0.04453245,-0.2528355,0.07829154,0.07829154,-0.0726689
4415,3.407537,0.0494667,0.04460809,-0.2528947,0.07713289,0.07713289,-0.07207976
4416,3.408389,0.04937016,0.04466468,-0.2529681,0.07683773,0.07683773,-0.07170719
4417,3.409289,0.04916575,0.04466468,-0.2530079,0.07683773,0.07683773,-0.07164361
4418,3.410182,0.04907114,0.04479694,-0.2531004,0.0763243,0.0763243,-0.07192892
4419,3.410963,0.04887217,0.04485357,-0.2531934,0.07499199,0.07499199,-0.07171169
4420,3.411693,0.04877184,0.04492921,-0.2532322,0.07478581,0.07478581,-0.07154432
4421,3.412505,0.04866952,0.04492921,-0.2532519,0.07465249,0.07465249,-0.07197931
4422,3.413215,0.04847234,0.04506156,-0.2533636,0.0746582,0.0746582,-0.07189145
4423,3.414019,0.04837538,0.04511826,-0.2534365,0.07498018,0.07498018,-0.07174278
4424,3.414725,0.04827299,0.04511826,-0.2534561,0.07797605,0.07797605,-0.07503603
4425,3.415452,0.04806815,0.04511826,-0.253495,0.0770299,0.0770299,-0.07383903
4426,3.416181,0.04796573,0.04511826,-0.2535144,0.0770299,0.0770299,-0.07377259
4427,3.416938,0.04776806,0.04525065,-0.2536255,0.07299891,0.07299891,-0.07302673
4428,3.417676,0.04766559,0.04525065,-0.2536448,0.07288243,0.07288243,-0.07258341
4429,3.418402,0.04767089,0.04530741,-0.2536981,0.07288243,0.07288243,-0.07251532
4430,3.419203,0.04747113,0.04536417,-0.2537899,0.07255952,0.07255952,-0.0725909
4431,3.41992,0.04726785,0.04543987,-0.2538472,0.07258996,0.07258996,-0.07342716
4432,3.420605,0.04717049,0.04549667,-0.2539195,0.06926357,0.06926357,-0.0726459
4433,3.421514,0.04697046,0.04555348,-0.2540108,0.07039341,0.07039341,-0.07405725
4434,3.422243,0.04686777,0.04555348,-0.2540298,0.07040955,0.07040955,-0.07397275
4435,3.422953,0.04666939,0.04568607,-0.2541398,0.07101054,0.07101054,-0.07377172
4436,3.423661,0.04656669,0.04568607,-0.2541586,0.06960984,0.06960984,-0.07602254
4437,3.424414,0.04636125,0.04568607,-0.2541961,0.06960984,0.06960984,-0.07591734
4438,3.425225,0.04626355,0.04574293,-0.2542681,0.06962708,0.06962708,-0.07583011
4439,3.426093,0.04606476,0.04587555,-0.2543775,0.06747679,0.06747679,-0.07471858
4440,3.429537,0.04535947,0.04604644,-0.2546663,0.07105601,0.07105601,-0.07942469
4441,3.430293,0.04525658,0.04604644,-0.2546846,0.07105601,0.07105601,-0.07934855
4442,3.43103,0.04505716,0.04617921,-0.2547931,0.07172921,0.07172921,-0.07964079
4443,3.43187,0.04495892,0.04623622,-0.2548644,0.06760536,0.06760536,-0.07884552
4444,3.432608,0.04475756,0.04629329,-0.2549537,0.06790504,0.06790504,-0.0791069
4445,3.433345,0.04465456,0.04629329,-0.2549717,0.06790504,0.06790504,-0.07902978
4446,3.434094,0.04445309,0.04635036,-0.2550608,0.0698302,0.0698302,-0.08097776
4447,3.434836,0.04435001,0.04635036,-0.2550787,0.06994245,0.06994245,-0.08107317
4448,3.435623,0.04404526,0.04640749,-0.2551853,0.07006352,0.07006352,-0.08100905
4449,3.436355,0.04394219,0.04640749,-0.2552031,0.07006352,0.07006352,-0.08085266
4450,3.437148,0.04384349,0.04646462,-0.2552738,0.06873061,0.06873061,-0.08115116
4451,3.437965,0.04354281,0.046579,-0.2554328,0.06877065,0.06877065,-0.08050483
4452,3.438712,0.04343961,0.046579,-0.2554503,0.0727025,0.0727025,-0.08471368
4453,3.43944,0.04323748,0.04663619,-0.2555383,0.04724959,0.04724959,-0.07843983
4454,3.440192,0.04313424,0.04663619,-0.2555557,0.04724959,0.04724959,-0.07835831
4455,3.441234,0.04293194,0.04669346,-0.2556435,0.04765894,0.04765894,-0.07829542
4456,3.441986,0.04262622,0.04675072,-0.2557482,0.04768034,0.04768034,-0.07895187
4457,3.44271,0.04252284,0.04675072,-0.2557654,0.04728749,0.04728749,-0.07858159
4458,3.443416,0.04232173,0.04688379,-0.2558714,0.0585905,0.0585905,-0.08145697
4459,3.444237,0.04222245,0.0469411,-0.2559413,0.05861195,0.05861195,-0.08135402
4460,3.444969,0.04191219,0.0469411,-0.2559923,0.05867228,0.05867228,-0.08146559
4461,3.445793,0.04180873,0.0469411,-0.2560092,0.05867228,0.05867228,-0.08235383
4462,3.446528,0.04160583,0.04699844,-0.2560958,0.05867228,0.05867228,-0.08212408
4463,3.447259,0.04150231,0.04699844,-0.2561126,0.05869378,0.05869378,-0.08193117
4464,3.447979,0.04130061,0.0471316,-0.2562176,0.0595346,0.0595346,-0.08196074
4465,3.44868,0.04109358,0.0471316,-0.2562509,0.05949059,0.05949059,-0.08181383
4466,3.449391,0.04098999,0.0471316,-0.2562675,0.05949059,0.05949059,-0.08172647
4467,3.450116,0.04078668,0.04718901,-0.2563533,0.05951196,0.05951196,-0.08201556
4468,3.450861,0.04068311,0.04718901,-0.2563698,0.05529289,0.05529289,-0.07813034
4469,3.45162,0.04047592,0.04718901,-0.2564026,0.0514661,0.0514661,-0.0748269
4470,3.452386,0.04037232,0.04718901,-0.2564189,0.0514661,0.0514661,-0.07473653
4471,3.453385,0.04006642,0.04732221,-0.2565392,0.0530458,0.0530458,-0.07471352
4472,3.454114,0.03996272,0.04732221,-0.2565553,0.04674531,0.04674531,-0.06874073
4473,3.454883,0.03985906,0.04732221,-0.2565714,0.04569146,0.04569146,-0.06809601
4474,3.455679,0.03955283,0.04745546,-0.256691,0.04485248,0.04485248,-0.06638351
4475,3.456404,0.03944906,0.04745546,-0.256707,0.04485248,0.04485248,-0.06629404
4476,3.457141,0.03924163,0.04745546,-0.2567388,0.04485248,0.04485248,-0.06605393
4477,3.457965,0.03903878,0.04758874,-0.2568418,0.05164448,0.05164448,-0.06767055
4478,3.458874,0.03893498,0.04758874,-0.2568576,0.04911439,0.04911439,-0.06528208
4479,3.459629,0.03862361,0.04758874,-0.2569046,0.04911439,0.04911439,-0.06498346
4480,3.46043,0.03852431,0.04772207,-0.2569915,0.0494938,0.0494938,-0.06452501
4481,3.461295,0.03831659,0.04772207,-0.2570225,0.0494938,0.0494938,-0.06443451
4482,3.462064,0.03810884,0.04772207,-0.2570534,0.0494938,0.0494938,-0.06444374
4483,3.462877,0.03800502,0.04772207,-0.2570688,0.0494938,0.0494938,-0.06432423
4484,3.463672,0.03769447,0.04779789,-0.2571333,0.04890108,0.04890108,-0.06290857
4485,3.464467,0.03748666,0.04779789,-0.2571637,0.04890108,0.04890108,-0.06310423
4486,3.465212,0.03738582,0.04785542,-0.2572315,0.04891321,0.04891321,-0.06291006
4487,3.465989,0.037179,0.04793122,-0.2572802,0.04636259,0.04636259,-0.06047481
4488,3.466814,0.03707612,0.0480071,-0.2573137,0.04702496,0.04702496,-0.06068208
4489,3.46758,0.03686814,0.0480071,-0.2573436,0.04907435,0.04907435,-0.06084773
4490,3.468349,0.03676712,0.04806465,-0.2574112,0.04908542,0.04908542,-0.06074608
4491,3.469091,0.03655906,0.04806465,-0.2574408,0.04715408,0.04715408,-0.05888887
4492,3.46982,0.03645609,0.0481405,-0.257474,0.04758226,0.04758226,-0.05869921
4493,3.470549,0.03624801,0.0481405,-0.2575034,0.04758226,0.04758226,-0.05823707
4494,3.471277,0.03603987,0.0481405,-0.2575326,0.04758226,0.04758226,-0.05814565
4495,3.471985,0.03593583,0.0481405,-0.2575471,0.04758226,0.04758226,-0.05833065
4496,3.472707,0.03583547,0.04827395,-0.2576327,0.04748357,0.04748357,-0.05782782
4497,3.473398,0.03573139,0.04827395,-0.2576472,0.04749377,0.04749377,-0.05772774
4498,3.474092,0.03552317,0.04827395,-0.257676,0.0442501,0.0442501,-0.05400844
4499,3.474812,0.03541906,0.04827395,-0.2576903,0.0442501,0.0442501,-0.05365524
4500,3.475595,0.03521169,0.04834983,-0.2577372,0.04425328,0.04425328,-0.05346461
4501,3.476401,0.03511015,0.04840744,-0.2578041,0.04426212,0.04426212,-0.05371494
4502,3.477208,0.03490183,0.04840744,-0.2578323,0.04416058,0.04416058,-0.0530301
4503,3.478041,0.03469434,0.04848331,-0.2578789,0.04416377,0.04416377,-0.0528094
4504,3.478782,0.03459012,0.04848331,-0.2578929,0.04577141,0.04577141,-0.05297911
4505,3.47947,0.0343817,0.04848331,-0.2579208,0.04577141,0.04577141,-0.05293661
4506,3.480167,0.03427991,0.04854098,-0.2579872,0.04578015,0.04578015,-0.05284013
4507,3.481081,0.03407141,0.04854098,-0.2580148,0.04514842,0.04514842,-0.05191845
4508,3.481812,0.03396717,0.04854098,-0.2580286,0.04445515,0.04445515,-0.05103889
4509,3.482526,0.03376178,0.04867452,-0.2581269,0.04351407,0.04351407,-0.05034075
4510,3.483259,0.0336575,0.04867452,-0.2581405,0.0435222,0.0435222,-0.05024656
4511,3.485929,0.03344964,0.04875043,-0.2581859,0.04572289,0.04572289,-0.05042823
4512,3.48681,0.0329301,0.04880813,-0.2583055,0.04637112,0.04637112,-0.05035833
4513,3.487549,0.03282574,0.04880813,-0.2583188,0.04637112,0.04637112,-0.05027114
4514,3.488327,0.0326191,0.04886585,-0.2583978,0.04637935,0.04637935,-0.04965226
4515,3.489102,0.03251537,0.04894176,-0.2584292,0.04628623,0.04628623,-0.04981594
4516,3.489816,0.03230654,0.04894176,-0.2584554,0.04381146,0.04381146,-0.04860764
4517,3.490517,0.0322041,0.04899952,-0.2585209,0.04381965,0.04381965,-0.04851496
4518,3.491246,0.03199515,0.04899952,-0.2585469,0.04437745,0.04437745,-0.0488648
4519,3.491949,0.03189331,0.04913321,-0.2586305,0.04381355,0.04381355,-0.0482657
4520,3.492663,0.03178882,0.04913321,-0.2586434,0.04381355,0.04381355,-0.04818064
4521,3.493543,0.03158167,0.04919103,-0.2587214,0.04483609,0.04483609,-0.04849597
4522,3.494316,0.03137255,0.04919103,-0.2587468,0.04869715,0.04869715,-0.05192158
4523,3.495022,0.03126805,0.04919103,-0.2587595,0.04856629,0.04856629,-0.05180478
4524,3.495703,0.03116345,0.04919103,-0.2587721,0.04856629,0.04856629,-0.05172043
4525,3.49642,0.03095607,0.04924886,-0.2588496,0.04857661,0.04857661,-0.05141439
4526,3.497166,0.03085209,0.0493248,-0.2588803,0.04516786,0.04516786,-0.05051646
4527,3.497864,0.03064456,0.04938264,-0.2589575,0.04719556,0.04719556,-0.05187248
4528,3.498701,0.03053994,0.04938264,-0.2589699,0.04719556,0.04719556,-0.05178956
4529,3.499512,0.0303328,0.04951644,-0.259065,0.04812509,0.04812509,-0.05177299
4530,3.500232,0.03012502,0.04957436,-0.2591418,0.04878437,0.04878437,-0.05227636
4531,3.501213,0.03002032,0.04957436,-0.2591661,0.05184577,0.05184577,-0.05519395
4532,3.501942,0.02981236,0.04963231,-0.2592304,0.05185876,0.05185876,-0.0551265
4533,3.50267,0.02970767,0.04963231,-0.2592424,0.05185876,0.05185876,-0.05504336
4534,3.50338,0.02949816,0.04963231,-0.2592664,0.05267154,0.05267154,-0.05540607
4535,3.504119,0.02939478,0.04969025,-0.2593306,0.05265131,0.05265131,-0.05553708
4536,3.504827,0.02918709,0.04982421,-0.2594246,0.05338039,0.05338039,-0.05749664
4537,3.505551,0.02908225,0.04982421,-0.2594364,0.05338039,0.05338039,-0.05741273
4538,3.506286,0.02887388,0.04988222,-0.259512,0.05456498,0.05456498,-0.05823717
4539,3.506991,0.02877034,0.04994027,-0.2595759,0.05327665,0.05327665,-0.05716252
4540,3.507693,0.02866546,0.04994027,-0.2595875,0.05329129,0.05329129,-0.05706436
4541,3.508437,0.02845691,0.04999836,-0.2596628,0.05541551,0.05541551,-0.05883409
4542,3.50929,0.02824864,0.05013241,-0.2597559,0.05765922,0.05765922,-0.06062562
4543,3.510115,0.02814373,0.05013241,-0.2597673,0.05839173,0.05839173,-0.06227822
4544,3.510979,0.02793492,0.05019054,-0.2598421,0.05918523,0.05918523,-0.06265928
4545,3.511702,0.02783099,0.05024868,-0.2599055,0.05920299,0.05920299,-0.06247462
4546,3.512403,0.02762205,0.05030686,-0.25998,0.0654679,0.0654679,-0.0679583
4547,3.513104,0.02751698,0.05030686,-0.2599911,0.06490262,0.06490262,-0.06742483
4548,3.513823,0.02730784,0.05036506,-0.2600653,0.06494151,0.06494151,-0.06720249
4549,3.514669,0.02720277,0.05036506,-0.2600763,0.06494151,0.06494151,-0.06711892
4550,3.51538,0.02699352,0.05042326,-0.2601503,0.06601999,0.06601999,-0.06807368
4551,3.516167,0.02688934,0.05048153,-0.2602132,0.06466713,0.06466713,-0.067476
4552,3.516942,0.02667989,0.05053979,-0.2602867,0.06594218,0.06594218,-0.06852515
4553,3.517685,0.02657561,0.05059808,-0.2603495,0.06596329,0.06596329,-0.0684186
4554,3.518436,0.02636602,0.05065641,-0.2604228,0.05126043,0.05126043,-0.06673792
4555,3.519149,0.02626075,0.05065641,-0.2604334,0.0515938,0.0515938,-0.06687012
4556,3.519846,0.02605105,0.05071473,-0.2605065,0.05113281,0.05113281,-0.06648302
4557,3.520566,0.0259465,0.05077311,-0.2605688,0.05113281,0.05113281,-0.06639832
4558,3.521408,0.02573658,0.05083153,-0.2606416,0.05179633,0.05179633,-0.06671679
4559,3.522145,0.02563193,0.05088994,-0.2607037,0.05805445,0.05805445,-0.07206178
4560,3.522915,0.02542187,0.0509484,-0.2607762,0.05805445,0.05805445,-0.07193699
4561,3.523695,0.02531651,0.0509484,-0.2607864,0.05807941,0.05807941,-0.07182594
4562,3.524409,0.02510628,0.05100688,-0.2608586,0.05754936,0.05754936,-0.0713222
4563,3.525163,0.02500146,0.05106536,-0.2609204,0.05787374,0.05787374,-0.07140891
4564,3.525898,0.02479109,0.05112389,-0.2609922,0.05785226,0.05785226,-0.07114466
4565,3.526604,0.02468562,0.05112389,-0.2610022,0.05785226,0.05785226,-0.07105954
4566,3.527351,0.02447512,0.05118243,-0.2610738,0.05960504,0.05960504,-0.07234576
4567,3.528036,0.02437002,0.05124101,-0.2611353,0.05978677,0.05978677,-0.07243244
4568,3.528792,0.02415972,0.05135821,-0.2612582,0.06019132,0.06019132,-0.07260123
4569,3.5295,0.02405417,0.05135821,-0.2612679,0.06021703,0.06021703,-0.07248812
4570,3.530182,0.02394894,0.05141687,-0.2613291,0.0608645,0.0608645,-0.07290295
4571,3.530895,0.02373771,0.05141687,-0.2613484,0.06126059,0.06126059,-0.07306065
4572,3.531823,0.02352672,0.05147554,-0.2614191,0.06029512,0.06029512,-0.07206137
4573,3.532547,0.02352689,0.05147345,-0.2614562,0.06031954,0.06031954,-0.07203597
4574,3.533242,0.02321017,0.05153218,-0.261536,0.06417245,0.06417245,-0.07333097
4575,3.53397,0.02321034,0.0515909,-0.2615875,0.06417245,0.06417245,-0.07319414
4576,3.534788,0.02289334,0.05164969,-0.2616669,0.06352417,0.06352417,-0.07229751
4577,3.535601,0.02278759,0.05164969,-0.2616761,0.06355005,0.06355005,-0.07218464
4578,3.536414,0.02268195,0.05170849,-0.2617367,0.06356934,0.06356934,-0.07199813
4579,3.537213,0.02257621,0.05169281,-0.2617796,0.06148629,0.06148629,-0.0716268
4580,3.537958,0.0223647,0.05175164,-0.2618491,0.06101925,0.06101925,-0.07100008
4581,3.538698,0.02225884,0.05181052,-0.2619095,0.06104509,0.06104509,-0.07088767
4582,3.539396,0.02204718,0.05181052,-0.2619274,0.06191652,0.06191652,-0.07153586
4583,3.540162,0.02194121,0.05185248,-0.2620208,0.06209935,0.06209935,-0.07152529
4584,3.541057,0.02172949,0.05185248,-0.2620385,0.05786354,0.05786354,-0.07066099
4585,3.54179,0.02162336,0.05197038,-0.2621497,0.05793468,0.05793468,-0.07007348
4586,3.542521,0.02151742,0.05197038,-0.2621585,0.0579611,0.0579611,-0.06988263
4587,3.543234,0.02130543,0.05195342,-0.2622089,0.04140542,0.04140542,-0.06587796
4588,3.543963,0.02130543,0.05195342,-0.2622089,0.04176728,0.04176728,-0.06624317
4589,3.544654,0.02109352,0.05195342,-0.262226,0.04176728,0.04176728,-0.06616177
4590,3.545501,0.02098704,0.05207148,-0.2623369,0.04052673,0.04052673,-0.06472532
4591,3.546316,0.02077506,0.05207148,-0.2623537,0.04175985,0.04175985,-0.0655807
4592,3.547098,0.02066869,0.05213057,-0.2624133,0.04069877,0.04069877,-0.06459409
4593,3.547809,0.02045639,0.05211362,-0.2624629,0.04222448,0.04222448,-0.06484734
4594,3.548499,0.02045639,0.05211362,-0.2624629,0.04222448,0.04222448,-0.06476639
4595,3.549115,0.02035033,0.05211362,-0.2624711,0.04164388,0.04164388,-0.06377172
4596,3.549818,0.02013782,0.05217272,-0.2625386,0.04020803,0.04020803,-0.06234036
4597,3.550517,0.02003175,0.05217272,-0.2625467,0.04020803,0.04020803,-0.06226144
4598,3.551208,0.01992519,0.05223188,-0.2626058,0.03893052,0.03893052,-0.06103373
4599,3.551919,0.01981875,0.05221505,-0.2626467,0.03787652,0.03787652,-0.05989587
4600,3.552649,0.01971264,0.05221505,-0.2626547,0.03787709,0.03787709,-0.05981083
4601,3.553355,0.01949987,0.05227426,-0.2627215,0.03893745,0.03893745,-0.059772
4602,3.554101,0.01949987,0.05227426,-0.2627215,0.03591925,0.03591925,-0.05721085
4603,3.554766,0.01918077,0.05233344,-0.2627959,0.03250359,0.03250359,-0.05365963
4604,3.555571,0.01918077,0.05233344,-0.2627959,0.03250359,0.03250359,-0.05358377
4605,3.556332,0.01896836,0.05233344,-0.2628114,0.03112483,0.03112483,-0.05222455
4606,3.557066,0.01886215,0.05233344,-0.262819,0.03112483,0.03112483,-0.05225012
4607,3.557796,0.01875528,0.05239266,-0.2628775,0.02633174,0.02633174,-0.04774738
4608,3.558699,0.01864908,0.05239266,-0.262885,0.02633174,0.02633174,-0.04767255
4609,3.559442,0.01854211,0.05245194,-0.2629435,0.02286148,0.02286148,-0.04446563
4610,3.560165,0.01832961,0.05245194,-0.2629584,0.02286148,0.02286148,-0.04427975
4611,3.56099,0.01832989,0.05237597,-0.2629403,0.02602532,0.02602532,-0.04504572
4612,3.56174,0.01811659,0.05243525,-0.2630059,0.02166391,0.02166391,-0.04084592
4613,3.562527,0.0180103,0.05243525,-0.2630132,0.02166391,0.02166391,-0.04084592
4614,3.563264,0.01779775,0.05243525,-0.2630277,0.02166391,0.02166391,-0.04058688
4615,3.563998,0.01779688,0.05249456,-0.2630785,0.01867465,0.01867465,-0.03800586
4616,3.564716,0.01769059,0.05249456,-0.2630856,0.01868877,0.01868877,-0.03791761
4617,3.565449,0.0175843,0.05249456,-0.2630928,0.01709789,0.01709789,-0.03616246
4618,3.566104,0.01747795,0.05249456,-0.2630998,0.01709789,0.01709789,-0.03605193
4619,3.566847,0.01726533,0.05249456,-0.2631139,0.01709789,0.01709789,-0.03593847
4620,3.569518,0.01715903,0.05249456,-0.2631208,0.01709789,0.01709789,-0.03586832
4621,3.570264,0.01673266,0.05255389,-0.2631991,0.02460001,0.02460001,-0.03208658
4622,3.570986,0.0166263,0.05255389,-0.2632058,0.02460001,0.02460001,-0.03192034
4623,3.571729,0.01651999,0.05255389,-0.2632125,0.02460001,0.02460001,-0.03185071
4624,3.572466,0.01630728,0.05255389,-0.2632257,0.02294147,0.02294147,-0.03035093
4625,3.573205,0.01620087,0.05255389,-0.2632323,0.02294147,0.02294147,-0.03021595
4626,3.57399,0.01609452,0.05255389,-0.2632388,0.02294147,0.02294147,-0.03015928
4627,3.574723,0.01598817,0.05255389,-0.2632453,0.02294147,0.02294147,-0.03015928
4628,3.575681,0.01588176,0.05255389,-0.2632518,0.02294147,0.02294147,-0.02988978
4629,3.576576,0.01577414,0.05261324,-0.263309,0.02295101,0.02295101,-0.02980184
4630,3.580085,0.01513574,0.05261324,-0.2633464,0.01339812,0.01339812,-0.02109437
4631,3.581044,0.01502932,0.05261324,-0.2633525,0.01339812,0.01339812,-0.0208882
4632,3.581756,0.01481649,0.05261324,-0.2633646,0.01339812,0.01339812,-0.02082133
4633,3.582518,0.01471013,0.05261324,-0.2633705,0.01339812,0.01339812,-0.02073072
4634,3.583335,0.01460366,0.05261324,-0.2633765,0.01339812,0.01339812,-0.02065055
4635,3.584182,0.01449725,0.05261324,-0.2633823,0.01339812,0.01339812,-0.02055365
4636,3.584991,0.0142844,0.05261324,-0.263394,0,0,-0.008978096
4637,3.585792,0.0142844,0.05261324,-0.263394,0,0,-0.008911691
4638,3.586442,0.01407151,0.05261324,-0.2634054,0,0,-0.008773793
4639,3.587233,0.0139651,0.05261324,-0.2634111,0,0,-0.008729329
4640,3.587986,0.01385868,0.05261324,-0.2634167,0,0,-0.008667255
4641,3.58885,0.01375222,0.05261324,-0.2634223,0,0,-0.008600678
4642,3.589585,0.0136458,0.05261324,-0.2634279,0,0,-0.008458052
4643,3.590309,0.01353934,0.05261324,-0.2634333,0,0,-0.00834362
4644,3.591008,0.01332649,0.05261324,-0.2634442,0,0,-0.008242219
4645,3.591779,0.01332649,0.05261324,-0.2634442,0,0,-0.008242219
4646,3.592586,0.01311359,0.05261324,-0.2634549,0,0,-0.00802001
4647,3.593369,0.01300709,0.05261324,-0.2634602,0,0,-0.008026248
4648,3.594174,0.01279421,0.05261324,-0.2634706,0,0,-0.007950283
4649,3.59495,0.01268773,0.05261324,-0.2634757,0,0,-0.007824454
4650,3.595762,0.01268773,0.05261324,-0.2634757,0,0,-0.007824454
4651,3.596526,0.01247478,0.05261324,-0.2634859,0,0,-0.007650098
4652,3.597363,0.01226188,0.05261324,-0.2634959,0,0,-0.00767163
4653,3.598143,0.01226188,0.05261324,-0.2634959,0,0,-0.007549034
4654,3.598806,0.01215539,0.05261324,-0.2635008,0,0,-0.007483477
4655,3.599527,0.01204893,0.05261324,-0.2635057,0,0,-0.0073818
4656,3.600229,0.01183596,0.05261324,-0.2635154,0,0,-0.007251319
4657,3.601162,0.01172953,0.05261324,-0.2635201,0,0,-0.007213808
4658,3.601883,0.011623,0.05261324,-0.2635248,0,0,-0.007121081
4659,3.602603,0.01151657,0.05261324,-0.2635295,0,0,-0.007055873
4660,3.603332,0.01151657,0.05261324,-0.2635295,0,0,-0.007028647
4661,3.603982,0.01130357,0.05261324,-0.2635387,0,0,-0.006879872
4662,3.604689,0.01130357,0.05261324,-0.2635387,0,0,-0.006879872
4663,3.605309,0.0111971,0.05261324,-0.2635433,0,0,-0.006733734
4664,3.606017,0.01098412,0.05261324,-0.2635522,0,0,-0.006651971
4665,3.606724,0.01098412,0.05261324,-0.2635522,0,0,-0.006651971
4666,3.607517,0.0107711,0.05261324,-0.263561,0,0,-0.006430283
4667,3.60826,0.0107711,0.05261324,-0.263561,0,0,-0.006490357
4668,3.608907,0.01055811,0.05261324,-0.2635697,0,0,-0.00631249
4669,3.609743,0.01055811,0.05261324,-0.2635697,0,0,-0.00631249
4670,3.610359,0.01045163,0.05261324,-0.2635739,0,0,-0.006148782
4671,3.611095,0.01023859,0.05261324,-0.2635823,0,0,-0.006137562
4672,3.611848,0.01023859,0.05261324,-0.2635823,0,0,-0.006074367
4673,3.61251,0.01013213,0.05261324,-0.2635864,0,0,-0.005922056
4674,3.613237,0.01002558,0.05261324,-0.2635905,0,0,-0.00583676
4675,3.613945,0.009919123,0.05261324,-0.2635945,0,0,-0.005819171
4676,3.614792,0.009812599,0.05261324,-0.2635985,0,0,-0.005756677
4677,3.615492,0.009706073,0.05261324,-0.2636024,0,0,-0.005611754
4678,3.61619,0.009599576,0.05261324,-0.2636063,0,0,-0.005501707
4679,3.61701,0.009493047,0.05261324,-0.2636102,0,0,-0.005407603
4680,3.61778,0.009493047,0.05261324,-0.2636102,0,0,-0.005407603
4681,3.61843,0.009279983,0.05261324,-0.2636178,0,0,-0.005281776
4682,3.619239,0.009173483,0.05261324,-0.2636215,0,0,-0.005168634
4683,3.619961,0.009066978,0.05261324,-0.2636251,0,0,-0.005047643
4684,3.620685,0.009066978,0.05261324,-0.2636251,0,0,-0.005047643
4685,3.621536,0.008853933,0.05261324,-0.2636324,0,0,-0.004762526
4686,3.62227,0.008853933,0.05261324,-0.2636324,0,0,-0.004803057
4687,3.622947,0.008747393,0.05261324,-0.263636,0,0,-0.004619458
4688,3.623691,0.008640853,0.05261324,-0.2636395,0,0,-0.004563194
4689,3.624448,0.008534373,0.05261324,-0.2636429,0,0,-0.004497886
4690,3.625162,0.008427798,0.05261324,-0.2636464,0,0,-0.004497886
4691,3.626025,0.008321315,0.05261324,-0.2636497,0,0,-0.004330631
4692,3.626857,0.008321315,0.05261324,-0.2636497,0,0,-0.004275914
4693,3.627581,0.008214768,0.05261324,-0.2636531,0,0,-0.00413272
4694,3.628216,0.008108221,0.05261324,-0.2636564,0,0,-0.00413272
4695,3.628945,0.008001703,0.05261324,-0.2636597,0,0,-0.003928739
4696,3.629692,0.008001703,0.05261324,-0.2636597,0,0,-0.004071257
4697,3.630435,0.007895153,0.05261324,-0.2636628,0,0,-0.003864063
4698,3.631204,0.007788633,0.05261324,-0.263666,0,0,-0.00381193
4699,3.631921,0.007682047,0.05261324,-0.2636692,0,0,-0.003761814
4700,3.632613,0.007682047,0.05261324,-0.2636692,0,0,-0.003665701
4701,3.633237,0.007575523,0.05261324,-0.2636722,0,0,-0.00361487
4702,3.633936,0.007468999,0.05261324,-0.2636753,0,0,-0.003555458
4703,3.634685,0.007468999,0.05261324,-0.2636753,0,0,-0.003441219
4704,3.635315,0.007362443,0.05261324,-0.2636783,0,0,-0.003392125
4705,3.636054,0.007258236,0.05256575,-0.2636406,0,0,-0.003331871
4706,3.636805,0.007151694,0.05256575,-0.2636436,0,0,-0.00332866
4707,3.637595,0.007151694,0.05256575,-0.2636436,0,0,-0.003276858
4708,3.638382,0.006938668,0.05256575,-0.2636493,0,0,-0.003147529
4709,3.639198,0.006938668,0.05256575,-0.2636493,0,0,-0.003147529
4710,3.639857,0.006938668,0.05256575,-0.2636493,0,0,-0.003163827
4711,3.640695,0.006725606,0.05256575,-0.2636548,0,0,-0.002969687
4712,3.64161,0.006619057,0.05256575,-0.2636575,0,0,-0.002943344
4713,3.642566,0.006619057,0.05256575,-0.2636575,0,0,-0.002934351
4714,3.643246,0.006512507,0.05256575,-0.2636601,0,0,-0.002887115
4715,3.643964,0.006405987,0.05256575,-0.2636627,0,0,-0.00280588
4716,3.644676,0.006299437,0.05256575,-0.2636653,0,0,-0.002832914
4717,3.645374,0.006299437,0.05256575,-0.2636653,0,0,-0.002768567
4718,3.646009,0.006192916,0.05256575,-0.2636678,0,0,-0.002721752
4719,3.646753,0.006086329,0.05256575,-0.2636703,0,0,-0.002654402
4720,3.647466,0.006086329,0.05256575,-0.2636703,0,0,-0.002640325
4721,3.648126,0.005979806,0.05256575,-0.2636727,0,0,-0.002640325
4722,3.648863,0.005873283,0.05256575,-0.2636751,0,0,-0.002504106
4723,3.649545,0.005873283,0.05256575,-0.2636751,0,0,-0.002450049
4724,3.650192,0.005873283,0.05256575,-0.2636751,0,0,-0.002450049
4725,3.65081,0.005766725,0.05256575,-0.2636775,0,0,-0.002407713
4726,3.651518,0.005660199,0.05256575,-0.2636798,0,0,-0.002328408
4727,3.652245,0.005660199,0.05256575,-0.2636798,0,0,-0.002328408
4728,3.65298,0.005553639,0.05256575,-0.263682,0,0,-0.002291101
4729,3.655865,0.005447082,0.05256575,-0.2636843,0,0,-0.002207661
4730,3.656737,0.005235198,0.05248977,-0.2636705,-0.0007947767,-0.0007947767,-0.001859618
4731,3.65757,0.005128674,0.05248977,-0.2636726,-0.0007947767,-0.0007947767,-0.001810173
4732,3.658343,0.005128674,0.05248977,-0.2636726,-0.0007947767,-0.0007947767,-0.001810173
4733,3.659086,0.005022119,0.05248977,-0.2636746,-0.0007947767,-0.0007947767,-0.001765881
4734,3.659845,0.005022119,0.05248977,-0.2636746,-0.0007947767,-0.0007947767,-0.001754188
4735,3.660495,0.004915563,0.05248977,-0.2636766,-0.0007947767,-0.0007947767,-0.001647517
4736,3.66133,0.004918849,0.05243163,-0.2636269,-0.000794761,-0.000794761,-0.001648715
4737,3.662145,0.00481234,0.05243163,-0.2636289,-0.001498607,-0.001498607,-0.0009571807
4738,3.662857,0.004705803,0.05243163,-0.2636308,-0.001498607,-0.001498607,-0.0009040752
4739,3.663564,0.004705803,0.05243163,-0.2636308,-0.001498607,-0.001498607,-0.000900556
4740,3.66422,0.004705803,0.05243163,-0.2636308,-0.001498607,-0.001498607,-0.000900556
4741,3.664841,0.004599328,0.05243163,-0.2636327,-0.0007038459,-0.0007038459,-0.001052035
4742,3.665589,0.004600551,0.05235563,-0.2636145,-0.0007038277,-0.0007038277,-0.0009565339
4743,3.66631,0.004493987,0.05235563,-0.2636164,-0.0007038277,-0.0007038277,-0.0009565339
4744,3.667077,0.004493987,0.05235563,-0.2636164,-0.002152923,-0.002152923,-0.0004868255
4745,3.667777,0.004387488,0.05235563,-0.2636182,-0.003821847,-0.003821847,0.0009741898
4746,3.668764,0.004387488,0.05235563,-0.2636182,-0.003821847,-0.003821847,0.0009721399
4747,3.66941,0.004280952,0.05235563,-0.2636199,-0.001449096,-0.001449096,-0.0009802529
4748,3.670161,0.004280952,0.05235563,-0.2636199,-0.001449096,-0.001449096,-0.0009802529
4749,3.670943,0.00417442,0.05235563,-0.2636216,-0.001449096,-0.001449096,-0.0009492099
4750,3.671725,0.00417442,0.05235563,-0.2636216,-0.001449096,-0.001449096,-0.0009492099
4751,3.672391,0.004069177,0.05227965,-0.2636051,-0.001449096,-0.001449096,-0.0008950836
4752,3.673153,0.004069177,0.05227965,-0.2636051,-0.001448946,-0.001448946,-0.0008947806
4753,3.673813,0.004069177,0.05227965,-0.2636051,-0.00921553,-0.00921553,0.001044385
4754,3.674508,0.004069177,0.05227965,-0.2636051,-0.00921553,-0.00921553,0.001044385
4755,3.675153,0.003962649,0.05227965,-0.2636067,-0.00921553,-0.00921553,0.001074812
4756,3.675874,0.003856152,0.05227965,-0.2636083,-0.00921553,-0.00921553,0.001151922
4757,3.676614,0.003856152,0.05227965,-0.2636083,-0.00921553,-0.00921553,0.001140471
4758,3.677245,0.003857429,0.0522037,-0.2635901,-0.009214571,-0.009214571,0.00114449
4759,3.677943,0.003754513,0.05214451,-0.263541,-0.01093194,-0.01093194,0.001602297
4760,3.678694,0.003754513,0.05214451,-0.263541,-0.01374377,-0.01374377,0.004020743
4761,3.67943,0.003754513,0.05214451,-0.263541,-0.01374377,-0.01374377,0.004029278
4762,3.680076,0.003754513,0.05214451,-0.263541,-0.01374377,-0.01374377,0.004029278
4763,3.68091,0.003648011,0.05214451,-0.2635425,-0.01374377,-0.01374377,0.0040576
4764,3.681633,0.003648011,0.05214451,-0.2635425,-0.01374377,-0.01374377,0.004161031
4765,3.682275,0.003648011,0.05214451,-0.2635425,-0.01374377,-0.01374377,0.004161031
4766,3.682914,0.003541539,0.05214451,-0.2635439,-0.01374377,-0.01374377,0.004156801
4767,3.683657,0.003541539,0.05214451,-0.2635439,-0.01374377,-0.01374377,0.004176023
4768,3.684312,0.003541539,0.05214451,-0.2635439,-0.01374377,-0.01374377,0.004176023
4769,3.684956,0.003436346,0.05206853,-0.2635271,-0.01374257,-0.01374257,0.004206649
4770,3.685694,0.003436346,0.05206853,-0.2635271,-0.01334513,-0.01334513,0.004152712
4771,3.686332,0.003436346,0.05206853,-0.2635271,-0.01334513,-0.01334513,0.004152712
4772,3.686952,0.003436346,0.05206853,-0.2635271,-0.01053337,-0.01053337,0.001746201
4773,3.687584,0.003436346,0.05206853,-0.2635271,-0.01053337,-0.01053337,0.001746201
4774,3.688247,0.00333117,0.05199261,-0.2635101,-0.01053227,-0.01053227,0.001775284
4775,3.688986,0.00333117,0.05199261,-0.2635101,-0.01203152,-0.01203152,0.002207998
4776,3.689635,0.00333117,0.05199261,-0.2635101,-0.01203152,-0.01203152,0.002207998
4777,3.69026,0.003224713,0.05199261,-0.2635115,-0.01203152,-0.01203152,0.002207998
4778,3.690956,0.003224713,0.05199261,-0.2635115,-0.01203152,-0.01203152,0.002241954
4779,3.691577,0.003224713,0.05199261,-0.2635115,-0.01203152,-0.01203152,0.002241954
4780,3.692203,0.003224713,0.05199261,-0.2635115,-0.01203152,-0.01203152,0.002241954
4781,3.692871,0.003224713,0.05199261,-0.2635115,-0.01203152,-0.01203152,0.002241954
4782,3.693515,0.003121928,0.05193332,-0.263462,-0.01571665,-0.01571665,0.005470556
4783,3.694235,0.003121928,0.05193332,-0.263462,-0.01571665,-0.01571665,0.005470556
4784,3.694851,0.003121928,0.05193332,-0.263462,-0.01571665,-0.01571665,0.005470556
4785,3.695476,0.003015521,0.05193332,-0.2634632,-0.01571665,-0.01571665,0.005482295
4786,3.696252,0.003015521,0.05193332,-0.2634632,-0.01571665,-0.01571665,0.005482295
4787,3.696905,0.003015521,0.05193332,-0.2634632,-0.00368537,-0.00368537,0.002580018
4788,3.697545,0.003015521,0.05193332,-0.2634632,-0.00368537,-0.00368537,0.002580018
4789,3.698287,0.003015521,0.05193332,-0.2634632,-0.00368537,-0.00368537,0.002580018
4790,3.698959,0.003016867,0.05185738,-0.2634449,-0.003685275,-0.003685275,0.002579944
4791,3.69979,0.002910372,0.05185738,-0.2634461,-0.01498322,-0.01498322,0.005399379
4792,3.700534,0.002910372,0.05185738,-0.2634461,-0.01498322,-0.01498322,0.005399379
4793,3.701327,0.002914122,0.05179814,-0.2633953,-0.01498146,-0.01498146,0.005400899
4794,3.702044,0.002914122,0.05179814,-0.2633953,-0.0157372,-0.0157372,0.006048971
4795,3.702675,0.002807711,0.05179814,-0.2633964,-0.0157372,-0.0157372,0.006048971
4796,3.703451,0.002807711,0.05179814,-0.2633964,-0.0157372,-0.0157372,0.006110677
4797,3.704119,0.002807711,0.05179814,-0.2633964,-0.0157372,-0.0157372,0.006110677
4798,3.704757,0.002807711,0.05179814,-0.2633964,-0.01595654,-0.01595654,0.006163703
4799,3.705494,0.002807711,0.05179814,-0.2633964,-0.01595654,-0.01595654,0.006163703
4800,3.70621,0.002807711,0.05179814,-0.2633964,-0.01595654,-0.01595654,0.006163703
4801,3.706869,0.002701299,0.05179814,-0.2633976,-0.01595654,-0.01595654,0.006163703
4802,3.707636,0.002701299,0.05179814,-0.2633976,-0.004439478,-0.004439478,0.00341484
4803,3.708282,0.002701299,0.05179814,-0.2633976,-0.004439478,-0.004439478,0.00341484
4804,3.709002,0.002701299,0.05179814,-0.2633976,-0.004439478,-0.004439478,0.00341484
4805,3.70975,0.002701299,0.05179814,-0.2633976,0,0,-0.0003782431
4806,3.710495,0.002701299,0.05179814,-0.2633976,0,0,-0.0003782431
4807,3.711266,0.002701299,0.05179814,-0.2633976,0,0,-0.0003782431
4808,3.711925,0.002594823,0.05179814,-0.2633986,0,0,-0.0003425123
4809,3.712656,0.002594823,0.05179814,-0.2633986,0,0,-0.0003196672
4810,3.713294,0.002594823,0.05179814,-0.2633986,0,0,-0.0003196672
4811,3.714049,0.002594823,0.05179814,-0.2633986,0,0,-0.0003196672
4812,3.714746,0.002594823,0.05179814,-0.2633986,0,0,-0.0003196672
4813,3.715441,0.002594823,0.05179814,-0.2633986,0,0,-0.0003196672
4814,3.716084,0.002594823,0.05179814,-0.2633986,0,0,-0.0003196672
4815,3.71671,0.002594823,0.05179814,-0.2633986,0,0,-0.0003053212
4816,3.717338,0.002594823,0.05179814,-0.2633986,0,0,-0.0003053212
4817,3.717983,0.002489796,0.05172223,-0.2633813,0,0,-0.0002715253
4818,3.718733,0.002489796,0.05172223,-0.2633813,-0.006888404,-0.006888404,0.001397086
4819,3.719464,0.002489796,0.05172223,-0.2633813,-0.005003558,-0.005003558,0.0009405105
4820,3.720095,0.002489796,0.05172223,-0.2633813,-0.005003558,-0.005003558,0.0009405105
4821,3.720883,0.002489796,0.05172223,-0.2633813,-0.005003558,-0.005003558,0.0009405105
4822,3.721495,0.002489796,0.05172223,-0.2633813,-0.005003558,-0.005003558,0.000953993
4823,3.722124,0.002489796,0.05172223,-0.2633813,-0.005003558,-0.005003558,0.000953993
4824,3.722881,0.002489796,0.05172223,-0.2633813,-0.005003558,-0.005003558,0.000953993
4825,3.723539,0.002489796,0.05172223,-0.2633813,-0.005003558,-0.005003558,0.000953993
4826,3.724168,0.002489796,0.05172223,-0.2633813,-0.005003558,-0.005003558,0.000953993
4827,3.724803,0.002489796,0.05172223,-0.2633813,-0.005003558,-0.005003558,0.0009628013
4828,3.725437,0.002489796,0.05172223,-0.2633813,-0.005003558,-0.005003558,0.001212036
4829,3.726091,0.002383359,0.05172223,-0.2633823,-0.005003558,-0.005003558,0.001211999
4830,3.726872,0.002383359,0.05172223,-0.2633823,0,0,-0.0001875116
4831,3.730213,0.002383359,0.05172223,-0.2633823,0,0,-0.0001875116
4832,3.730886,0.002383359,0.05172223,-0.2633823,0,0,-0.0001819575
4833,3.731551,0.002383359,0.05172223,-0.2633823,0,0,-0.0001819575
4834,3.732171,0.002383359,0.05172223,-0.2633823,0,0,-0.0001819575
4835,3.732776,0.002383359,0.05172223,-0.2633823,0,0,-0.0001819575
4836,3.733425,0.002383359,0.05172223,-0.2633823,0,0,-0.0001819575
4837,3.734073,0.002383359,0.05172223,-0.2633823,0,0,-0.0001819575
4838,3.734706,0.002383359,0.05172223,-0.2633823,0,0,0
4839,3.735342,0.002383359,0.05172223,-0.2633823,0,0,0
4840,3.735954,0.002387214,0.051663,-0.2633315,0,0,0
4841,3.736709,0.002387214,0.051663,-0.2633315,-0.00168002,-0.00168002,0.001441956
4842,3.739424,0.002387214,0.051663,-0.2633315,-0.00168002,-0.00168002,0.001441956
4843,3.740057,0.002387214,0.051663,-0.2633315,-0.00168002,-0.00168002,0.001441956
4844,3.74085,0.002387214,0.051663,-0.2633315,-0.00168002,-0.00168002,0.001441956
4845,3.741534,0.002387214,0.051663,-0.2633315,-0.00168002,-0.00168002,0.001441956
4846,3.742161,0.002387214,0.051663,-0.2633315,-0.00168002,-0.00168002,0.001441956
4847,3.742844,0.002387214,0.051663,-0.2633315,-0.00168002,-0.00168002,0.001441956
4848,3.743623,0.002387214,0.051663,-0.2633315,-0.00168002,-0.00168002,0.001441956
4849,3.744269,0.002387214,0.051663,-0.2633315,-0.00168002,-0.00168002,0.001441956
4850,3.744902,0.002387214,0.051663,-0.2633315,0,0,0
4851,3.745532,0.002387214,0.051663,-0.2633315,0,0,0
4852,3.746138,0.002387214,0.051663,-0.2633315,0,0,0
4853,3.746781,0.002391071,0.05160381,-0.2632806,0,0,0
4854,3.747552,0.002391071,0.05160381,-0.2632806,0,0,0
4855,3.748185,0.002391071,0.05160381,-0.2632806,-0.002581994,-0.002581994,0.002218242
4856,3.748844,0.002391071,0.05160381,-0.2632806,-0.002581994,-0.002581994,0.002218242
4857,3.749511,0.002391071,0.05160381,-0.2632806,-0.002581994,-0.002581994,0.002218242
4858,3.75014,0.002391071,0.05160381,-0.2632806,-0.002581994,-0.002581994,0.002218242
4859,3.750752,0.002391071,0.05160381,-0.2632806,-0.002581994,-0.002581994,0.002218242
4860,3.751353,0.002391071,0.05160381,-0.2632806,-0.002581994,-0.002581994,0.002218242
4861,3.751964,0.002391071,0.05160381,-0.2632806,-0.002581994,-0.002581994,0.002218242
4862,3.752594,0.002391071,0.05160381,-0.2632806,-0.002581994,-0.002581994,0.002218242
4863,3.753209,0.002391071,0.05160381,-0.2632806,-0.002581994,-0.002581994,0.002218242
4864,3.753845,0.002391071,0.05160381,-0.2632806,-0.002581994,-0.002581994,0.002218242
4865,3.754523,0.002391071,0.05160381,-0.2632806,-0.002581994,-0.002581994,0.002218242
4866,3.755156,0.002391071,0.05160381,-0.2632806,-0.002581994,-0.002581994,0.002218242
4867,3.755788,0.002391071,0.05160381,-0.2632806,0,0,0
4868,3.756542,0.002391071,0.05160381,-0.2632806,0,0,0
4869,3.757191,0.002391071,0.05160381,-0.2632806,0,0,0
4870,3.757805,0.002391071,0.05160381,-0.2632806,0,0,0
4871,3.758411,0.002391071,0.05160381,-0.2632806,0,0,0
4872,3.759085,0.002391071,0.05160381,-0.2632806,0,0,0
4873,3.759723,0.002391071,0.05160381,-0.2632806,0,0,0
4874,3.760357,0.002392466,0.05152786,-0.2632622,0,0,0
4875,3.761402,0.002396326,0.05146869,-0.2632113,-0.001793749,-0.001793749,0.0004356283
4876,3.76215,0.002396326,0.05146869,-0.2632113,-0.004758454,-0.004758454,0.002985319
4877,3.762781,0.002396326,0.05146869,-0.2632113,-0.004758454,-0.004758454,0.002985319
4878,3.763388,0.002396326,0.05146869,-0.2632113,-0.004758454,-0.004758454,0.002985319
4879,3.764018,0.002396326,0.05146869,-0.2632113,-0.004758454,-0.004758454,0.002985319
4880,3.764657,0.002396326,0.05146869,-0.2632113,-0.004758454,-0.004758454,0.002985319
4881,3.765328,0.002396326,0.05146869,-0.2632113,-0.004758454,-0.004758454,0.002985319
4882,3.765954,0.002396326,0.05146869,-0.2632113,-0.004758454,-0.004758454,0.002985319
4883,3.76665,0.002396326,0.05146869,-0.2632113,-0.004758454,-0.004758454,0.002985319
4884,3.767405,0.002396326,0.05146869,-0.2632113,-0.004758454,-0.004758454,0.002985319
4885,3.768076,0.002396326,0.05146869,-0.2632113,-0.006599585,-0.006599585,0.004568719
4886,3.768796,0.002396326,0.05146869,-0.2632113,-0.004805836,-0.004805836,0.00413309
4887,3.769581,0.002396326,0.05146869,-0.2632113,-0.004805836,-0.004805836,0.00413309
4888,3.770215,0.002396326,0.05146869,-0.2632113,0,0,0
4889,3.770875,0.002396326,0.05146869,-0.2632113,0,0,0
4890,3.77152,0.002396326,0.05146869,-0.2632113,0,0,0
4891,3.772188,0.002396326,0.05146869,-0.2632113,0,0,0
4892,3.772936,0.002396326,0.05146869,-0.2632113,0,0,0
4893,3.77364,0.002396326,0.05146869,-0.2632113,0,0,0
4894,3.774293,0.002396326,0.05146869,-0.2632113,0,0,0
4895,3.774917,0.002396326,0.05146869,-0.2632113,0,0,0
4896,3.775662,0.002396326,0.05146869,-0.2632113,0,0,0
4897,3.776355,0.002396326,0.05146869,-0.2632113,0,0,0
4898,3.777031,0.002396326,0.05146869,-0.2632113,0,0,0
4899,3.777666,0.002396326,0.05146869,-0.2632113,0,0,0
4900,3.778288,0.00248142,0.05146869,-0.2632106,0,0,0
4901,3.779087,0.00248142,0.05146869,-0.2632106,0,0,0
4902,3.779805,0.00248142,0.05146869,-0.2632106,0,0,0
4903,3.780453,0.00248142,0.05146869,-0.2632106,0,0,0
4904,3.781337,0.00248142,0.05146869,-0.2632106,0,0,0
4905,3.782043,0.00248142,0.05146869,-0.2632106,0,0,0
4906,3.782684,0.00248142,0.05146869,-0.2632106,0,0,0
4907,3.783382,0.002585624,0.05146869,-0.2632096,0,0,0
4908,3.784135,0.002585624,0.05146869,-0.2632096,0,0,1.820132E-05
4909,3.784764,0.002585624,0.05146869,-0.2632096,0,0,1.820132E-05
4910,3.7854,0.002585624,0.05146869,-0.2632096,0,0,1.820132E-05
4911,3.786045,0.002585624,0.05146869,-0.2632096,0,0,1.820132E-05
4912,3.786706,0.002585624,0.05146869,-0.2632096,0,0,1.820132E-05
4913,3.78732,0.002585624,0.05146869,-0.2632096,0,0,1.820132E-05
4914,3.787978,0.002585624,0.05146869,-0.2632096,0,0,1.820132E-05
4915,3.788708,0.002691834,0.05146869,-0.2632085,0,0,3.466848E-05
4916,3.789623,0.002691834,0.05146869,-0.2632085,0,0,3.466848E-05
4917,3.790292,0.002691834,0.05146869,-0.2632085,0,0,3.466848E-05
4918,3.790949,0.002691834,0.05146869,-0.2632085,0,0,3.466848E-05
4919,3.791595,0.002691834,0.05146869,-0.2632085,0,0,3.466848E-05
4920,3.792258,0.002691834,0.05146869,-0.2632085,0,0,0.0002167324
4921,3.792944,0.002691834,0.05146869,-0.2632085,0,0,0.0002167324
4922,3.793628,0.002691834,0.05146869,-0.2632085,0,0,0.0002167324
4923,3.794301,0.002691834,0.05146869,-0.2632085,0,0,0.0002167324
4924,3.794952,0.002691834,0.05146869,-0.2632085,0,0,0.0002167324
4925,3.795665,0.002691834,0.05146869,-0.2632085,0,0,0.0002167324
4926,3.796336,0.002798137,0.05146869,-0.2632074,0,0,0.0001944102
4927,3.797117,0.002798137,0.05146869,-0.2632074,0,0,0.0001944102
4928,3.79777,0.002798137,0.05146869,-0.2632074,0,0,0.0001944102
4929,3.79844,0.002798137,0.05146869,-0.2632074,0,0,0.0001944102
4930,3.799069,0.002798137,0.05146869,-0.2632074,0,0,0.0001944102
4931,3.799762,0.002798137,0.05146869,-0.2632074,0,0,0.0001944102
4932,3.800404,0.002798137,0.05146869,-0.2632074,0,0,0.0001944102
4933,3.801179,0.002798137,0.05146869,-0.2632074,0,0,0.0001944102
4934,3.801809,0.002798137,0.05146869,-0.2632074,0,0,0.0001944102
4935,3.802436,0.002798137,0.05146869,-0.2632074,0,0,0.0001944102
4936,3.803106,0.002798137,0.05146869,-0.2632074,0,0,0.0001944102
4937,3.803965,0.002798137,0.05146869,-0.2632074,0,0,0
4938,3.80471,0.002798137,0.05146869,-0.2632074,0,0,0
4939,3.805459,0.002798137,0.05146869,-0.2632074,0,0,0
4940,3.806158,0.002798137,0.05146869,-0.2632074,0,0,0
4941,3.806944,0.002798137,0.05146869,-0.2632074,0,0,0
4942,3.8076,0.002798137,0.05146869,-0.2632074,0,0,0
4943,3.808237,0.002798137,0.05146869,-0.2632074,0,0,0
4944,3.808951,0.002798137,0.05146869,-0.2632074,0,0,0
4945,3.809623,0.002798137,0.05146869,-0.2632074,0,0,0
4946,3.810268,0.002798137,0.05146869,-0.2632074,0,0,0
4947,3.810879,0.002798137,0.05146869,-0.2632074,0,0,0
4948,3.811509,0.002798137,0.05146869,-0.2632074,0,0,0
4949,3.812144,0.002798137,0.05146869,-0.2632074,0,0,0
4950,3.812754,0.002798137,0.05146869,-0.2632074,0,0,0
4951,3.813404,0.002798137,0.05146869,-0.2632074,0,0,0
4952,3.814038,0.002798137,0.05146869,-0.2632074,0,0,0
4953,3.81468,0.002798137,0.05146869,-0.2632074,0,0,0
4954,3.815311,0.002798137,0.05146869,-0.2632074,0,0,0
4955,3.815919,0.002798137,0.05146869,-0.2632074,0,0,0
4956,3.816548,0.002798137,0.05146869,-0.2632074,0,0,0
4957,3.817205,0.002798137,0.05146869,-0.2632074,0,0,0
4958,3.817871,0.002798137,0.05146869,-0.2632074,0,0,0
4959,3.820527,0.002798137,0.05146869,-0.2632074,0,0,0
4960,3.821466,0.002799509,0.05139281,-0.2631889,-0.001253318,-0.001253318,0.0003050414
4961,3.822382,0.002799509,0.05139281,-0.2631889,-0.001253318,-0.001253318,0.0003050414
4962,3.823053,0.002799509,0.05139281,-0.2631889,-0.001253318,-0.001253318,0.0003050414
4963,3.823714,0.002799509,0.05139281,-0.2631889,-0.001253318,-0.001253318,0.0003050414
4964,3.824371,0.002799509,0.05139281,-0.2631889,-0.001253318,-0.001253318,0.0003050414
4965,3.82498,0.002799509,0.05139281,-0.2631889,-0.001253318,-0.001253318,0.0003050414
4966,3.82562,0.002799509,0.05139281,-0.2631889,-0.001253318,-0.001253318,0.0003050414
4967,3.826298,0.002799509,0.05139281,-0.2631889,-0.001253318,-0.001253318,0.0003050414
4968,3.82706,0.002799509,0.05139281,-0.2631889,-0.001253318,-0.001253318,0.0003050414
4969,3.827693,0.002799509,0.05139281,-0.2631889,-0.001253318,-0.001253318,0.0003050414
4970,3.828305,0.002799509,0.05139281,-0.2631889,-0.001253318,-0.001253318,0.0003050414
4971,3.828929,0.002799509,0.05139281,-0.2631889,0,0,0
4972,3.82958,0.002799509,0.05139281,-0.2631889,0,0,0
4973,3.830263,0.002799509,0.05139281,-0.2631889,0,0,0
4974,3.830935,0.002799509,0.05139281,-0.2631889,0,0,0
4975,3.831558,0.002799509,0.05139281,-0.2631889,0,0,0
4976,3.832177,0.002799509,0.05139281,-0.2631889,0,0,0
4977,3.832775,0.002799509,0.05139281,-0.2631889,0,0,0
4978,3.833402,0.002799509,0.05139281,-0.2631889,0,0,0
4979,3.834129,0.002799509,0.05139281,-0.2631889,0,0,0
4980,3.834812,0.002799509,0.05139281,-0.2631889,0,0,0
4981,3.835443,0.002799509,0.05139281,-0.2631889,0,0,0
4982,3.836049,0.002799509,0.05139281,-0.2631889,0,0,0
4983,3.836686,0.002799509,0.05139281,-0.2631889,0,0,0
4984,3.837394,0.002799509,0.05139281,-0.2631889,0,0,0
4985,3.838061,0.002799509,0.05139281,-0.2631889,0,0,0
4986,3.838691,0.002799509,0.05139281,-0.2631889,0,0,0
4987,3.839311,0.002799509,0.05139281,-0.2631889,0,0,0
4988,3.839926,0.002799509,0.05139281,-0.2631889,0,0,0
4989,3.840537,0.002799509,0.05139281,-0.2631889,0,0,0
4990,3.841364,0.002799509,0.05139281,-0.2631889,0,0,0
4991,3.842013,0.002799509,0.05139281,-0.2631889,0,0,0
4992,3.842676,0.002799509,0.05139281,-0.2631889,0,0,0
4993,3.843303,0.002799509,0.05139281,-0.2631889,0,0,0
4994,3.84393,0.002799509,0.05139281,-0.2631889,0,0,0
4995,3.844574,0.002799509,0.05139281,-0.2631889,0,0,0
4996,3.845232,0.002799509,0.05139281,-0.2631889,0,0,0
4997,3.84587,0.002799509,0.05139281,-0.2631889,0,0,0
4998,3.846488,0.002799509,0.05139281,-0.2631889,0,0,0
4999,3.847104,0.002800883,0.05131687,-0.2631704,0,0,0
5000,3.847903,0.002800883,0.05131687,-0.2631704,-0.001750113,-0.001750113,0.0004268309
5001,3.848642,0.002800883,0.05131687,-0.2631704,-0.001750113,-0.001750113,0.0004268309
5002,3.849316,0.002800883,0.05131687,-0.2631704,-0.001750113,-0.001750113,0.0004268309
5003,3.849942,0.002800883,0.05131687,-0.2631704,-0.001750113,-0.001750113,0.0004268309
5004,3.850585,0.002800883,0.05131687,-0.2631704,-0.001750113,-0.001750113,0.0004268309
5005,3.851201,0.002800883,0.05131687,-0.2631704,-0.001750113,-0.001750113,0.0004268309
5006,3.851859,0.002800883,0.05131687,-0.2631704,-0.001750113,-0.001750113,0.0004268309
5007,3.852487,0.002800883,0.05131687,-0.2631704,-0.002900092,-0.002900092,0.0007072965
5008,3.853108,0.002800883,0.05131687,-0.2631704,-0.002900092,-0.002900092,0.0007072965
5009,3.853799,0.002800883,0.05131687,-0.2631704,-0.002900092,-0.002900092,0.0007072965
5010,3.854501,0.002800883,0.05131687,-0.2631704,-0.002900092,-0.002900092,0.0007072965
5011,3.855196,0.002800883,0.05131687,-0.2631704,-0.002900092,-0.002900092,0.0007072965
5012,3.855922,0.002800883,0.05131687,-0.2631704,0,0,0
5013,3.856573,0.002800883,0.05131687,-0.2631704,0,0,0
5014,3.85722,0.002800883,0.05131687,-0.2631704,0,0,0
5015,3.857851,0.002800883,0.05131687,-0.2631704,0,0,0
5016,3.858525,0.00280226,0.05124098,-0.2631519,-0.004094937,-0.004094937,0.001000754
5017,3.859346,0.00280226,0.05124098,-0.2631519,-0.004094937,-0.004094937,0.001000754
5018,3.860015,0.00280226,0.05124098,-0.2631519,-0.004094937,-0.004094937,0.001000754
5019,3.860863,0.00280226,0.05124098,-0.2631519,-0.004094937,-0.004094937,0.001000754
5020,3.861611,0.00280226,0.05124098,-0.2631519,-0.004094937,-0.004094937,0.001000754
5021,3.862356,0.00280226,0.05124098,-0.2631519,-0.004094937,-0.004094937,0.001000754
5022,3.863025,0.00280226,0.05124098,-0.2631519,-0.004094937,-0.004094937,0.001000754
5023,3.863961,0.002908572,0.05124098,-0.2631508,-0.004094937,-0.004094937,0.001018192
5024,3.864862,0.002908572,0.05124098,-0.2631508,-0.004094937,-0.004094937,0.001018192
5025,3.865528,0.002908572,0.05124098,-0.2631508,-0.004094937,-0.004094937,0.001018192
5026,3.866185,0.002908572,0.05124098,-0.2631508,0,0,1.740772E-05
5027,3.866834,0.002908572,0.05124098,-0.2631508,0,0,1.740772E-05
5028,3.867573,0.002908572,0.05124098,-0.2631508,0,0,1.740772E-05
5029,3.868315,0.002908572,0.05124098,-0.2631508,0,0,1.740772E-05
5030,3.868973,0.002908572,0.05124098,-0.2631508,0,0,1.740772E-05
5031,3.869601,0.002908572,0.05124098,-0.2631508,0,0,1.740772E-05
5032,3.870208,0.002909948,0.0511651,-0.2631322,-0.00467429,-0.00467429,0.001162132
5033,3.870962,0.002909948,0.0511651,-0.2631322,-0.00467429,-0.00467429,0.001162132
5034,3.871606,0.002909948,0.0511651,-0.2631322,-0.00467429,-0.00467429,0.001162132
5035,3.872226,0.002909948,0.0511651,-0.2631322,-0.00467429,-0.00467429,0.001144716
5036,3.872864,0.002909948,0.0511651,-0.2631322,-0.00467429,-0.00467429,0.001144716
5037,3.873481,0.002909948,0.0511651,-0.2631322,-0.00467429,-0.00467429,0.001144716
5038,3.874127,0.002909948,0.0511651,-0.2631322,-0.00467429,-0.00467429,0.001144716
5039,3.874753,0.002909948,0.0511651,-0.2631322,-0.00467429,-0.00467429,0.001144716
5040,3.875411,0.002909948,0.0511651,-0.2631322,-0.00467429,-0.00467429,0.001144716
5041,3.876057,0.002909948,0.0511651,-0.2631322,-0.00467429,-0.00467429,0.001144716
5042,3.876693,0.002909948,0.0511651,-0.2631322,-0.00467429,-0.00467429,0.001144716
5043,3.877393,0.002909948,0.0511651,-0.2631322,-0.00467429,-0.00467429,0.001144716
5044,3.880823,0.002911321,0.05108923,-0.2631136,-0.007018184,-0.007018184,0.001722241
5045,3.881833,0.002911321,0.05108923,-0.2631136,-0.007018184,-0.007018184,0.001722241
5046,3.882524,0.002911321,0.05108923,-0.2631136,-0.007018184,-0.007018184,0.001722241
5047,3.883194,0.002911321,0.05108923,-0.2631136,-0.007018184,-0.007018184,0.001722241
5048,3.883828,0.002911321,0.05108923,-0.2631136,-0.007018184,-0.007018184,0.001722241
5049,3.884461,0.002911321,0.05108923,-0.2631136,-0.007018184,-0.007018184,0.001722241
5050,3.885161,0.002911321,0.05108923,-0.2631136,-0.007018184,-0.007018184,0.001722241
5051,3.885792,0.002911321,0.05108923,-0.2631136,-0.007018184,-0.007018184,0.001722241
5052,3.886398,0.002911321,0.05108923,-0.2631136,-0.007018184,-0.007018184,0.001722241
5053,3.886997,0.002911321,0.05108923,-0.2631136,-0.007018184,-0.007018184,0.001722241
5054,3.887617,0.002911321,0.05108923,-0.2631136,-0.007018184,-0.007018184,0.001722241
5055,3.888223,0.002911321,0.05108923,-0.2631136,-0.007018184,-0.007018184,0.001722241
5056,3.888828,0.002911321,0.05108923,-0.2631136,0,0,0
5057,3.88953,0.002911321,0.05108923,-0.2631136,0,0,0
5058,3.890171,0.002911321,0.05108923,-0.2631136,0,0,0
5059,3.890833,0.002911321,0.05108923,-0.2631136,0,0,0
5060,3.891511,0.002912701,0.05101338,-0.2630949,0,0,0
5061,3.892258,0.002912701,0.05101338,-0.2630949,-0.006818138,-0.006818138,0.001676565
5062,3.892872,0.002912701,0.05101338,-0.2630949,-0.006818138,-0.006818138,0.001676565
5063,3.893585,0.002912701,0.05101338,-0.2630949,-0.006818138,-0.006818138,0.001676565
5064,3.894222,0.002912701,0.05101338,-0.2630949,-0.006818138,-0.006818138,0.001676565
5065,3.894977,0.002912701,0.05101338,-0.2630949,-0.006818138,-0.006818138,0.001676565
5066,3.89574,0.002912701,0.05101338,-0.2630949,-0.006818138,-0.006818138,0.001676565
5067,3.896395,0.002912701,0.05101338,-0.2630949,-0.006818138,-0.006818138,0.001676565
5068,3.897018,0.002912701,0.05101338,-0.2630949,-0.006818138,-0.006818138,0.001676565
5069,3.897675,0.002912701,0.05101338,-0.2630949,-0.006818138,-0.006818138,0.001676565
5070,3.898314,0.002912701,0.05101338,-0.2630949,-0.006818138,-0.006818138,0.001676565
5071,3.898962,0.002912701,0.05101338,-0.2630949,-0.006818138,-0.006818138,0.001676565
5072,3.899642,0.002912701,0.05101338,-0.2630949,-0.006818138,-0.006818138,0.001676565
5073,3.900293,0.002912701,0.05101338,-0.2630949,0,0,0
5074,3.901103,0.002912701,0.05101338,-0.2630949,0,0,0
5075,3.90179,0.002912701,0.05101338,-0.2630949,0,0,0
5076,3.904501,0.002914078,0.0509375,-0.2630763,-0.006857467,-0.006857467,0.001689671
5077,3.905277,0.002914078,0.0509375,-0.2630763,-0.006857467,-0.006857467,0.001689671
5078,3.905904,0.002914078,0.0509375,-0.2630763,-0.006857467,-0.006857467,0.001689671
5079,3.906515,0.002914078,0.0509375,-0.2630763,-0.006857467,-0.006857467,0.001689671
5080,3.90714,0.002914078,0.0509375,-0.2630763,-0.006857467,-0.006857467,0.001689671
5081,3.907757,0.002914078,0.0509375,-0.2630763,-0.006857467,-0.006857467,0.001689671
5082,3.908428,0.002914078,0.0509375,-0.2630763,-0.006857467,-0.006857467,0.001689671
5083,3.909292,0.002914078,0.0509375,-0.2630763,-0.006857467,-0.006857467,0.001689671
5084,3.910199,0.002914078,0.0509375,-0.2630763,-0.006857467,-0.006857467,0.001689671
5085,3.910914,0.002914078,0.0509375,-0.2630763,-0.006857467,-0.006857467,0.001689671
5086,3.911556,0.002914078,0.0509375,-0.2630763,0,0,0
5087,3.912177,0.002914078,0.0509375,-0.2630763,0,0,0
5088,3.912843,0.002914078,0.0509375,-0.2630763,0,0,0
5089,3.913541,0.002914078,0.0509375,-0.2630763,0,0,0
5090,3.914219,0.002914078,0.0509375,-0.2630763,0,0,0
5091,3.914895,0.002914078,0.0509375,-0.2630763,0,0,0
5092,3.915526,0.002914078,0.0509375,-0.2630763,0,0,0
5093,3.916196,0.002914078,0.0509375,-0.2630763,0,0,0
5094,3.916945,0.002914078,0.0509375,-0.2630763,0,0,0
5095,3.917663,0.002914078,0.0509375,-0.2630763,0,0,0
5096,3.918363,0.002914078,0.0509375,-0.2630763,0,0,0
5097,3.919082,0.002914078,0.0509375,-0.2630763,0,0,0
5098,3.919732,0.002914078,0.0509375,-0.2630763,0,0,0
5099,3.920349,0.002914078,0.0509375,-0.2630763,0,0,0
5100,3.921179,0.002914078,0.0509375,-0.2630763,0,0,0
5101,3.921823,0.002914078,0.0509375,-0.2630763,0,0,0
5102,3.922488,0.002914078,0.0509375,-0.2630763,0,0,0
5103,3.923117,0.002914078,0.0509375,-0.2630763,0,0,0
5104,3.923748,0.002914078,0.0509375,-0.2630763,0,0,0
5105,3.924422,0.002914078,0.0509375,-0.2630763,0,0,0
5106,3.925131,0.002914078,0.0509375,-0.2630763,0,0,0
5107,3.925993,0.002914078,0.0509375,-0.2630763,0,0,0
5108,3.926795,0.002914078,0.0509375,-0.2630763,0,0,0
5109,3.927511,0.002914078,0.0509375,-0.2630763,0,0,0
5110,3.928176,0.002914078,0.0509375,-0.2630763,0,0,0
5111,3.928809,0.002914078,0.0509375,-0.2630763,0,0,0
5112,3.929507,0.002914078,0.0509375,-0.2630763,0,0,0
5113,3.930191,0.002914078,0.0509375,-0.2630763,0,0,0
5114,3.930838,0.002914078,0.0509375,-0.2630763,0,0,0
5115,3.931479,0.002914078,0.0509375,-0.2630763,0,0,0
5116,3.93212,0.002914078,0.0509375,-0.2630763,0,0,0
5117,3.932733,0.002914078,0.0509375,-0.2630763,0,0,0
5118,3.933352,0.002915462,0.05086169,-0.2630576,-0.003635822,-0.003635822,0.0008976836
5119,3.934126,0.002915462,0.05086169,-0.2630576,-0.003635822,-0.003635822,0.0008976836
5120,3.934753,0.002915462,0.05086169,-0.2630576,-0.002504768,-0.002504768,0.0006184268
5121,3.935421,0.002915462,0.05086169,-0.2630576,-0.002504768,-0.002504768,0.0006184268
5122,3.936101,0.002915462,0.05086169,-0.2630576,-0.002504768,-0.002504768,0.0006184268
5123,3.936768,0.002915462,0.05086169,-0.2630576,-0.002504768,-0.002504768,0.0006184268
5124,3.937407,0.002915462,0.05086169,-0.2630576,-0.002504768,-0.002504768,0.0006184268
5125,3.938052,0.002915462,0.05086169,-0.2630576,-0.002504768,-0.002504768,0.0006184268
5126,3.938661,0.002915462,0.05086169,-0.2630576,-0.002504768,-0.002504768,0.0006184268
5127,3.939328,0.002915462,0.05086169,-0.2630576,-0.002504768,-0.002504768,0.0006184268
5128,3.940052,0.002915462,0.05086169,-0.2630576,-0.002504768,-0.002504768,0.0006184268
5129,3.940893,0.002915462,0.05086169,-0.2630576,-0.002504768,-0.002504768,0.0006184268
5130,3.941655,0.002915462,0.05086169,-0.2630576,0,0,0
5131,3.942542,0.002915462,0.05086169,-0.2630576,0,0,0
5132,3.943201,0.002915462,0.05086169,-0.2630576,0,0,0
5133,3.943866,0.002915462,0.05086169,-0.2630576,0,0,0
5134,3.944533,0.002915462,0.05086169,-0.2630576,0,0,0
5135,3.945232,0.002915462,0.05086169,-0.2630576,0,0,0
5136,3.945955,0.002915462,0.05086169,-0.2630576,0,0,0
5137,3.946724,0.002915462,0.05086169,-0.2630576,0,0,0
5138,3.947399,0.002915462,0.05086169,-0.2630576,0,0,0
5139,3.948055,0.002915462,0.05086169,-0.2630576,0,0,0
5140,3.948677,0.002915462,0.05086169,-0.2630576,0,0,0
5141,3.949308,0.002915462,0.05086169,-0.2630576,0,0,0
5142,3.949939,0.002915462,0.05086169,-0.2630576,0,0,0
5143,3.95055,0.002915462,0.05086169,-0.2630576,0,0,0
5144,3.95115,0.002915462,0.05086169,-0.2630576,0,0,0
5145,3.951805,0.002915462,0.05086169,-0.2630576,0,0,0
5146,3.95245,0.002915462,0.05086169,-0.2630576,0,0,0
5147,3.953103,0.002915462,0.05086169,-0.2630576,0,0,0
5148,3.953774,0.002915462,0.05086169,-0.2630576,0,0,0
5149,3.95451,0.002915462,0.05086169,-0.2630576,0,0,0
5150,3.955151,0.002915462,0.05086169,-0.2630576,0,0,0
5151,3.95587,0.002915462,0.05086169,-0.2630576,0,0,0
5152,3.956662,0.002915462,0.05086169,-0.2630576,0,0,0
5153,3.957292,0.002915462,0.05086169,-0.2630576,0,0,0
5154,3.957929,0.002915462,0.05086169,-0.2630576,0,0,0
5155,3.958632,0.002915462,0.05086169,-0.2630576,0,0,0
5156,3.959254,0.002915462,0.05086169,-0.2630576,0,0,0
5157,3.959909,0.002915462,0.05086169,-0.2630576,0,0,0
5158,3.960537,0.002915462,0.05086169,-0.2630576,0,0,0
5159,3.961282,0.002915462,0.05086169,-0.2630576,0,0,0
5160,3.961901,0.002915462,0.05086169,-0.2630576,0,0,0
5161,3.962575,0.002915462,0.05086169,-0.2630576,0,0,0
5162,3.963309,0.002915462,0.05086169,-0.2630576,0,0,0
5163,3.964049,0.002915462,0.05086169,-0.2630576,0,0,0
5164,3.964737,0.002915462,0.05086169,-0.2630576,0,0,0
5165,3.965357,0.002915462,0.05086169,-0.2630576,0,0,0
5166,3.965962,0.002915462,0.05086169,-0.2630576,0,0,0
5167,3.966593,0.002915462,0.05086169,-0.2630576,0,0,0
5168,3.967252,0.002915462,0.05086169,-0.2630576,0,0,0
5169,3.967883,0.002915462,0.05086169,-0.2630576,0,0,0
5170,3.968518,0.002915462,0.05086169,-0.2630576,0,0,0
5171,3.969135,0.002915462,0.05086169,-0.2630576,0,0,0
5172,3.969784,0.002915462,0.05086169,-0.2630576,0,0,0
5173,3.97042,0.002915462,0.05086169,-0.2630576,0,0,0
5174,3.971049,0.002915462,0.05086169,-0.2630576,0,0,0
5175,3.971764,0.002915462,0.05086169,-0.2630576,0,0,0
5176,3.972407,0.002915462,0.05086169,-0.2630576,0,0,0
5177,3.973048,0.002915462,0.05086169,-0.2630576,0,0,0
5178,3.973683,0.002915462,0.05086169,-0.2630576,0,0,0
5179,3.974308,0.002915462,0.05086169,-0.2630576,0,0,0
5180,3.97495,0.002915462,0.05086169,-0.2630576,0,0,0
5181,3.975836,0.002915462,0.05086169,-0.2630576,0,0,0
5182,3.976482,0.002915462,0.05086169,-0.2630576,0,0,0
5183,3.977118,0.002915462,0.05086169,-0.2630576,0,0,0
5184,3.977761,0.002915462,0.05086169,-0.2630576,0,0,0
5185,3.978387,0.002915462,0.05086169,-0.2630576,0,0,0
5186,3.979046,0.002915462,0.05086169,-0.2630576,0,0,0
5187,3.979794,0.002915462,0.05086169,-0.2630576,0,0,0
5188,3.980469,0.002915462,0.05086169,-0.2630576,0,0,0
5189,3.981359,0.002915462,0.05086169,-0.2630576,0,0,0
5190,3.982091,0.002915462,0.05086169,-0.2630576,0,0,0
5191,3.982732,0.002915462,0.05086169,-0.2630576,0,0,0
5192,3.98336,0.002915462,0.05086169,-0.2630576,0,0,0
5193,3.984054,0.002915462,0.05086169,-0.2630576,0,0,0
5194,3.984785,0.002915462,0.05086169,-0.2630576,0,0,0
5195,3.987496,0.002915462,0.05086169,-0.2630576,0,0,0
5196,3.988194,0.002915462,0.05086169,-0.2630576,0,0,0
5197,3.988854,0.002915462,0.05086169,-0.2630576,0,0,0
5198,3.989525,0.002915462,0.05086169,-0.2630576,0,0,0
5199,3.990167,0.002915462,0.05086169,-0.2630576,0,0,0
5200,3.990832,0.002915462,0.05086169,-0.2630576,0,0,0
5201,3.991451,0.002915462,0.05086169,-0.2630576,0,0,0
5202,3.992095,0.002915462,0.05086169,-0.2630576,0,0,0
5203,3.99292,0.002915462,0.05086169,-0.2630576,0,0,0
5204,3.993741,0.002915462,0.05086169,-0.2630576,0,0,0
5205,3.994461,0.002915462,0.05086169,-0.2630576,0,0,0
5206,3.995142,0.002915462,0.05086169,-0.2630576,0,0,0
5207,3.995942,0.002915462,0.05086169,-0.2630576,0,0,0
5208,3.99663,0.002915462,0.05086169,-0.2630576,0,0,0
5209,3.997285,0.002915462,0.05086169,-0.2630576,0,0,0
5210,3.998153,0.002915462,0.05086169,-0.2630576,0,0,0
5211,3.998925,0.002915462,0.05086169,-0.2630576,0,0,0
5212,3.999606,0.002915462,0.05086169,-0.2630576,0,0,0
5213,4.000249,0.002915462,0.05086169,-0.2630576,0,0,0
5214,4.001079,0.002915462,0.05086169,-0.2630576,0,0,0
5215,4.001818,0.002915462,0.05086169,-0.2630576,0,0,0
5216,4.002506,0.002830419,0.05086169,-0.2630585,0,0,0
5217,4.003322,0.002830419,0.05086169,-0.2630585,0,0,0
5218,4.00399,0.002830419,0.05086169,-0.2630585,0,0,0
5219,4.004641,0.002830419,0.05086169,-0.2630585,0,0,0
5220,4.005274,0.002830419,0.05086169,-0.2630585,0,0,0
5221,4.005908,0.002830419,0.05086169,-0.2630585,0,0,0
5222,4.006527,0.002830419,0.05086169,-0.2630585,0,0,0
5223,4.007139,0.002830419,0.05086169,-0.2630585,0,0,0
5224,4.007776,0.002830419,0.05086169,-0.2630585,0,0,0
5225,4.008442,0.002830419,0.05086169,-0.2630585,0,0,0
5226,4.009074,0.002830419,0.05086169,-0.2630585,0,0,0
5227,4.009698,0.002830419,0.05086169,-0.2630585,0,0,0
5228,4.010371,0.002830419,0.05086169,-0.2630585,0,0,0
5229,4.011033,0.002830419,0.05086169,-0.2630585,0,0,0
5230,4.011702,0.002830419,0.05086169,-0.2630585,0,0,0
5231,4.01233,0.002830419,0.05086169,-0.2630585,0,0,0
5232,4.012933,0.002830419,0.05086169,-0.2630585,0,0,0
5233,4.013608,0.002830419,0.05086169,-0.2630585,0,0,0
5234,4.014245,0.002830419,0.05086169,-0.2630585,0,0,0
5235,4.014871,0.002830419,0.05086169,-0.2630585,0,0,0
5236,4.015489,0.002830419,0.05086169,-0.2630585,0,0,0
5237,4.016081,0.002830419,0.05086169,-0.2630585,0,0,0
5238,4.016823,0.002830419,0.05086169,-0.2630585,0,0,0
5239,4.017575,0.002830419,0.05086169,-0.2630585,0,0,0
5240,4.018342,0.002830419,0.05086169,-0.2630585,0,0,0
5241,4.019052,0.002830419,0.05086169,-0.2630585,0,0,0
5242,4.019746,0.002830419,0.05086169,-0.2630585,0,0,0
5243,4.020384,0.002830419,0.05086169,-0.2630585,0,0,0
5244,4.021205,0.002830419,0.05086169,-0.2630585,0,0,0
5245,4.021837,0.002830419,0.05086169,-0.2630585,0,0,0
5246,4.022514,0.002830419,0.05086169,-0.2630585,0,0,0
5247,4.023233,0.002830419,0.05086169,-0.2630585,0,0,0
5248,4.023938,0.002830419,0.05086169,-0.2630585,0,0,0
5249,4.024662,0.002830419,0.05086169,-0.2630585,0,0,0
5250,4.025368,0.002830419,0.05086169,-0.2630585,0,0,0
5251,4.02604,0.002830419,0.05086169,-0.2630585,0,0,0
5252,4.026734,0.002830419,0.05086169,-0.2630585,0,0,0
5253,4.027468,0.002830419,0.05086169,-0.2630585,0,0,0
5254,4.030974,0.002830419,0.05086169,-0.2630585,0,0,0
5255,4.031783,0.002830419,0.05086169,-0.2630585,0,0,0
5256,4.032557,0.002830419,0.05086169,-0.2630585,0,0,0
5257,4.0332,0.002830419,0.05086169,-0.2630585,0,0,0
5258,4.033867,0.002830419,0.05086169,-0.2630585,0,0,0
5259,4.034613,0.002830419,0.05086169,-0.2630585,0,0,0
5260,4.035357,0.002830419,0.05086169,-0.2630585,0,0,0
5261,4.036005,0.002830419,0.05086169,-0.2630585,0,0,0
5262,4.036634,0.002830419,0.05086169,-0.2630585,0,0,0
5263,4.037252,0.002830419,0.05086169,-0.2630585,0,0,0
5264,4.037953,0.002830419,0.05086169,-0.2630585,0,0,0
5265,4.038686,0.002830419,0.05086169,-0.2630585,0,0,0
5266,4.039438,0.002830419,0.05086169,-0.2630585,0,0,0
5267,4.040092,0.002830419,0.05086169,-0.2630585,0,0,0
5268,4.04084,0.002830419,0.05086169,-0.2630585,0,0,0
5269,4.041502,0.002830419,0.05086169,-0.2630585,0,0,0
5270,4.042194,0.002830419,0.05086169,-0.2630585,0,0,0
5271,4.042867,0.002830419,0.05086169,-0.2630585,0,0,0
5272,4.043506,0.002830419,0.05086169,-0.2630585,0,0,0
5273,4.044132,0.002830419,0.05086169,-0.2630585,0,0,0
5274,4.044754,0.002830419,0.05086169,-0.2630585,0,0,0
5275,4.045399,0.002830419,0.05086169,-0.2630585,0,0,0
5276,4.046048,0.002830419,0.05086169,-0.2630585,0,0,0
5277,4.046685,0.002830419,0.05086169,-0.2630585,0,0,0
5278,4.047314,0.002830419,0.05086169,-0.2630585,0,0,0
5279,4.047959,0.002830419,0.05086169,-0.2630585,0,0,0
5280,4.048579,0.002830419,0.05086169,-0.2630585,0,0,0
5281,4.049212,0.002830419,0.05086169,-0.2630585,0,0,0
5282,4.049844,0.002830419,0.05086169,-0.2630585,0,0,0
5283,4.050457,0.002830419,0.05086169,-0.2630585,0,0,0
5284,4.051105,0.002830419,0.05086169,-0.2630585,0,0,0
5285,4.051768,0.002830419,0.05086169,-0.2630585,0,0,0
5286,4.0524,0.002830419,0.05086169,-0.2630585,0,0,0
5287,4.053069,0.002830419,0.05086169,-0.2630585,0,0,0
5288,4.05376,0.002830419,0.05086169,-0.2630585,0,0,0
5289,4.054373,0.002830419,0.05086169,-0.2630585,0,0,0
5290,4.055303,0.002830419,0.05086169,-0.2630585,0,0,0
5291,4.055951,0.002830419,0.05086169,-0.2630585,0,0,0
5292,4.056576,0.002830419,0.05086169,-0.2630585,0,0,0
5293,4.057176,0.002830419,0.05086169,-0.2630585,0,0,0
5294,4.057793,0.002830419,0.05086169,-0.2630585,0,0,0
5295,4.058438,0.002830419,0.05086169,-0.2630585,0,0,0
5296,4.059078,0.002830419,0.05086169,-0.2630585,0,0,0
5297,4.059775,0.002830419,0.05086169,-0.2630585,0,0,0
5298,4.060411,0.002830419,0.05086169,-0.2630585,0,0,0
5299,4.061172,0.002830419,0.05086169,-0.2630585,0,0,0
5300,4.061872,0.002830419,0.05086169,-0.2630585,0,0,0
5301,4.062523,0.002830419,0.05086169,-0.2630585,0,0,0
5302,4.063197,0.002830419,0.05086169,-0.2630585,0,0,0
5303,4.06387,0.002830419,0.05086169,-0.2630585,0,0,0
5304,4.064529,0.002830419,0.05086169,-0.2630585,0,0,0
5305,4.065143,0.002830419,0.05086169,-0.2630585,0,0,0
5306,4.06576,0.002830419,0.05086169,-0.2630585,0,0,0
5307,4.066417,0.002830419,0.05086169,-0.2630585,0,0,0
5308,4.067084,0.002830419,0.05086169,-0.2630585,0,0,0
5309,4.067733,0.002830419,0.05086169,-0.2630585,0,0,0
5310,4.070406,0.002830419,0.05086169,-0.2630585,0,0,0
5311,4.071148,0.002830419,0.05086169,-0.2630585,0,0,0
5312,4.071887,0.002830419,0.05086169,-0.2630585,0,0,0
5313,4.072531,0.002830419,0.05086169,-0.2630585,0,0,0
5314,4.073209,0.002830419,0.05086169,-0.2630585,0,0,0
5315,4.073822,0.002830419,0.05086169,-0.2630585,0,0,0
5316,4.074457,0.002830419,0.05086169,-0.2630585,0,0,0
5317,4.075068,0.002830419,0.05086169,-0.2630585,0,0,0
5318,4.075696,0.002830419,0.05086169,-0.2630585,0,0,0
5319,4.076367,0.002830419,0.05086169,-0.2630585,0,0,0
5320,4.077248,0.002830419,0.05086169,-0.2630585,0,0,0
5321,4.077914,0.002830419,0.05086169,-0.2630585,0,0,0
5322,4.078559,0.002830419,0.05086169,-0.2630585,0,0,0
5323,4.079254,0.002830419,0.05086169,-0.2630585,0,0,0
5324,4.079877,0.002830419,0.05086169,-0.2630585,0,0,0
5325,4.080487,0.002830419,0.05086169,-0.2630585,0,0,0
5326,4.081232,0.002830419,0.05086169,-0.2630585,0,0,0
5327,4.081847,0.002830419,0.05086169,-0.2630585,0,0,0
5328,4.082458,0.002830419,0.05086169,-0.2630585,0,0,0
5329,4.0831,0.002830419,0.05086169,-0.2630585,0,0,0
5330,4.083742,0.002830419,0.05086169,-0.2630585,0,0,0
5331,4.084422,0.002830419,0.05086169,-0.2630585,0,0,0
5332,4.085166,0.002830419,0.05086169,-0.2630585,0,0,0
5333,4.085937,0.002830419,0.05086169,-0.2630585,0,0,0
5334,4.086625,0.002830419,0.05086169,-0.2630585,0,0,0
5335,4.087289,0.002830419,0.05086169,-0.2630585,0,0,0
5336,4.087935,0.002830419,0.05086169,-0.2630585,0,0,0
5337,4.088603,0.002830419,0.05086169,-0.2630585,0,0,0
5338,4.089229,0.002830419,0.05086169,-0.2630585,0,0,0
5339,4.08986,0.002830419,0.05086169,-0.2630585,0,0,0
5340,4.090483,0.002830419,0.05086169,-0.2630585,0,0,0
5341,4.091087,0.002830419,0.05086169,-0.2630585,0,0,0
5342,4.091718,0.002830419,0.05086169,-0.2630585,0,0,0
5343,4.092512,0.002830419,0.05086169,-0.2630585,0,0,0
5344,4.093165,0.002830419,0.05086169,-0.2630585,0,0,0
5345,4.09385,0.002830419,0.05086169,-0.2630585,0,0,0
5346,4.094491,0.002830419,0.05086169,-0.2630585,0,0,0
5347,4.095119,0.002830419,0.05086169,-0.2630585,0,0,0
5348,4.095762,0.002830419,0.05086169,-0.2630585,0,0,0
5349,4.096405,0.002830419,0.05086169,-0.2630585,0,0,0
5350,4.097124,0.002830419,0.05086169,-0.2630585,0,0,0
5351,4.097863,0.002830419,0.05086169,-0.2630585,0,0,0
5352,4.098565,0.002830419,0.05086169,-0.2630585,0,0,0
5353,4.09928,0.002830419,0.05086169,-0.2630585,0,0,0
5354,4.09998,0.002830419,0.05086169,-0.2630585,0,0,0
5355,4.100633,0.002830419,0.05086169,-0.2630585,0,0,0
5356,4.101375,0.002830419,0.05086169,-0.2630585,0,0,0
5357,4.102058,0.002830419,0.05086169,-0.2630585,0,0,0
5358,4.102699,0.002830419,0.05086169,-0.2630585,0,0,0
5359,4.103312,0.002830419,0.05086169,-0.2630585,0,0,0
5360,4.103916,0.002830419,0.05086169,-0.2630585,0,0,0
5361,4.104578,0.002830419,0.05086169,-0.2630585,0,0,0
5362,4.105192,0.002830419,0.05086169,-0.2630585,0,0,0
5363,4.105867,0.002830419,0.05086169,-0.2630585,0,0,0
5364,4.106604,0.002830419,0.05086169,-0.2630585,0,0,0
5365,4.107398,0.002830419,0.05086169,-0.2630585,0,0,0
5366,4.108052,0.002830419,0.05086169,-0.2630585,0,0,0
5367,4.108724,0.002830419,0.05086169,-0.2630585,0,0,0
5368,4.109413,0.002830419,0.05086169,-0.2630585,0,0,0
5369,4.110054,0.002830419,0.05086169,-0.2630585,0,0,0
5370,4.110717,0.002830419,0.05086169,-0.2630585,0,0,0
5371,4.111349,0.002830419,0.05086169,-0.2630585,0,0,0
5372,4.111976,0.002830419,0.05086169,-0.2630585,0,0,0
5373,4.112597,0.002830419,0.05086169,-0.2630585,0,0,0
5374,4.113237,0.002830419,0.05086169,-0.2630585,0,0,0
5375,4.113843,0.002830419,0.05086169,-0.2630585,0,0,0
5376,4.114472,0.002830419,0.05086169,-0.2630585,0,0,0
5377,4.115082,0.002830419,0.05086169,-0.2630585,0,0,0
5378,4.1157,0.002830419,0.05086169,-0.2630585,0,0,0
5379,4.116369,0.002830419,0.05086169,-0.2630585,0,0,0
5380,4.117095,0.002830419,0.05086169,-0.2630585,0,0,0
5381,4.117785,0.002830419,0.05086169,-0.2630585,0,0,0
5382,4.118437,0.002830419,0.05086169,-0.2630585,0,0,0
5383,4.119052,0.002830419,0.05086169,-0.2630585,0,0,0
5384,4.119666,0.002830419,0.05086169,-0.2630585,0,0,0
5385,4.120299,0.002830419,0.05086169,-0.2630585,0,0,0
5386,4.121099,0.002830419,0.05086169,-0.2630585,0,0,0
5387,4.121768,0.002830419,0.05086169,-0.2630585,0,0,0
5388,4.122419,0.002830419,0.05086169,-0.2630585,0,0,0
5389,4.123055,0.002830419,0.05086169,-0.2630585,0,0,0
5390,4.123734,0.002830419,0.05086169,-0.2630585,0,0,0
5391,4.124403,0.002830419,0.05086169,-0.2630585,0,0,0
5392,4.125046,0.002830419,0.05086169,-0.2630585,0,0,0
5393,4.125741,0.002830419,0.05086169,-0.2630585,0,0,0
5394,4.126368,0.002830419,0.05086169,-0.2630585,0,0,0
5395,4.127044,0.002830419,0.05086169,-0.2630585,0,0,0
5396,4.127772,0.002830419,0.05086169,-0.2630585,0,0,0
5397,4.128502,0.002830419,0.05086169,-0.2630585,0,0,0
5398,4.129154,0.002830419,0.05086169,-0.2630585,0,0,0
5399,4.129784,0.002830419,0.05086169,-0.2630585,0,0,0
5400,4.130415,0.002830419,0.05086169,-0.2630585,0,0,0
5401,4.131044,0.002830419,0.05086169,-0.2630585,0,0,0
5402,4.131679,0.002830419,0.05086169,-0.2630585,0,0,0
5403,4.132286,0.002830419,0.05086169,-0.2630585,0,0,0
5404,4.132904,0.002830419,0.05086169,-0.2630585,0,0,0
5405,4.133543,0.002830419,0.05086169,-0.2630585,0,0,0
5406,4.134203,0.002830419,0.05086169,-0.2630585,0,0,0
5407,4.134827,0.002830419,0.05086169,-0.2630585,0,0,0
5408,4.135461,0.002830419,0.05086169,-0.2630585,0,0,0
5409,4.136125,0.002830419,0.05086169,-0.2630585,0,0,0
5410,4.136851,0.002830419,0.05086169,-0.2630585,0,0,0
5411,4.13768,0.002830419,0.05086169,-0.2630585,0,0,0
5412,4.138379,0.002830419,0.05086169,-0.2630585,0,0,0
5413,4.139042,0.002830419,0.05086169,-0.2630585,0,0,0
5414,4.139689,0.002830419,0.05086169,-0.2630585,0,0,0
5415,4.140326,0.002830419,0.05086169,-0.2630585,0,0,0
5416,4.141097,0.002830419,0.05086169,-0.2630585,0,0,0
5417,4.141826,0.002830419,0.05086169,-0.2630585,0,0,0
5418,4.142495,0.002830419,0.05086169,-0.2630585,0,0,0
5419,4.143135,0.002830419,0.05086169,-0.2630585,0,0,0
5420,4.143785,0.002830419,0.05086169,-0.2630585,0,0,0
5421,4.144442,0.002830419,0.05086169,-0.2630585,0,0,0
5422,4.145072,0.002830419,0.05086169,-0.2630585,0,0,0
5423,4.14569,0.002830419,0.05086169,-0.2630585,0,0,0
5424,4.146307,0.002830419,0.05086169,-0.2630585,0,0,0
5425,4.14695,0.002830419,0.05086169,-0.2630585,0,0,0
5426,4.14758,0.002830419,0.05086169,-0.2630585,0,0,0
5427,4.148202,0.002830419,0.05086169,-0.2630585,0,0,0
5428,4.148836,0.002830419,0.05086169,-0.2630585,0,0,0
5429,4.149461,0.002830419,0.05086169,-0.2630585,0,0,0
5430,4.15011,0.002830419,0.05086169,-0.2630585,0,0,0
5431,4.150745,0.002830419,0.05086169,-0.2630585,0,0,0
5432,4.151366,0.002830419,0.05086169,-0.2630585,0,0,0
5433,4.157101,0.002830419,0.05086169,-0.2630585,0,0,0
5434,4.157865,0.002830419,0.05086169,-0.2630585,0,0,0
5435,4.158525,0.002830419,0.05086169,-0.2630585,0,0,0
5436,4.15921,0.002830419,0.05086169,-0.2630585,0,0,0
5437,4.159917,0.002830419,0.05086169,-0.2630585,0,0,0
5438,4.160595,0.002830419,0.05086169,-0.2630585,0,0,0
5439,4.161334,0.002830419,0.05086169,-0.2630585,0,0,0
5440,4.161951,0.002830419,0.05086169,-0.2630585,0,0,0
5441,4.16258,0.002830419,0.05086169,-0.2630585,0,0,0
5442,4.163202,0.002830419,0.05086169,-0.2630585,0,0,0
5443,4.163828,0.002830419,0.05086169,-0.2630585,0,0,0
5444,4.164438,0.002830419,0.05086169,-0.2630585,0,0,0
5445,4.165059,0.002830419,0.05086169,-0.2630585,0,0,0
5446,4.165689,0.002830419,0.05086169,-0.2630585,0,0,0
5447,4.166286,0.002834199,0.05080254,-0.2630076,0,0,0
5448,4.167058,0.002834199,0.05080254,-0.2630076,0,0,0
5449,4.167727,0.002834199,0.05080254,-0.2630076,-0.0001458358,-0.0001458358,0.0001256405
5450,4.168352,0.002834199,0.05080254,-0.2630076,-0.0001458358,-0.0001458358,0.0001256405
5451,4.169024,0.002834199,0.05080254,-0.2630076,-0.0001458358,-0.0001458358,0.0001256405
5452,4.169665,0.002834199,0.05080254,-0.2630076,-0.0001458358,-0.0001458358,0.0001256405
5453,4.170289,0.002834199,0.05080254,-0.2630076,-0.0001458358,-0.0001458358,0.0001256405
5454,4.170938,0.002834199,0.05080254,-0.2630076,-0.0001458358,-0.0001458358,0.0001256405
5455,4.171601,0.002834199,0.05080254,-0.2630076,-0.0001458358,-0.0001458358,0.0001256405
5456,4.172225,0.002834199,0.05080254,-0.2630076,-0.0001458358,-0.0001458358,0.0001256405
5457,4.172861,0.002834199,0.05080254,-0.2630076,-0.0001458358,-0.0001458358,0.0001256405
5458,4.173542,0.002834199,0.05080254,-0.2630076,-0.0001458358,-0.0001458358,0.0001256405
5459,4.174184,0.002834199,0.05080254,-0.2630076,-0.0001458358,-0.0001458358,0.0001256405
5460,4.174863,0.002834199,0.05080254,-0.2630076,-0.0001458358,-0.0001458358,0.0001256405
5461,4.175527,0.002834199,0.05080254,-0.2630076,0,0,0
5462,4.17619,0.002834199,0.05080254,-0.2630076,0,0,0
5463,4.176811,0.002834199,0.05080254,-0.2630076,0,0,0
5464,4.177502,0.002834199,0.05080254,-0.2630076,0,0,0
5465,4.180933,0.002834199,0.05080254,-0.2630076,0,0,0
5466,4.181804,0.002834199,0.05080254,-0.2630076,0,0,0
5467,4.182494,0.002834199,0.05080254,-0.2630076,0,0,0
5468,4.183175,0.002834199,0.05080254,-0.2630076,0,0,0
5469,4.183835,0.002834199,0.05080254,-0.2630076,0,0,0
5470,4.18446,0.002834199,0.05080254,-0.2630076,0,0,0
5471,4.185093,0.002834199,0.05080254,-0.2630076,0,0,0
5472,4.185696,0.002834199,0.05080254,-0.2630076,0,0,0
5473,4.186312,0.002834199,0.05080254,-0.2630076,0,0,0
5474,4.186976,0.002834199,0.05080254,-0.2630076,0,0,0
5475,4.187631,0.002834199,0.05080254,-0.2630076,0,0,0
5476,4.188316,0.002834199,0.05080254,-0.2630076,0,0,0
5477,4.18896,0.002834199,0.05080254,-0.2630076,0,0,0
5478,4.189579,0.002834199,0.05080254,-0.2630076,0,0,0
5479,4.190221,0.002834199,0.05080254,-0.2630076,0,0,0
5480,4.190845,0.002834199,0.05080254,-0.2630076,0,0,0
5481,4.191501,0.002834199,0.05080254,-0.2630076,0,0,0
5482,4.192187,0.002834199,0.05080254,-0.2630076,0,0,0
5483,4.192942,0.002834199,0.05080254,-0.2630076,0,0,0
5484,4.193629,0.002834199,0.05080254,-0.2630076,0,0,0
5485,4.194309,0.002834199,0.05080254,-0.2630076,0,0,0
5486,4.194957,0.002834199,0.05080254,-0.2630076,0,0,0
5487,4.19559,0.002834199,0.05080254,-0.2630076,0,0,0
5488,4.196277,0.002834199,0.05080254,-0.2630076,0,0,0
5489,4.196921,0.002834199,0.05080254,-0.2630076,0,0,0
5490,4.197652,0.002834199,0.05080254,-0.2630076,0,0,0
5491,4.198347,0.002834199,0.05080254,-0.2630076,0,0,0
5492,4.198956,0.002834199,0.05080254,-0.2630076,0,0,0
5493,4.199576,0.002834199,0.05080254,-0.2630076,0,0,0
5494,4.200314,0.002834199,0.05080254,-0.2630076,0,0,0
5495,4.201122,0.002834199,0.05080254,-0.2630076,0,0,0
5496,4.201805,0.002834199,0.05080254,-0.2630076,0,0,0
5497,4.202518,0.002834199,0.05080254,-0.2630076,0,0,0
5498,4.203267,0.002834199,0.05080254,-0.2630076,0,0,0
5499,4.203898,0.002834199,0.05080254,-0.2630076,0,0,0
5500,4.204517,0.002834199,0.05080254,-0.2630076,0,0,0
5501,4.205117,0.002834199,0.05080254,-0.2630076,0,0,0
5502,4.205744,0.002834199,0.05080254,-0.2630076,0,0,0
5503,4.206352,0.002834199,0.05080254,-0.2630076,0,0,0
5504,4.206986,0.002834199,0.05080254,-0.2630076,0,0,0
5505,4.207776,0.002834199,0.05080254,-0.2630076,0,0,0
5506,4.208506,0.002834199,0.05080254,-0.2630076,0,0,0
5507,4.209211,0.002834199,0.05080254,-0.2630076,0,0,0
5508,4.20993,0.002834199,0.05080254,-0.2630076,0,0,0
5509,4.210565,0.002834199,0.05080254,-0.2630076,0,0,0
5510,4.211189,0.002834199,0.05080254,-0.2630076,0,0,0
5511,4.211813,0.002834199,0.05080254,-0.2630076,0,0,0
5512,4.212462,0.002834199,0.05080254,-0.2630076,0,0,0
5513,4.213213,0.002834199,0.05080254,-0.2630076,0,0,0
5514,4.213872,0.002834199,0.05080254,-0.2630076,0,0,0
5515,4.214514,0.002834199,0.05080254,-0.2630076,0,0,0
5516,4.215171,0.002834199,0.05080254,-0.2630076,0,0,0
5517,4.215815,0.002834199,0.05080254,-0.2630076,0,0,0
5518,4.216479,0.002834199,0.05080254,-0.2630076,0,0,0
5519,4.217117,0.002834199,0.05080254,-0.2630076,0,0,0
5520,4.217745,0.002834199,0.05080254,-0.2630076,0,0,0
5521,4.218404,0.002834199,0.05080254,-0.2630076,0,0,0
5522,4.21915,0.002834199,0.05080254,-0.2630076,0,0,0
5523,4.219854,0.002834199,0.05080254,-0.2630076,0,0,0
5524,4.220506,0.002834199,0.05080254,-0.2630076,0,0,0
5525,4.221384,0.002834199,0.05080254,-0.2630076,0,0,0
5526,4.222055,0.002834199,0.05080254,-0.2630076,0,0,0
5527,4.2227,0.002834199,0.05080254,-0.2630076,0,0,0
5528,4.223324,0.002834199,0.05080254,-0.2630076,0,0,0
5529,4.223985,0.002834199,0.05080254,-0.2630076,0,0,0
5530,4.224627,0.002834199,0.05080254,-0.2630076,0,0,0
5531,4.225249,0.002834199,0.05080254,-0.2630076,0,0,0
5532,4.225907,0.002834199,0.05080254,-0.2630076,0,0,0
5533,4.226536,0.002834199,0.05080254,-0.2630076,0,0,0
5534,4.227251,0.002834199,0.05080254,-0.2630076,0,0,0
5535,4.22805,0.002834199,0.05080254,-0.2630076,0,0,0
5536,4.228759,0.002834199,0.05080254,-0.2630076,0,0,0
5537,4.229478,0.002834199,0.05080254,-0.2630076,0,0,0
5538,4.230153,0.002834199,0.05080254,-0.2630076,0,0,0
5539,4.230802,0.002834199,0.05080254,-0.2630076,0,0,0
5540,4.233506,0.002834199,0.05080254,-0.2630076,0,0,0
5541,4.23415,0.002834199,0.05080254,-0.2630076,0,0,0
5542,4.234789,0.002834199,0.05080254,-0.2630076,0,0,0
5543,4.23554,0.002834199,0.05080254,-0.2630076,0,0,0
5544,4.236178,0.002834199,0.05080254,-0.2630076,0,0,0
5545,4.236836,0.002834199,0.05080254,-0.2630076,0,0,0
5546,4.237578,0.002834199,0.05080254,-0.2630076,0,0,0
5547,4.238328,0.002834199,0.05080254,-0.2630076,0,0,0
5548,4.238991,0.002834199,0.05080254,-0.2630076,0,0,0
5549,4.239626,0.002834199,0.05080254,-0.2630076,0,0,0
5550,4.240251,0.002834199,0.05080254,-0.2630076,0,0,0
5551,4.241,0.002834199,0.05080254,-0.2630076,0,0,0
5552,4.241633,0.002834199,0.05080254,-0.2630076,0,0,0
5553,4.242305,0.002834199,0.05080254,-0.2630076,0,0,0
5554,4.243066,0.002834199,0.05080254,-0.2630076,0,0,0
5555,4.243811,0.002834199,0.05080254,-0.2630076,0,0,0
5556,4.24451,0.002834199,0.05080254,-0.2630076,0,0,0
5557,4.245195,0.002834199,0.05080254,-0.2630076,0,0,0
5558,4.245845,0.002834199,0.05080254,-0.2630076,0,0,0
5559,4.246477,0.002834199,0.05080254,-0.2630076,0,0,0
5560,4.247194,0.002834199,0.05080254,-0.2630076,0,0,0
5561,4.247972,0.002834199,0.05080254,-0.2630076,0,0,0
5562,4.248668,0.002834199,0.05080254,-0.2630076,0,0,0
5563,4.249321,0.002834199,0.05080254,-0.2630076,0,0,0
5564,4.249941,0.002834199,0.05080254,-0.2630076,0,0,0
5565,4.250568,0.002834199,0.05080254,-0.2630076,0,0,0
5566,4.251202,0.002834199,0.05080254,-0.2630076,0,0,0
5567,4.251833,0.002834199,0.05080254,-0.2630076,0,0,0
5568,4.252449,0.002834199,0.05080254,-0.2630076,0,0,0
5569,4.253083,0.002834199,0.05080254,-0.2630076,0,0,0
5570,4.253769,0.002834199,0.05080254,-0.2630076,0,0,0
5571,4.254462,0.002834199,0.05080254,-0.2630076,0,0,0
5572,4.25515,0.002834199,0.05080254,-0.2630076,0,0,0
5573,4.255912,0.002834199,0.05080254,-0.2630076,0,0,0
5574,4.256566,0.002833089,0.05086321,-0.2630225,0,0,0
5575,4.257334,0.002833089,0.05086321,-0.2630225,0,0,0
5576,4.258018,0.002833089,0.05086321,-0.2630225,0,0,0
5577,4.258683,0.002833089,0.05086321,-0.2630225,0,0,0
5578,4.259582,0.002833089,0.05086321,-0.2630225,0,0,0
5579,4.260248,0.002833089,0.05086321,-0.2630225,0,0,0
5580,4.261078,0.002833089,0.05086321,-0.2630225,0,0,0
5581,4.261725,0.002833089,0.05086321,-0.2630225,0,0,0
5582,4.262351,0.002833089,0.05086321,-0.2630225,0,0,0
5583,4.262969,0.002833089,0.05086321,-0.2630225,0,0,0
5584,4.263668,0.002833089,0.05086321,-0.2630225,0,0,0
5585,4.26433,0.002833089,0.05086321,-0.2630225,0,0,0
5586,4.264964,0.002833089,0.05086321,-0.2630225,0,0,0
5587,4.265586,0.002833089,0.05086321,-0.2630225,0,0,0
5588,4.266224,0.002833089,0.05086321,-0.2630225,0,0,0
5589,4.266907,0.002833089,0.05086321,-0.2630225,0,0,0
5590,4.267655,0.00283173,0.05093752,-0.2630408,0,0,0
5591,4.268515,0.00283173,0.05093752,-0.2630408,0.0002267437,0.0002267437,-5.578938E-05
5592,4.26925,0.00283173,0.05093752,-0.2630408,0.0002267437,0.0002267437,-5.578938E-05
5593,4.269929,0.00283173,0.05093752,-0.2630408,0.0002267437,0.0002267437,-5.578938E-05
5594,4.270559,0.00283173,0.05093752,-0.2630408,0.0002267437,0.0002267437,-5.578938E-05
5595,4.271169,0.00283173,0.05093752,-0.2630408,0.0002267437,0.0002267437,-5.578938E-05
5596,4.27184,0.00283173,0.05093752,-0.2630408,0.0002267437,0.0002267437,-5.578938E-05
5597,4.272521,0.00283173,0.05093752,-0.2630408,0.0002267437,0.0002267437,-5.578938E-05
5598,4.273184,0.00283173,0.05093752,-0.2630408,0.0002267437,0.0002267437,-5.578938E-05
5599,4.273907,0.002830347,0.05101326,-0.2630595,0.0002267678,0.0002267678,-5.568192E-05
5600,4.27487,0.002830347,0.05101326,-0.2630595,0.008973671,0.008973671,-0.002203448
5601,4.2757,0.002830347,0.05101326,-0.2630595,0.008973671,0.008973671,-0.002203448
5602,4.276353,0.002830347,0.05101326,-0.2630595,0.008973671,0.008973671,-0.002203448
5603,4.277055,0.002830347,0.05101326,-0.2630595,0.008973671,0.008973671,-0.002203448
5604,4.277724,0.002830347,0.05101326,-0.2630595,0.008973671,0.008973671,-0.002203448
5605,4.278383,0.002830347,0.05101326,-0.2630595,0.008973671,0.008973671,-0.002203448
5606,4.279011,0.002830347,0.05101326,-0.2630595,0.008973671,0.008973671,-0.002203448
5607,4.279666,0.002830347,0.05101326,-0.2630595,0.008973671,0.008973671,-0.002203448
5608,4.280407,0.002830347,0.05101326,-0.2630595,0.008973671,0.008973671,-0.002203448
5609,4.281249,0.002828965,0.05108912,-0.2630781,0.008974625,0.008974625,-0.002199188
5610,4.282054,0.002832749,0.05102998,-0.2630271,0.008912136,0.008912136,-0.001868076
5611,4.282805,0.002832749,0.05102998,-0.2630271,0.008912136,0.008912136,-0.001868076
5612,4.283451,0.002832749,0.05102998,-0.2630271,0.008912136,0.008912136,-0.001868076
5613,4.284066,0.002832749,0.05102998,-0.2630271,0.008912136,0.008912136,-0.001868076
5614,4.284668,0.002832749,0.05102998,-0.2630271,0.008912136,0.008912136,-0.001868076
5615,4.285327,0.002831368,0.05110586,-0.2630457,0.008913127,0.008913127,-0.001863629
5616,4.286083,0.002831368,0.05110586,-0.2630457,0.01020992,0.01020992,-0.00218081
5617,4.286699,0.002831368,0.05110586,-0.2630457,0.01020992,0.01020992,-0.00218081
5618,4.287299,0.002831368,0.05110586,-0.2630457,0.01020992,0.01020992,-0.00218081
5619,4.287961,0.002727228,0.05110586,-0.2630468,0.01020992,0.01020992,-0.002180746
5620,4.288921,0.002727228,0.05110586,-0.2630468,0.01020992,0.01020992,-0.002184603
5621,4.289739,0.002727228,0.05110586,-0.2630468,0.01072242,0.01072242,-0.002626361
5622,4.290407,0.002725846,0.05118176,-0.2630653,0.01072355,0.01072355,-0.002621268
5623,4.29114,0.002725846,0.05118176,-0.2630653,0.01138609,0.01138609,-0.002782982
5624,4.29176,0.002725846,0.05118176,-0.2630653,0.01138609,0.01138609,-0.002782982
5625,4.292387,0.002725846,0.05118176,-0.2630653,0.01138609,0.01138609,-0.002782982
5626,4.293012,0.002725846,0.05118176,-0.2630653,0.01138609,0.01138609,-0.002782982
5627,4.293665,0.002725846,0.05118176,-0.2630653,0.01138609,0.01138609,-0.002782982
5628,4.294285,0.002725846,0.05118176,-0.2630653,0.01138609,0.01138609,-0.002782982
5629,4.294919,0.002725846,0.05118176,-0.2630653,0.01138609,0.01138609,-0.002782982
5630,4.295574,0.002724464,0.05125761,-0.2630838,0.01197989,0.01197989,-0.002921922
5631,4.296305,0.002724464,0.05125761,-0.2630838,0.01197989,0.01197989,-0.002921922
5632,4.296935,0.002724464,0.05125761,-0.2630838,0.01197989,0.01197989,-0.002918069
5633,4.297554,0.002724464,0.05125761,-0.2630838,0.01197989,0.01197989,-0.002918069
5634,4.298208,0.002723084,0.05133353,-0.2631023,0.01198116,0.01198116,-0.002912382
5635,4.299012,0.002723084,0.05133353,-0.2631023,0.01286055,0.01286055,-0.003126144
5636,4.299672,0.002723084,0.05133353,-0.2631023,0.01501219,0.01501219,-0.003649165
5637,4.300304,0.002723084,0.05133353,-0.2631023,0.01501219,0.01501219,-0.003649165
5638,4.301072,0.002723084,0.05133353,-0.2631023,0.01501219,0.01501219,-0.003649165
5639,4.30182,0.002723084,0.05133353,-0.2631023,0.01501219,0.01501219,-0.003649165
5640,4.302557,0.002721709,0.05140945,-0.2631208,0.01552718,0.01552718,-0.003766581
5641,4.303302,0.002721709,0.05140945,-0.2631208,0.01552718,0.01552718,-0.003766581
5642,4.303971,0.002721709,0.05140945,-0.2631208,0.01552718,0.01552718,-0.003766581
5643,4.3048,0.002720336,0.05148537,-0.2631392,0.0164379,0.0164379,-0.003979283
5644,4.30564,0.002720336,0.05148537,-0.2631392,0.01713331,0.01713331,-0.004147626
5645,4.30631,0.002720336,0.05148537,-0.2631392,0.01713331,0.01713331,-0.004147626
5646,4.30696,0.002720336,0.05148537,-0.2631392,0.01713331,0.01713331,-0.004147626
5647,4.307602,0.002718965,0.0515613,-0.2631575,0.01817063,0.01817063,-0.004389659
5648,4.308332,0.002718965,0.0515613,-0.2631575,0.01817063,0.01817063,-0.004389659
5649,4.308998,0.002718965,0.0515613,-0.2631575,0.01817063,0.01817063,-0.004389659
5650,4.309622,0.002718965,0.0515613,-0.2631575,0.01817063,0.01817063,-0.004389659
5651,4.312154,0.002717598,0.05163722,-0.2631758,0.02047067,0.02047067,-0.004935071
5652,4.312891,0.002717598,0.05163722,-0.2631758,0.02047067,0.02047067,-0.004935071
5653,4.313637,0.002716232,0.05171315,-0.2631941,0.02135125,0.02135125,-0.005136693
5654,4.314443,0.002716232,0.05171315,-0.2631941,0.02135125,0.02135125,-0.005136693
5655,4.315093,0.00271487,0.0517891,-0.2632124,0.02135347,0.02135347,-0.005126558
5656,4.315791,0.00271487,0.0517891,-0.2632124,0.02277566,0.02277566,-0.005467998
5657,4.316429,0.00271487,0.0517891,-0.2632124,0.02277566,0.02277566,-0.005467998
5658,4.31714,0.00271487,0.0517891,-0.2632124,0.02277566,0.02277566,-0.005467998
5659,4.317839,0.00271487,0.0517891,-0.2632124,0.02277566,0.02277566,-0.005467998
5660,4.318634,0.00271351,0.05186509,-0.2632306,0.02314368,0.02314368,-0.005544788
5661,4.319438,0.00271351,0.05186509,-0.2632306,0.02314368,0.02314368,-0.005544788
5662,4.320193,0.002715954,0.05188194,-0.2631979,0.02159016,0.02159016,-0.004193909
5663,4.321071,0.002715954,0.05188194,-0.2631979,0.02396475,0.02396475,-0.004761733
5664,4.321688,0.002715954,0.05188194,-0.2631979,0.02396475,0.02396475,-0.004761733
5665,4.32231,0.002714601,0.05195789,-0.263216,0.02396735,0.02396735,-0.004749708
5666,4.323032,0.002714601,0.05195789,-0.263216,0.02641712,0.02641712,-0.005334287
5667,4.323657,0.002713248,0.0520339,-0.2632341,0.02769268,0.02769268,-0.005624151
5668,4.324349,0.002713248,0.0520339,-0.2632341,0.02769268,0.02769268,-0.005624151
5669,4.324972,0.002713248,0.0520339,-0.2632341,0.02769268,0.02769268,-0.005624151
5670,4.325608,0.002713248,0.0520339,-0.2632341,0.02769268,0.02769268,-0.005624151
5671,4.326275,0.002711899,0.0521099,-0.2632522,0.02769565,0.02769565,-0.005610348
5672,4.327036,0.002711899,0.0521099,-0.2632522,0.02785785,0.02785785,-0.005648891
5673,4.327738,0.002714353,0.05212677,-0.2632193,0.02823021,0.02823021,-0.005083375
5674,4.331113,0.002713011,0.05220278,-0.2632373,0.03078494,0.03078494,-0.005672793
5675,4.331846,0.002711671,0.05227879,-0.2632552,0.03078827,0.03078827,-0.005657086
5676,4.332579,0.002711671,0.05227879,-0.2632552,0.03094694,0.03094694,-0.00569456
5677,4.333192,0.002710333,0.05235481,-0.2632731,0.03095029,0.03095029,-0.005678781
5678,4.333992,0.002714133,0.05229574,-0.2632222,0.03175098,0.03175098,-0.005867485
5679,4.334776,0.002714133,0.05229574,-0.2632222,0.03175137,0.03175137,-0.005867627
5680,4.335445,0.002712798,0.05237177,-0.2632402,0.0262474,0.0262474,-0.001116895
5681,4.336194,0.002712798,0.05237177,-0.2632402,0.02670397,0.02670397,-0.001207636
5682,4.336828,0.002712798,0.05237177,-0.2632402,0.02670397,0.02670397,-0.001207636
5683,4.337485,0.002711464,0.05244781,-0.263258,0.02670727,0.02670727,-0.001191527
5684,4.338202,0.002711464,0.05244781,-0.263258,0.02737856,0.02737856,-0.001349097
5685,4.338832,0.002710133,0.05252385,-0.2632758,0.02738195,0.02738195,-0.001332682
5686,4.339589,0.00271394,0.05246478,-0.2632248,0.02808281,0.02808281,-0.001493889
5687,4.340377,0.002712613,0.05254081,-0.2632426,0.0271876,0.0271876,-0.0007010032
5688,4.341298,0.002712613,0.05254081,-0.2632426,0.02774407,0.02774407,-0.0008310904
5689,4.341959,0.00271642,0.05248176,-0.2631916,0.02774712,0.02774712,-0.0008283747
5690,4.342729,0.002715094,0.05255786,-0.2632094,0.02828631,0.02828631,0.0001652507
5691,4.343365,0.002715094,0.05255786,-0.2632094,0.02828631,0.02828631,0.0001652507
5692,4.343997,0.002713772,0.05263391,-0.2632271,0.02870368,0.02870368,8.689025E-05
5693,4.344757,0.002713772,0.05263391,-0.2632271,0.02870368,0.02870368,8.689025E-05
5694,4.345392,0.002712449,0.05270997,-0.2632448,0.02922984,0.02922984,-3.56094E-05
5695,4.346092,0.00271626,0.05265096,-0.2631938,0.02874346,0.02874346,0.0004259185
5696,4.346813,0.002714941,0.05272703,-0.2632114,0.02874346,0.02874346,0.0004259185
5697,4.347545,0.002714941,0.05272703,-0.2632114,0.02956938,0.02956938,0.0002536727
5698,4.348175,0.002713625,0.0528031,-0.2632291,0.02957314,0.02957314,0.0002724683
5699,4.348985,0.002802677,0.05274412,-0.2631771,0.03029916,0.03029916,0.0001089657
5700,4.349811,0.00280137,0.05282019,-0.2631947,0.03030301,0.03030301,0.0001280969
5701,4.350597,0.00280137,0.05282019,-0.2631947,0.03135547,0.03135547,0.000415284
5702,4.351714,0.002803861,0.05283734,-0.2631612,0.03178312,0.03178312,0.0003424868
5703,4.352498,0.002802558,0.05291346,-0.2631787,0.03119198,0.03119198,0.001083603
5704,4.353326,0.002806357,0.05285449,-0.2631276,0.02931675,0.02931675,0.002651101
5705,4.354032,0.002805056,0.05293058,-0.2631451,0.0286179,0.0286179,0.00361367
5706,4.35476,0.002805056,0.05293058,-0.2631451,0.0286179,0.0286179,0.00361367
5707,4.355385,0.002805056,0.05293058,-0.2631451,0.0287168,0.0287168,0.003590972
5708,4.356007,0.002807559,0.05294777,-0.2631114,0.02574683,0.02574683,0.00639269
5709,4.356783,0.002807559,0.05294777,-0.2631114,0.02574683,0.02574683,0.00639269
5710,4.357562,0.002804972,0.05310003,-0.2631462,0.02731568,0.02731568,0.006077409
5711,4.35839,0.002808774,0.05304115,-0.2630951,0.02909275,0.02909275,0.005680751
5712,4.359144,0.002807484,0.05311726,-0.2631124,0.02860805,0.02860805,0.006101766
5713,4.359918,0.002807484,0.05311726,-0.2631124,0.02861227,0.02861227,0.006123689
5714,4.360559,0.00281,0.0531345,-0.2630786,0.02859384,0.02859384,0.006159649
5715,4.361446,0.002813805,0.05307567,-0.2630274,0.0294786,0.0294786,0.006476712
5716,4.362252,0.00281252,0.0531518,-0.2630447,0.02796876,0.02796876,0.009347267
5717,4.363012,0.002815044,0.05316913,-0.2630107,0.02807071,0.02807071,0.009360142
5718,4.363852,0.002813763,0.05324528,-0.2630279,0.02807516,0.02807516,0.00938378
5719,4.364634,0.002817571,0.05318648,-0.2629767,0.0293388,0.0293388,0.009333357
5720,4.365376,0.002816297,0.05326264,-0.2629938,0.02658071,0.02658071,0.01239099
5721,4.366144,0.002820105,0.05320385,-0.2629426,0.02659168,0.02659168,0.01240197
5722,4.366843,0.00281883,0.05328004,-0.2629597,0.02659624,0.02659624,0.01242663
5723,4.36763,0.00282137,0.05329742,-0.2629256,0.02874271,0.02874271,0.01233967
5724,4.368366,0.0028201,0.05337363,-0.2629427,0.02995057,0.02995057,0.01279016
5725,4.369081,0.002822647,0.05339108,-0.2629084,0.03033224,0.03033224,0.01320065
5726,4.369787,0.002926795,0.05339108,-0.2629073,0.03033224,0.03033224,0.01320104
5727,4.370573,0.00292933,0.05340853,-0.262873,0.02855666,0.02855666,0.01482224
5728,4.371345,0.00293187,0.05342606,-0.2628386,0.02744123,0.02744123,0.01534222
5729,4.372051,0.00293062,0.05350223,-0.2628555,0.02738029,0.02738029,0.01699673
5730,4.372766,0.00293062,0.05350223,-0.2628555,0.02738029,0.02738029,0.01699673
5731,4.373374,0.002933166,0.0535198,-0.2628211,0.0293855,0.0293855,0.01656829
5732,4.374093,0.002935719,0.05353734,-0.2627865,0.02869814,0.02869814,0.01673303
5733,4.374807,0.002935719,0.05353734,-0.2627865,0.02869814,0.02869814,0.01673303
5734,4.375425,0.002935719,0.05353734,-0.2627865,0.02932786,0.02932786,0.01706439
5735,4.376093,0.002938274,0.05355498,-0.262752,0.02898469,0.02898469,0.01718678
5736,4.376842,0.002942077,0.05349638,-0.2627005,0.02898469,0.02898469,0.01718678
5737,4.377602,0.002939597,0.0536488,-0.2627341,0.02647309,0.02647309,0.01879074
5738,4.378346,0.0029434,0.05359024,-0.2626826,0.02894307,0.02894307,0.01918966
5739,4.379056,0.002945968,0.05360794,-0.2626479,0.0286847,0.0286847,0.01950862
5740,4.379784,0.002945968,0.05360794,-0.2626479,0.02870008,0.02870008,0.01952402
5741,4.380475,0.002943503,0.05376044,-0.2626812,0.02584603,0.02584603,0.0205614
5742,4.381483,0.002946078,0.05377817,-0.2626464,0.02914363,0.02914363,0.01967093
5743,4.38231,0.002949887,0.05371967,-0.2625949,0.02618709,0.02618709,0.02199767
5744,4.383041,0.002952473,0.05373743,-0.2625599,0.0272474,0.0272474,0.02179829
5745,4.383817,0.002951245,0.0538137,-0.2625765,0.02726397,0.02726397,0.02181487
5746,4.384637,0.002955059,0.05375525,-0.2625249,0.02700011,0.02700011,0.02188816
5747,4.385631,0.002957654,0.05377311,-0.2624898,0.02700117,0.02700117,0.02195342
5748,4.38636,0.002956432,0.05384937,-0.2625063,0.02679727,0.02679727,0.02262359
5749,4.387098,0.002959031,0.05386722,-0.2624712,0.02785167,0.02785167,0.02242805
5750,4.387921,0.002959031,0.05386722,-0.2624712,0.02786857,0.02786857,0.02244495
5751,4.388627,0.002961635,0.05388513,-0.2624359,0.02810075,0.02810075,0.02272271
5752,4.391284,0.002965455,0.05382678,-0.2623843,0.02638389,0.02638389,0.02311301
5753,4.392025,0.002969471,0.05393901,-0.2623299,0.027875,0.027875,0.02363887
5754,4.392797,0.002968265,0.05401535,-0.2623462,0.027875,0.027875,0.02363887
5755,4.393591,0.002972088,0.05395705,-0.2622945,0.02753533,0.02753533,0.0234192
5756,4.394459,0.002970886,0.05403337,-0.2623108,0.02827138,0.02827138,0.02294997
5757,4.395263,0.002973514,0.05405141,-0.2622752,0.02704028,0.02704028,0.02384689
5758,4.396105,0.002973514,0.05405141,-0.2622752,0.02759904,0.02759904,0.02377007
5759,4.396831,0.002974951,0.05414583,-0.2622558,0.02722335,0.02722335,0.02408849
5760,4.397552,0.00297878,0.05408762,-0.262204,0.02724621,0.02724621,0.02413753
5761,4.398277,0.00297878,0.05408762,-0.262204,0.02615314,0.02615314,0.02476238
5762,4.398942,0.002981421,0.05410573,-0.2621683,0.02529926,0.02529926,0.0247705
5763,4.399664,0.002985254,0.05404755,-0.2621164,0.02529926,0.02529926,0.0247705
5764,4.400367,0.002984064,0.05412389,-0.2621325,0.02397913,0.02397913,0.0256747
5765,4.401356,0.002986711,0.05414212,-0.2620967,0.02406085,0.02406085,0.02571088
5766,4.402159,0.002986711,0.05414212,-0.2620967,0.02406085,0.02406085,0.02571088
5767,4.402806,0.002985525,0.0542185,-0.2621128,0.02545492,0.02545492,0.02520325
5768,4.403571,0.002988181,0.05423671,-0.2620768,0.02440922,0.02440922,0.02510579
5769,4.404305,0.002988181,0.05423671,-0.2620768,0.02440922,0.02440922,0.02510579
5770,4.40497,0.002990839,0.05425499,-0.2620409,0.02407741,0.02407741,0.02522771
5771,4.405707,0.00299468,0.05419689,-0.2619889,0.02403357,0.02403357,0.02548121
5772,4.406517,0.002993504,0.05427323,-0.2620048,0.02380692,0.02380692,0.02548303
5773,4.40731,0.002993504,0.05427323,-0.2620048,0.02380692,0.02380692,0.02548303
5774,4.407962,0.002996169,0.05429158,-0.2619688,0.02134829,0.02134829,0.02637875
5775,4.408772,0.002998841,0.0543099,-0.2619326,0.02195493,0.02195493,0.02557699
5776,4.409632,0.002998841,0.0543099,-0.2619326,0.02275956,0.02275956,0.02535737
5777,4.41031,0.002998841,0.0543099,-0.2619326,0.02275956,0.02275956,0.02535737
5778,4.41094,0.003001516,0.05432829,-0.2618964,0.02268538,0.02268538,0.02540334
5779,4.411636,0.00300035,0.05440468,-0.2619122,0.02102916,0.02102916,0.02520842
5780,4.412407,0.00300303,0.05442309,-0.261876,0.02166848,0.02166848,0.02508277
5781,4.41313,0.00300303,0.05442309,-0.261876,0.02166848,0.02166848,0.02508277
5782,4.413765,0.00300303,0.05442309,-0.261876,0.02257857,0.02257857,0.02451671
5783,4.414423,0.003006882,0.05436511,-0.2618238,0.02176964,0.02176964,0.02449775
5784,4.41524,0.003005717,0.05444156,-0.2618396,0.02177397,0.02177397,0.02452574
5785,4.415997,0.003009568,0.05438361,-0.2617875,0.01897254,0.01897254,0.02516821
5786,4.416754,0.003009568,0.05438361,-0.2617875,0.01762411,0.01762411,0.02520862
5787,4.417411,0.00301226,0.05440211,-0.2617511,0.01656679,0.01656679,0.02449662
5788,4.418265,0.003011104,0.05447853,-0.2617667,0.0165706,0.0165706,0.02452138
5789,4.419126,0.003014958,0.05442061,-0.2617146,0.01674076,0.01674076,0.02448653
5790,4.419917,0.003013802,0.05449702,-0.2617302,0.01703984,0.01703984,0.02366014
5791,4.420666,0.003013802,0.05449702,-0.2617302,0.0167948,0.0167948,0.02348297
5792,4.421429,0.003016507,0.05451557,-0.2616936,0.01543317,0.01543317,0.02380439
5793,4.422207,0.003016507,0.05451557,-0.2616936,0.01543317,0.01543317,0.02380439
5794,4.422879,0.003020365,0.05445772,-0.2616414,0.01763301,0.01763301,0.02244313
5795,4.423619,0.003019216,0.05453417,-0.261657,0.01600179,0.01600179,0.02300853
5796,4.42448,0.003019216,0.05453417,-0.261657,0.01469938,0.01469938,0.02327347
5797,4.425148,0.003019216,0.05453417,-0.261657,0.01469938,0.01469938,0.02327347
5798,4.425789,0.003019216,0.05453417,-0.261657,0.01457238,0.01457238,0.0232993
5799,4.426437,0.003021924,0.05455276,-0.2616203,0.01527595,0.01527595,0.02020874
5800,4.427134,0.003021924,0.05455276,-0.2616203,0.01527595,0.01527595,0.02020874
5801,4.427777,0.003021924,0.05455276,-0.2616203,0.01435039,0.01435039,0.0203966
5802,4.428411,0.00302078,0.05462924,-0.2616358,0.0121283,0.0121283,0.02086802
5803,4.429149,0.00302464,0.05457143,-0.2615836,0.01214202,0.01214202,0.02088154
5804,4.42987,0.00302464,0.05457143,-0.2615836,0.01622145,0.01622145,0.01719316
5805,4.430494,0.003023498,0.05464786,-0.2615991,0.01573007,0.01573007,0.01729268
5806,4.431276,0.003023498,0.05464786,-0.2615991,0.01573307,0.01573307,0.01731242
5807,4.432004,0.003027362,0.05459006,-0.2615468,0.01204538,0.01204538,0.01807172
5808,4.432811,0.003027362,0.05459006,-0.2615468,0.01384411,0.01384411,0.01644401
5809,4.433522,0.003027362,0.05459006,-0.2615468,0.01384411,0.01384411,0.01644401
5810,4.434266,0.003027362,0.05459006,-0.2615468,0.01384411,0.01384411,0.01644401
5811,4.434993,0.003030084,0.05460878,-0.26151,0.01430091,0.01430091,0.01607197
5812,4.435797,0.003030084,0.05460878,-0.26151,0.009493176,0.009493176,0.01597542
5813,4.436443,0.003030084,0.05460878,-0.26151,0.009493176,0.009493176,0.01597542
5814,4.437078,0.003030084,0.05460878,-0.26151,0.009493176,0.009493176,0.01597542
5815,4.437739,0.003030084,0.05460878,-0.26151,0.009493176,0.009493176,0.01597542
5816,4.438358,0.003030084,0.05460878,-0.26151,0.009493176,0.009493176,0.01597542
5817,4.438973,0.003030084,0.05460878,-0.26151,0.009493176,0.009493176,0.01597542
5818,4.439607,0.003033953,0.05455104,-0.2614576,0.009309205,0.009309205,0.01602496
5819,4.440353,0.003032813,0.05462751,-0.261473,0.004556409,0.004556409,0.01428055
5820,4.441233,0.003032813,0.05462751,-0.261473,0.00276221,0.00276221,0.01464153
5821,4.441995,0.003032813,0.05462751,-0.261473,0.00276221,0.00276221,0.01464153
5822,4.442862,0.003032813,0.05462751,-0.261473,0.003529008,0.003529008,0.01394643
5823,4.443599,0.003032813,0.05462751,-0.261473,0.003529008,0.003529008,0.01394643
5824,4.444253,0.003032813,0.05462751,-0.261473,0.003529008,0.003529008,0.01394643
5825,4.44493,0.003032813,0.05462751,-0.261473,0.001969143,0.001969143,0.01426026
5826,4.445562,0.003032813,0.05462751,-0.261473,0.002848976,0.002848976,0.0134627
5827,4.446204,0.003032813,0.05462751,-0.261473,0.002848976,0.002848976,0.0134627
5828,4.44685,0.003032813,0.05462751,-0.261473,0.002848976,0.002848976,0.0134627
5829,4.447494,0.003036682,0.0545698,-0.2614207,0.008623219,0.008623219,0.008239238
5830,4.448201,0.003036682,0.0545698,-0.2614207,0.008623219,0.008623219,0.008239238
5831,4.448812,0.003036682,0.0545698,-0.2614207,-0.01412581,-0.01412581,0.0128171
5832,4.44944,0.003036682,0.0545698,-0.2614207,-0.01412581,-0.01412581,0.0128171
5833,4.450058,0.003036682,0.0545698,-0.2614207,-0.01412581,-0.01412581,0.0128171
5834,4.450692,0.003036682,0.0545698,-0.2614207,-0.01344046,-0.01344046,0.01219525
5835,4.451364,0.003036682,0.0545698,-0.2614207,-0.01344046,-0.01344046,0.01219525
5836,4.452098,0.003036682,0.0545698,-0.2614207,-0.01344046,-0.01344046,0.01219525
5837,4.452732,0.003036682,0.0545698,-0.2614207,-0.01344046,-0.01344046,0.01219525
5838,4.453368,0.003036682,0.0545698,-0.2614207,-0.01344046,-0.01344046,0.01219525
5839,4.454298,0.003036682,0.0545698,-0.2614207,-0.01344046,-0.01344046,0.01219525
5840,4.454936,0.003036682,0.0545698,-0.2614207,-0.01344046,-0.01344046,0.01219525
5841,4.455559,0.003036682,0.0545698,-0.2614207,0,0,0
5842,4.456177,0.003036682,0.0545698,-0.2614207,0,0,0
5843,4.456857,0.003036682,0.0545698,-0.2614207,0,0,0
5844,4.457604,0.003036682,0.0545698,-0.2614207,0,0,0
5845,4.458246,0.003036682,0.0545698,-0.2614207,0,0,0
5846,4.458908,0.003036682,0.0545698,-0.2614207,0,0,0
5847,4.459572,0.003036682,0.0545698,-0.2614207,0,0,0
5848,4.460213,0.003036682,0.0545698,-0.2614207,0,0,0
5849,4.460959,0.003036682,0.0545698,-0.2614207,0,0,0
5850,4.461637,0.003036682,0.0545698,-0.2614207,0,0,0
5851,4.462264,0.003036682,0.0545698,-0.2614207,0,0,0
5852,4.462891,0.003036682,0.0545698,-0.2614207,0,0,0
5853,4.463516,0.003036682,0.0545698,-0.2614207,0,0,0
5854,4.464197,0.003036682,0.0545698,-0.2614207,0,0,0
5855,4.464943,0.003036682,0.0545698,-0.2614207,0,0,0
5856,4.46559,0.003036682,0.0545698,-0.2614207,0,0,0
5857,4.466242,0.003036682,0.0545698,-0.2614207,0,0,0
5858,4.466898,0.003036682,0.0545698,-0.2614207,0,0,0
5859,4.46752,0.003036682,0.0545698,-0.2614207,0,0,0
5860,4.468133,0.003036682,0.0545698,-0.2614207,0,0,0
5861,4.470644,0.003036682,0.0545698,-0.2614207,0,0,0
5862,4.471351,0.003036682,0.0545698,-0.2614207,0,0,0
5863,4.471978,0.003036682,0.0545698,-0.2614207,0,0,0
5864,4.472647,0.003036682,0.0545698,-0.2614207,0,0,0
5865,4.473295,0.003036682,0.0545698,-0.2614207,0,0,0
5866,4.473918,0.003036682,0.0545698,-0.2614207,0,0,0
5867,4.474525,0.003036682,0.0545698,-0.2614207,0,0,0
5868,4.475155,0.003036682,0.0545698,-0.2614207,0,0,0
5869,4.47582,0.003036682,0.0545698,-0.2614207,0,0,0
5870,4.476486,0.003036682,0.0545698,-0.2614207,0,0,0
5871,4.477151,0.003036682,0.0545698,-0.2614207,0,0,0
5872,4.477841,0.003036682,0.0545698,-0.2614207,0,0,0
5873,4.481371,0.003036682,0.0545698,-0.2614207,0,0,0
5874,4.482152,0.003036682,0.0545698,-0.2614207,0,0,0
5875,4.482818,0.003036682,0.0545698,-0.2614207,0,0,0
5876,4.48346,0.003036682,0.0545698,-0.2614207,0,0,0
5877,4.484087,0.003036682,0.0545698,-0.2614207,0,0,0
5878,4.484761,0.003036682,0.0545698,-0.2614207,0,0,0
5879,4.485496,0.003036682,0.0545698,-0.2614207,0,0,0
5880,4.486217,0.003036682,0.0545698,-0.2614207,0,0,0
5881,4.486961,0.003036682,0.0545698,-0.2614207,0,0,0
5882,4.487604,0.003036682,0.0545698,-0.2614207,0,0,0
5883,4.488209,0.003036682,0.0545698,-0.2614207,0,0,0
5884,4.488839,0.003036682,0.0545698,-0.2614207,0,0,0
5885,4.489491,0.003036682,0.0545698,-0.2614207,0,0,0
5886,4.490119,0.003036682,0.0545698,-0.2614207,0,0,0
5887,4.490785,0.003036682,0.0545698,-0.2614207,0,0,0
5888,4.491445,0.003036682,0.0545698,-0.2614207,0,0,0
5889,4.492103,0.003036682,0.0545698,-0.2614207,0,0,0
5890,4.492719,0.003036682,0.0545698,-0.2614207,0,0,0
5891,4.49348,0.003036682,0.0545698,-0.2614207,0,0,0
5892,4.494127,0.003036682,0.0545698,-0.2614207,0,0,0
5893,4.494777,0.003036682,0.0545698,-0.2614207,0,0,0
5894,4.495411,0.003036682,0.0545698,-0.2614207,0,0,0
5895,4.496069,0.003036682,0.0545698,-0.2614207,0,0,0
5896,4.496696,0.003036682,0.0545698,-0.2614207,0,0,0
5897,4.497301,0.003036682,0.0545698,-0.2614207,0,0,0
5898,4.497929,0.003036682,0.0545698,-0.2614207,0,0,0
5899,4.498585,0.003036682,0.0545698,-0.2614207,0,0,0
5900,4.499227,0.003036682,0.0545698,-0.2614207,0,0,0
5901,4.499865,0.003036682,0.0545698,-0.2614207,0,0,0
5902,4.500538,0.003036682,0.0545698,-0.2614207,0,0,0
5903,4.50128,0.003036682,0.0545698,-0.2614207,0,0,0
5904,4.501914,0.003036682,0.0545698,-0.2614207,0,0,0
5905,4.502531,0.003036682,0.0545698,-0.2614207,0,0,0
5906,4.503139,0.003036682,0.0545698,-0.2614207,0,0,0
5907,4.503757,0.003036682,0.0545698,-0.2614207,0,0,0
5908,4.504458,0.003036682,0.0545698,-0.2614207,0,0,0
5909,4.505195,0.003036682,0.0545698,-0.2614207,0,0,0
5910,4.505875,0.003036682,0.0545698,-0.2614207,0,0,0
5911,4.506602,0.003036682,0.0545698,-0.2614207,0,0,0
5912,4.507356,0.003036682,0.0545698,-0.2614207,0,0,0
5913,4.508063,0.003036682,0.0545698,-0.2614207,0,0,0
5914,4.508704,0.003036682,0.0545698,-0.2614207,0,0,0
5915,4.509349,0.003035546,0.05464628,-0.2614361,0,0,0
5916,4.510167,0.003035546,0.05464628,-0.2614361,0.001109117,0.001109117,-0.000222647
5917,4.5108,0.003035546,0.05464628,-0.2614361,0.001109117,0.001109117,-0.000222647
5918,4.511431,0.003035546,0.05464628,-0.2614361,0.001109117,0.001109117,-0.000222647
5919,4.51206,0.003035546,0.05464628,-0.2614361,0.001109117,0.001109117,-0.000222647
5920,4.512696,0.003035546,0.05464628,-0.2614361,0.001109117,0.001109117,-0.000222647
5921,4.513317,0.003035546,0.05464628,-0.2614361,0.001109117,0.001109117,-0.000222647
5922,4.513987,0.003035546,0.05464628,-0.2614361,0.001109117,0.001109117,-0.000222647
5923,4.514794,0.003035546,0.05464628,-0.2614361,0.001109117,0.001109117,-0.000222647
5924,4.515455,0.003035546,0.05464628,-0.2614361,0.001109117,0.001109117,-0.000222647
5925,4.516096,0.003035546,0.05464628,-0.2614361,0.001109117,0.001109117,-0.000222647
5926,4.516719,0.003035546,0.05464628,-0.2614361,0.001109117,0.001109117,-0.000222647
5927,4.517348,0.003035546,0.05464628,-0.2614361,0.001109117,0.001109117,-0.000222647
5928,4.517975,0.003035546,0.05464628,-0.2614361,0,0,0
5929,4.518685,0.003035546,0.05464628,-0.2614361,0,0,0
5930,4.519353,0.003035546,0.05464628,-0.2614361,0,0,0
5931,4.519972,0.003035546,0.05464628,-0.2614361,0,0,0
5932,4.520601,0.003035546,0.05464628,-0.2614361,0,0,0
5933,4.521389,0.003035546,0.05464628,-0.2614361,0,0,0
5934,4.522011,0.003035546,0.05464628,-0.2614361,0,0,0
5935,4.522703,0.003035546,0.05464628,-0.2614361,0,0,0
5936,4.523338,0.003035546,0.05464628,-0.2614361,0,0,0
5937,4.52395,0.003035546,0.05464628,-0.2614361,0,0,0
5938,4.524675,0.003035546,0.05464628,-0.2614361,0,0,0
5939,4.525423,0.003035546,0.05464628,-0.2614361,0,0,0
5940,4.526148,0.003035546,0.05464628,-0.2614361,0,0,0
5941,4.526882,0.003035546,0.05464628,-0.2614361,0,0,0
5942,4.527564,0.003035546,0.05464628,-0.2614361,0,0,0
5943,4.528269,0.003035546,0.05464628,-0.2614361,0,0,0
5944,4.528952,0.003035546,0.05464628,-0.2614361,0,0,0
5945,4.529683,0.003035546,0.05464628,-0.2614361,0,0,0
5946,4.53035,0.003035546,0.05464628,-0.2614361,0,0,0
5947,4.531017,0.003035546,0.05464628,-0.2614361,0,0,0
5948,4.531648,0.003035546,0.05464628,-0.2614361,0,0,0
5949,4.532241,0.003035546,0.05464628,-0.2614361,0,0,0
5950,4.532852,0.003035546,0.05464628,-0.2614361,0,0,0
5951,4.533498,0.003035546,0.05464628,-0.2614361,0,0,0
5952,4.53425,0.003035546,0.05464628,-0.2614361,0,0,0
5953,4.534925,0.003035546,0.05464628,-0.2614361,0,0,0
5954,4.535603,0.003035546,0.05464628,-0.2614361,0,0,0
5955,4.536271,0.003035546,0.05464628,-0.2614361,0,0,0
5956,4.536922,0.003035546,0.05464628,-0.2614361,0,0,0
5957,4.537584,0.003035546,0.05464628,-0.2614361,0,0,0
5958,4.538229,0.003035546,0.05464628,-0.2614361,0,0,0
5959,4.538877,0.003035546,0.05464628,-0.2614361,0,0,0
5960,4.539551,0.003035546,0.05464628,-0.2614361,0,0,0
5961,4.540191,0.003035546,0.05464628,-0.2614361,0,0,0
5962,4.540927,0.003035546,0.05464628,-0.2614361,0,0,0
5963,4.541581,0.003035546,0.05464628,-0.2614361,0,0,0
5964,4.54224,0.003035546,0.05464628,-0.2614361,0,0,0
5965,4.542894,0.003035546,0.05464628,-0.2614361,0,0,0
5966,4.545422,0.003035546,0.05464628,-0.2614361,0,0,0
5967,4.546174,0.003035546,0.05464628,-0.2614361,0,0,0
5968,4.546838,0.003035546,0.05464628,-0.2614361,0,0,0
5969,4.547493,0.003035546,0.05464628,-0.2614361,0,0,0
5970,4.548124,0.003035546,0.05464628,-0.2614361,0,0,0
5971,4.548764,0.003035546,0.05464628,-0.2614361,0,0,0
5972,4.549381,0.003035546,0.05464628,-0.2614361,0,0,0
5973,4.55007,0.003035546,0.05464628,-0.2614361,0,0,0
5974,4.550799,0.003035546,0.05464628,-0.2614361,0,0,0
5975,4.551476,0.003035546,0.05464628,-0.2614361,0,0,0
5976,4.552135,0.003035546,0.05464628,-0.2614361,0,0,0
5977,4.552765,0.003035546,0.05464628,-0.2614361,0,0,0
5978,4.553486,0.003035546,0.05464628,-0.2614361,0,0,0
5979,4.554225,0.003035546,0.05464628,-0.2614361,0,0,0
5980,4.554996,0.003035546,0.05464628,-0.2614361,0,0,0
5981,4.555746,0.003035546,0.05464628,-0.2614361,0,0,0
5982,4.556394,0.003035546,0.05464628,-0.2614361,0,0,0
5983,4.557032,0.003035546,0.05464628,-0.2614361,0,0,0
5984,4.557689,0.003035546,0.05464628,-0.2614361,0,0,0
5985,4.558323,0.003035546,0.05464628,-0.2614361,0,0,0
5986,4.558957,0.003035546,0.05464628,-0.2614361,0,0,0
5987,4.559582,0.003035546,0.05464628,-0.2614361,0,0,0
5988,4.560261,0.003035546,0.05464628,-0.2614361,0,0,0
5989,4.561156,0.003035546,0.05464628,-0.2614361,0,0,0
5990,4.561804,0.003035546,0.05464628,-0.2614361,0,0,0
5991,4.562416,0.003035546,0.05464628,-0.2614361,0,0,0
5992,4.563032,0.003035546,0.05464628,-0.2614361,0,0,0
5993,4.563669,0.003035546,0.05464628,-0.2614361,0,0,0
5994,4.564279,0.003035546,0.05464628,-0.2614361,0,0,0
5995,4.564904,0.003035546,0.05464628,-0.2614361,0,0,0
5996,4.565524,0.003035546,0.05464628,-0.2614361,0,0,0
5997,4.566127,0.003035546,0.05464628,-0.2614361,0,0,0
5998,4.56675,0.003035546,0.05464628,-0.2614361,0,0,0
5999,4.56743,0.003035546,0.05464628,-0.2614361,0,0,0
6000,4.568143,0.003035546,0.05464628,-0.2614361,0,0,0
6001,4.568806,0.003035546,0.05464628,-0.2614361,0,0,0
6002,4.56949,0.003035546,0.05464628,-0.2614361,0,0,0
6003,4.570172,0.003035546,0.05464628,-0.2614361,0,0,0
6004,4.570806,0.003035546,0.05464628,-0.2614361,0,0,0
6005,4.571424,0.003035546,0.05464628,-0.2614361,0,0,0
6006,4.57204,0.003035546,0.05464628,-0.2614361,0,0,0
6007,4.572726,0.003035546,0.05464628,-0.2614361,0,0,0
6008,4.573461,0.003035546,0.05464628,-0.2614361,0,0,0
6009,4.574148,0.003035546,0.05464628,-0.2614361,0,0,0
6010,4.574879,0.003035546,0.05464628,-0.2614361,0,0,0
6011,4.575531,0.003035546,0.05464628,-0.2614361,0,0,0
6012,4.576236,0.003035546,0.05464628,-0.2614361,0,0,0
6013,4.576895,0.003035546,0.05464628,-0.2614361,0,0,0
6014,4.577548,0.003035546,0.05464628,-0.2614361,0,0,0
6015,4.578187,0.003035546,0.05464628,-0.2614361,0,0,0
6016,4.578844,0.003035546,0.05464628,-0.2614361,0,0,0
6017,4.57945,0.003035546,0.05464628,-0.2614361,0,0,0
6018,4.580075,0.003035546,0.05464628,-0.2614361,0,0,0
6019,4.580822,0.003035546,0.05464628,-0.2614361,0,0,0
6020,4.58143,0.003035546,0.05464628,-0.2614361,0,0,0
6021,4.582066,0.003035546,0.05464628,-0.2614361,0,0,0
6022,4.58272,0.003035546,0.05464628,-0.2614361,0,0,0
6023,4.583377,0.003035546,0.05464628,-0.2614361,0,0,0
6024,4.584011,0.003035546,0.05464628,-0.2614361,0,0,0
6025,4.584689,0.003035546,0.05464628,-0.2614361,0,0,0
6026,4.585326,0.003035546,0.05464628,-0.2614361,0,0,0
6027,4.585964,0.003035546,0.05464628,-0.2614361,0,0,0
6028,4.58661,0.003035546,0.05464628,-0.2614361,0,0,0
6029,4.587255,0.003035546,0.05464628,-0.2614361,0,0,0
6030,4.587891,0.003035546,0.05464628,-0.2614361,0,0,0
6031,4.588493,0.003035546,0.05464628,-0.2614361,0,0,0
6032,4.589171,0.003035546,0.05464628,-0.2614361,0,0,0
6033,4.589866,0.003035546,0.05464628,-0.2614361,0,0,0
6034,4.590508,0.003035546,0.05464628,-0.2614361,0,0,0
6035,4.591143,0.003035546,0.05464628,-0.2614361,0,0,0
6036,4.591766,0.003035546,0.05464628,-0.2614361,0,0,0
6037,4.592445,0.003035546,0.05464628,-0.2614361,0,0,0
6038,4.593113,0.003035546,0.05464628,-0.2614361,0,0,0
6039,4.593759,0.003035546,0.05464628,-0.2614361,0,0,0
6040,4.594391,0.003035546,0.05464628,-0.2614361,0,0,0
6041,4.595106,0.003035546,0.05464628,-0.2614361,0,0,0
6042,4.595816,0.003035546,0.05464628,-0.2614361,0,0,0
6043,4.596566,0.003035546,0.05464628,-0.2614361,0,0,0
6044,4.59722,0.003035546,0.05464628,-0.2614361,0,0,0
6045,4.597883,0.003035546,0.05464628,-0.2614361,0,0,0
6046,4.598505,0.003035546,0.05464628,-0.2614361,0,0,0
6047,4.599136,0.003035546,0.05464628,-0.2614361,0,0,0
6048,4.599767,0.003035546,0.05464628,-0.2614361,0,0,0
6049,4.600433,0.003035546,0.05464628,-0.2614361,0,0,0
6050,4.601172,0.003035546,0.05464628,-0.2614361,0,0,0
6051,4.601806,0.003035546,0.05464628,-0.2614361,0,0,0
6052,4.602422,0.003035546,0.05464628,-0.2614361,0,0,0
6053,4.603032,0.003035546,0.05464628,-0.2614361,0,0,0
6054,4.603659,0.003035546,0.05464628,-0.2614361,0,0,0
6055,4.60428,0.003035546,0.05464628,-0.2614361,0,0,0
6056,4.604931,0.003035546,0.05464628,-0.2614361,0,0,0
6057,4.605777,0.003035546,0.05464628,-0.2614361,0,0,0
6058,4.606543,0.003035546,0.05464628,-0.2614361,0,0,0
6059,4.607223,0.003035546,0.05464628,-0.2614361,0,0,0
6060,4.607928,0.003035546,0.05464628,-0.2614361,0,0,0
6061,4.608753,0.003035546,0.05464628,-0.2614361,0,0,0
6062,4.609395,0.003035546,0.05464628,-0.2614361,0,0,0
6063,4.610054,0.003035546,0.05464628,-0.2614361,0,0,0
6064,4.61072,0.003035546,0.05464628,-0.2614361,0,0,0
6065,4.611482,0.003035546,0.05464628,-0.2614361,0,0,0
6066,4.612169,0.003035546,0.05464628,-0.2614361,0,0,0
6067,4.612789,0.003035546,0.05464628,-0.2614361,0,0,0
6068,4.613428,0.003039417,0.05458862,-0.2613837,-0.0003480715,-0.0003480715,0.000316097
6069,4.61435,0.003039417,0.05458862,-0.2613837,-0.0003480715,-0.0003480715,0.000316097
6070,4.615033,0.003039417,0.05458862,-0.2613837,-0.0003480715,-0.0003480715,0.000316097
6071,4.615686,0.003039417,0.05458862,-0.2613837,-0.0003480715,-0.0003480715,0.000316097
6072,4.616347,0.003039417,0.05458862,-0.2613837,-0.0003480715,-0.0003480715,0.000316097
6073,4.616993,0.003039417,0.05458862,-0.2613837,-0.0003480715,-0.0003480715,0.000316097
6074,4.617605,0.003039417,0.05458862,-0.2613837,-0.0003480715,-0.0003480715,0.000316097
6075,4.618233,0.003039417,0.05458862,-0.2613837,-0.0003480715,-0.0003480715,0.000316097
6076,4.618975,0.003039417,0.05458862,-0.2613837,-0.0003480715,-0.0003480715,0.000316097
6077,4.619644,0.003039417,0.05458862,-0.2613837,-0.0003480715,-0.0003480715,0.000316097
6078,4.620301,0.003039417,0.05458862,-0.2613837,-0.0003480715,-0.0003480715,0.000316097
6079,4.621206,0.003039417,0.05458862,-0.2613837,0,0,0
6080,4.62192,0.003039417,0.05458862,-0.2613837,0,0,0
6081,4.624505,0.003039417,0.05458862,-0.2613837,0,0,0
6082,4.625164,0.003039417,0.05458862,-0.2613837,0,0,0
6083,4.625874,0.003039417,0.05458862,-0.2613837,0,0,0
6084,4.626534,0.003039417,0.05458862,-0.2613837,0,0,0
6085,4.627187,0.003039417,0.05458862,-0.2613837,0,0,0
6086,4.62786,0.003039417,0.05458862,-0.2613837,0,0,0
6087,4.631252,0.003039417,0.05458862,-0.2613837,0,0,0
6088,4.63193,0.003039417,0.05458862,-0.2613837,0,0,0
6089,4.632563,0.003039417,0.05458862,-0.2613837,0,0,0
6090,4.633174,0.003039417,0.05458862,-0.2613837,0,0,0
6091,4.633771,0.003039417,0.05458862,-0.2613837,0,0,0
6092,4.634398,0.003039417,0.05458862,-0.2613837,0,0,0
6093,4.635018,0.003039417,0.05458862,-0.2613837,0,0,0
6094,4.635669,0.003039417,0.05458862,-0.2613837,0,0,0
6095,4.636328,0.003039417,0.05458862,-0.2613837,0,0,0
6096,4.637034,0.003039417,0.05458862,-0.2613837,0,0,0
6097,4.63778,0.003039417,0.05458862,-0.2613837,0,0,0
6098,4.638486,0.003039417,0.05458862,-0.2613837,0,0,0
6099,4.639156,0.003039417,0.05458862,-0.2613837,0,0,0
6100,4.639808,0.003039417,0.05458862,-0.2613837,0,0,0
6101,4.640428,0.003039417,0.05458862,-0.2613837,0,0,0
6102,4.641203,0.003039417,0.05458862,-0.2613837,0,0,0
6103,4.641951,0.003039417,0.05458862,-0.2613837,0,0,0
6104,4.642665,0.003039417,0.05458862,-0.2613837,0,0,0
6105,4.643384,0.003039417,0.05458862,-0.2613837,0,0,0
6106,4.644083,0.003039417,0.05458862,-0.2613837,0,0,0
6107,4.644741,0.003039417,0.05458862,-0.2613837,0,0,0
6108,4.64538,0.003039417,0.05458862,-0.2613837,0,0,0
6109,4.646015,0.003039417,0.05458862,-0.2613837,0,0,0
6110,4.646662,0.003039417,0.05458862,-0.2613837,0,0,0
6111,4.647425,0.003039417,0.05458862,-0.2613837,0,0,0
6112,4.648113,0.003039417,0.05458862,-0.2613837,0,0,0
6113,4.648776,0.003039417,0.05458862,-0.2613837,0,0,0
6114,4.649408,0.003039417,0.05458862,-0.2613837,0,0,0
6115,4.650054,0.003039417,0.05458862,-0.2613837,0,0,0
6116,4.650715,0.003039417,0.05458862,-0.2613837,0,0,0
6117,4.651426,0.003039417,0.05458862,-0.2613837,0,0,0
6118,4.652105,0.003039417,0.05458862,-0.2613837,0,0,0
6119,4.652743,0.003039417,0.05458862,-0.2613837,0,0,0
6120,4.653708,0.003039417,0.05458862,-0.2613837,0,0,0
6121,4.654416,0.003039417,0.05458862,-0.2613837,0,0,0
6122,4.655085,0.003039417,0.05458862,-0.2613837,0,0,0
6123,4.655738,0.003039417,0.05458862,-0.2613837,0,0,0
6124,4.656356,0.003039417,0.05458862,-0.2613837,0,0,0
6125,4.656966,0.003039417,0.05458862,-0.2613837,0,0,0
6126,4.657581,0.003039417,0.05458862,-0.2613837,0,0,0
6127,4.658238,0.003039417,0.05458862,-0.2613837,0,0,0
6128,4.659102,0.003039417,0.05458862,-0.2613837,0,0,0
6129,4.659854,0.003039417,0.05458862,-0.2613837,0,0,0
6130,4.66054,0.003039417,0.05458862,-0.2613837,0,0,0
6131,4.661308,0.003039417,0.05458862,-0.2613837,0,0,0
6132,4.66193,0.003039417,0.05458862,-0.2613837,0,0,0
6133,4.66256,0.003039417,0.05458862,-0.2613837,0,0,0
6134,4.663174,0.003039417,0.05458862,-0.2613837,0,0,0
6135,4.663771,0.003039417,0.05458862,-0.2613837,0,0,0
6136,4.664393,0.003039417,0.05458862,-0.2613837,0,0,0
6137,4.66502,0.003039417,0.05458862,-0.2613837,0,0,0
6138,4.665689,0.003039417,0.05458862,-0.2613837,0,0,0
6139,4.66633,0.003039417,0.05458862,-0.2613837,0,0,0
6140,4.666951,0.003039417,0.05458862,-0.2613837,0,0,0
6141,4.667687,0.003039417,0.05458862,-0.2613837,0,0,0
6142,4.668405,0.003039417,0.05458862,-0.2613837,0,0,0
6143,4.669188,0.003039417,0.05458862,-0.2613837,0,0,0
6144,4.669931,0.003039417,0.05458862,-0.2613837,0,0,0
6145,4.67059,0.003039417,0.05458862,-0.2613837,0,0,0
6146,4.671225,0.003039417,0.05458862,-0.2613837,0,0,0
6147,4.67183,0.003039417,0.05458862,-0.2613837,0,0,0
6148,4.672431,0.003039417,0.05458862,-0.2613837,0,0,0
6149,4.673063,0.003039417,0.05458862,-0.2613837,0,0,0
6150,4.673688,0.003039417,0.05458862,-0.2613837,0,0,0
6151,4.67437,0.003039417,0.05458862,-0.2613837,0,0,0
6152,4.675014,0.003039417,0.05458862,-0.2613837,0,0,0
6153,4.67565,0.003039417,0.05458862,-0.2613837,0,0,0
6154,4.676321,0.003039417,0.05458862,-0.2613837,0,0,0
6155,4.676983,0.003039417,0.05458862,-0.2613837,0,0,0
6156,4.677604,0.003039417,0.05458862,-0.2613837,0,0,0
6157,4.678233,0.003039417,0.05458862,-0.2613837,0,0,0
6158,4.678863,0.003039417,0.05458862,-0.2613837,0,0,0
6159,4.679484,0.003039417,0.05458862,-0.2613837,0,0,0
6160,4.680122,0.003039417,0.05458862,-0.2613837,0,0,0
6161,4.681045,0.003039417,0.05458862,-0.2613837,0,0,0
6162,4.681736,0.003039417,0.05458862,-0.2613837,0,0,0
6163,4.68236,0.003039417,0.05458862,-0.2613837,0,0,0
6164,4.683019,0.003039417,0.05458862,-0.2613837,0,0,0
6165,4.683735,0.003039417,0.05458862,-0.2613837,0,0,0
6166,4.684402,0.003039417,0.05458862,-0.2613837,0,0,0
6167,4.685034,0.003039417,0.05458862,-0.2613837,0,0,0
6168,4.685735,0.003039417,0.05458862,-0.2613837,0,0,0
6169,4.686362,0.003039417,0.05458862,-0.2613837,0,0,0
6170,4.686974,0.003039417,0.05458862,-0.2613837,0,0,0
6171,4.687593,0.003039417,0.05458862,-0.2613837,0,0,0
6172,4.688335,0.003039417,0.05458862,-0.2613837,0,0,0
6173,4.688993,0.003039417,0.05458862,-0.2613837,0,0,0
6174,4.689633,0.003039417,0.05458862,-0.2613837,0,0,0
6175,4.690249,0.003039417,0.05458862,-0.2613837,0,0,0
6176,4.69087,0.003039417,0.05458862,-0.2613837,0,0,0
6177,4.691517,0.003039417,0.05458862,-0.2613837,0,0,0
6178,4.692145,0.003039417,0.05458862,-0.2613837,0,0,0
6179,4.692757,0.003039417,0.05458862,-0.2613837,0,0,0
6180,4.693387,0.003039417,0.05458862,-0.2613837,0,0,0
6181,4.694107,0.003039417,0.05458862,-0.2613837,0,0,0
6182,4.694845,0.003039417,0.05458862,-0.2613837,0,0,0
6183,4.695511,0.003039417,0.05458862,-0.2613837,0,0,0
6184,4.696147,0.003039417,0.05458862,-0.2613837,0,0,0
6185,4.696777,0.003039417,0.05458862,-0.2613837,0,0,0
6186,4.697443,0.003039417,0.05458862,-0.2613837,0,0,0
6187,4.698364,0.003039417,0.05458862,-0.2613837,0,0,0
6188,4.699128,0.003039417,0.05458862,-0.2613837,0,0,0
6189,4.6998,0.003039417,0.05458862,-0.2613837,0,0,0
6190,4.700438,0.003039417,0.05458862,-0.2613837,0,0,0
6191,4.701192,0.003039417,0.05458862,-0.2613837,0,0,0
6192,4.703761,0.003039417,0.05458862,-0.2613837,0,0,0
6193,4.704467,0.003039417,0.05458862,-0.2613837,0,0,0
6194,4.705087,0.003039417,0.05458862,-0.2613837,0,0,0
6195,4.705708,0.003039417,0.05458862,-0.2613837,0,0,0
6196,4.706341,0.003039417,0.05458862,-0.2613837,0,0,0
6197,4.706998,0.003039417,0.05458862,-0.2613837,0,0,0
6198,4.70768,0.003039417,0.05458862,-0.2613837,0,0,0
6199,4.708318,0.003039417,0.05458862,-0.2613837,0,0,0
6200,4.708938,0.003039417,0.05458862,-0.2613837,0,0,0
6201,4.709762,0.003039417,0.05458862,-0.2613837,0,0,0
6202,4.710487,0.003039417,0.05458862,-0.2613837,0,0,0
6203,4.711204,0.003039417,0.05458862,-0.2613837,0,0,0
6204,4.711874,0.003039417,0.05458862,-0.2613837,0,0,0
6205,4.712494,0.003039417,0.05458862,-0.2613837,0,0,0
6206,4.713139,0.003039417,0.05458862,-0.2613837,0,0,0
6207,4.713942,0.003039417,0.05458862,-0.2613837,0,0,0
6208,4.71473,0.003039417,0.05458862,-0.2613837,0,0,0
6209,4.715428,0.003039417,0.05458862,-0.2613837,0,0,0
6210,4.716061,0.003039417,0.05458862,-0.2613837,0,0,0
6211,4.716716,0.003039417,0.05458862,-0.2613837,0,0,0
6212,4.717384,0.003039417,0.05458862,-0.2613837,0,0,0
6213,4.718018,0.003039417,0.05458862,-0.2613837,0,0,0
6214,4.718645,0.003039417,0.05458862,-0.2613837,0,0,0
6215,4.719247,0.003039417,0.05458862,-0.2613837,0,0,0
6216,4.719846,0.003039417,0.05458862,-0.2613837,0,0,0
6217,4.720468,0.003039417,0.05458862,-0.2613837,0,0,0
6218,4.721194,0.003039417,0.05458862,-0.2613837,0,0,0
6219,4.72184,0.003039417,0.05458862,-0.2613837,0,0,0
6220,4.722586,0.003039417,0.05458862,-0.2613837,0,0,0
6221,4.723248,0.003039417,0.05458862,-0.2613837,0,0,0
6222,4.723878,0.003039417,0.05458862,-0.2613837,0,0,0
6223,4.724526,0.003039417,0.05458862,-0.2613837,0,0,0
6224,4.725278,0.003039417,0.05458862,-0.2613837,0,0,0
6225,4.725954,0.003039417,0.05458862,-0.2613837,0,0,0
6226,4.726583,0.003039417,0.05458862,-0.2613837,0,0,0
6227,4.727254,0.003039417,0.05458862,-0.2613837,0,0,0
6228,4.727881,0.003039417,0.05458862,-0.2613837,0,0,0
6229,4.728603,0.003039417,0.05458862,-0.2613837,0,0,0
6230,4.729353,0.003039417,0.05458862,-0.2613837,0,0,0
6231,4.730037,0.003039417,0.05458862,-0.2613837,0,0,0
6232,4.730678,0.003039417,0.05458862,-0.2613837,0,0,0
6233,4.73132,0.003039417,0.05458862,-0.2613837,0,0,0
6234,4.731937,0.003039417,0.05458862,-0.2613837,0,0,0
6235,4.732553,0.003039417,0.05458862,-0.2613837,0,0,0
6236,4.733182,0.003039417,0.05458862,-0.2613837,0,0,0
6237,4.733789,0.003039417,0.05458862,-0.2613837,0,0,0
6238,4.734415,0.003039417,0.05458862,-0.2613837,0,0,0
6239,4.735032,0.003039417,0.05458862,-0.2613837,0,0,0
6240,4.735653,0.003039417,0.05458862,-0.2613837,0,0,0
6241,4.736269,0.003039417,0.05458862,-0.2613837,0,0,0
6242,4.736946,0.003039417,0.05458862,-0.2613837,0,0,0
6243,4.737666,0.003039417,0.05458862,-0.2613837,0,0,0
6244,4.738308,0.003039417,0.05458862,-0.2613837,0,0,0
6245,4.738949,0.003039417,0.05458862,-0.2613837,0,0,0
6246,4.739697,0.003039417,0.05458862,-0.2613837,0,0,0
6247,4.740387,0.003039417,0.05458862,-0.2613837,0,0,0
6248,4.741146,0.003039417,0.05458862,-0.2613837,0,0,0
6249,4.74178,0.003039417,0.05458862,-0.2613837,0,0,0
6250,4.742412,0.003039417,0.05458862,-0.2613837,0,0,0
6251,4.743053,0.003039417,0.05458862,-0.2613837,0,0,0
6252,4.743747,0.003039417,0.05458862,-0.2613837,0,0,0
6253,4.744536,0.003039417,0.05458862,-0.2613837,0,0,0
6254,4.745234,0.003039417,0.05458862,-0.2613837,0,0,0
6255,4.745875,0.003039417,0.05458862,-0.2613837,0,0,0
6256,4.746482,0.003039417,0.05458862,-0.2613837,0,0,0
6257,4.747084,0.003039417,0.05458862,-0.2613837,0,0,0
6258,4.747707,0.003039417,0.05458862,-0.2613837,0,0,0
6259,4.748318,0.003039417,0.05458862,-0.2613837,0,0,0
6260,4.748943,0.003039417,0.05458862,-0.2613837,0,0,0
6261,4.749552,0.003039417,0.05458862,-0.2613837,0,0,0
6262,4.750148,0.003039417,0.05458862,-0.2613837,0,0,0
6263,4.750782,0.003039417,0.05458862,-0.2613837,0,0,0
6264,4.751416,0.003039417,0.05458862,-0.2613837,0,0,0
6265,4.752037,0.003039417,0.05458862,-0.2613837,0,0,0
6266,4.752637,0.003039417,0.05458862,-0.2613837,0,0,0
6267,4.753254,0.003039417,0.05458862,-0.2613837,0,0,0
6268,4.753917,0.003039417,0.05458862,-0.2613837,0,0,0
6269,4.754589,0.003039417,0.05458862,-0.2613837,0,0,0
6270,4.755245,0.003039417,0.05458862,-0.2613837,0,0,0
6271,4.755889,0.003039417,0.05458862,-0.2613837,0,0,0
6272,4.756546,0.003039417,0.05458862,-0.2613837,0,0,0
6273,4.75721,0.003039417,0.05458862,-0.2613837,0,0,0
6274,4.757816,0.003039417,0.05458862,-0.2613837,0,0,0
6275,4.758425,0.003039417,0.05458862,-0.2613837,0,0,0
6276,4.759122,0.003039417,0.05458862,-0.2613837,0,0,0
6277,4.759773,0.003039417,0.05458862,-0.2613837,0,0,0
6278,4.760442,0.003039417,0.05458862,-0.2613837,0,0,0
6279,4.761203,0.003039417,0.05458862,-0.2613837,0,0,0
6280,4.761894,0.003039417,0.05458862,-0.2613837,0,0,0
6281,4.762537,0.003039417,0.05458862,-0.2613837,0,0,0
6282,4.76316,0.003039417,0.05458862,-0.2613837,0,0,0
6283,4.763776,0.003039417,0.05458862,-0.2613837,0,0,0
6284,4.76443,0.003039417,0.05458862,-0.2613837,0,0,0
6285,4.765099,0.003039417,0.05458862,-0.2613837,0,0,0
6286,4.765717,0.003039417,0.05458862,-0.2613837,0,0,0
6287,4.766366,0.003039417,0.05458862,-0.2613837,0,0,0
6288,4.766981,0.003039417,0.05458862,-0.2613837,0,0,0
6289,4.767607,0.003039417,0.05458862,-0.2613837,0,0,0
6290,4.768246,0.003039417,0.05458862,-0.2613837,0,0,0
6291,4.768993,0.003039417,0.05458862,-0.2613837,0,0,0
6292,4.76965,0.003039417,0.05458862,-0.2613837,0,0,0
6293,4.770311,0.003039417,0.05458862,-0.2613837,0,0,0
6294,4.770941,0.003039417,0.05458862,-0.2613837,0,0,0
6295,4.771558,0.003039417,0.05458862,-0.2613837,0,0,0
6296,4.772177,0.003039417,0.05458862,-0.2613837,0,0,0
6297,4.772794,0.003039417,0.05458862,-0.2613837,0,0,0
6298,4.773503,0.003039417,0.05458862,-0.2613837,0,0,0
6299,4.774239,0.003039417,0.05458862,-0.2613837,0,0,0
6300,4.77492,0.003039417,0.05458862,-0.2613837,0,0,0
6301,4.775553,0.003039417,0.05458862,-0.2613837,0,0,0
6302,4.776206,0.003039417,0.05458862,-0.2613837,0,0,0
6303,4.776917,0.003039417,0.05458862,-0.2613837,0,0,0
6304,4.777631,0.003039417,0.05458862,-0.2613837,0,0,0
6305,4.780262,0.003039417,0.05458862,-0.2613837,0,0,0
6306,4.781078,0.003039417,0.05458862,-0.2613837,0,0,0
6307,4.781744,0.003039417,0.05458862,-0.2613837,0,0,0
6308,4.78236,0.003039417,0.05458862,-0.2613837,0,0,0
6309,4.782974,0.003039417,0.05458862,-0.2613837,0,0,0
6310,4.783605,0.003039417,0.05458862,-0.2613837,0,0,0
6311,4.784258,0.003039417,0.05458862,-0.2613837,0,0,0
6312,4.784915,0.003039417,0.05458862,-0.2613837,0,0,0
6313,4.785559,0.003039417,0.05458862,-0.2613837,0,0,0
6314,4.786208,0.003039417,0.05458862,-0.2613837,0,0,0
6315,4.786817,0.003039417,0.05458862,-0.2613837,0,0,0
6316,4.787488,0.003039417,0.05458862,-0.2613837,0,0,0
6317,4.788233,0.003039417,0.05458862,-0.2613837,0,0,0
6318,4.788975,0.003039417,0.05458862,-0.2613837,0,0,0
6319,4.789655,0.003039417,0.05458862,-0.2613837,0,0,0
6320,4.790277,0.003039417,0.05458862,-0.2613837,0,0,0
6321,4.790929,0.003039417,0.05458862,-0.2613837,0,0,0
6322,4.791623,0.003039417,0.05458862,-0.2613837,0,0,0
6323,4.792286,0.003039417,0.05458862,-0.2613837,0,0,0
6324,4.793046,0.003039417,0.05458862,-0.2613837,0,0,0
6325,4.79381,0.003039417,0.05458862,-0.2613837,0,0,0
6326,4.794448,0.003039417,0.05458862,-0.2613837,0,0,0
6327,4.795063,0.00304329,0.05453095,-0.2613313,-0.0003170447,-0.0003170447,0.0002881939
6328,4.795927,0.00304329,0.05453095,-0.2613313,-0.0003170447,-0.0003170447,0.0002881939
6329,4.796633,0.00304329,0.05453095,-0.2613313,-0.0003170447,-0.0003170447,0.0002881939
6330,4.797313,0.00304329,0.05453095,-0.2613313,-0.0003170447,-0.0003170447,0.0002881939
6331,4.797981,0.00304329,0.05453095,-0.2613313,-0.0003170447,-0.0003170447,0.0002881939
6332,4.798637,0.00304329,0.05453095,-0.2613313,-0.0003170447,-0.0003170447,0.0002881939
6333,4.799301,0.00304329,0.05453095,-0.2613313,-0.0003170447,-0.0003170447,0.0002881939
6334,4.799933,0.00304329,0.05453095,-0.2613313,-0.0003170447,-0.0003170447,0.0002881939
6335,4.80054,0.00304329,0.05453095,-0.2613313,-0.0003170447,-0.0003170447,0.0002881939
6336,4.801287,0.00304329,0.05453095,-0.2613313,-0.0003170447,-0.0003170447,0.0002881939
6337,4.801903,0.00304329,0.05453095,-0.2613313,-0.0003170447,-0.0003170447,0.0002881939
6338,4.802517,0.00304329,0.05453095,-0.2613313,-0.0003170447,-0.0003170447,0.0002881939
6339,4.803124,0.00304329,0.05453095,-0.2613313,0,0,0
6340,4.803865,0.00304329,0.05453095,-0.2613313,0,0,0
6341,4.804603,0.00304329,0.05453095,-0.2613313,0,0,0
6342,4.805333,0.00304329,0.05453095,-0.2613313,0,0,0
6343,4.805984,0.00304329,0.05453095,-0.2613313,0,0,0
6344,4.80666,0.00304329,0.05453095,-0.2613313,0,0,0
6345,4.807316,0.00304329,0.05453095,-0.2613313,0,0,0
6346,4.807987,0.00304329,0.05453095,-0.2613313,0,0,0
6347,4.808608,0.00304329,0.05453095,-0.2613313,0,0,0
6348,4.809256,0.00304329,0.05453095,-0.2613313,0,0,0
6349,4.809957,0.00304329,0.05453095,-0.2613313,0,0,0
6350,4.810631,0.00304329,0.05453095,-0.2613313,0,0,0
6351,4.811285,0.00304329,0.05453095,-0.2613313,0,0,0
6352,4.811913,0.00304329,0.05453095,-0.2613313,0,0,0
6353,4.812539,0.00304329,0.05453095,-0.2613313,0,0,0
6354,4.813168,0.00304329,0.05453095,-0.2613313,0,0,0
6355,4.813852,0.00304329,0.05453095,-0.2613313,0,0,0
6356,4.814606,0.00304329,0.05453095,-0.2613313,0,0,0
6357,4.815328,0.00304329,0.05453095,-0.2613313,0,0,0
6358,4.815982,0.00304329,0.05453095,-0.2613313,0,0,0
6359,4.816623,0.00304329,0.05453095,-0.2613313,0,0,0
6360,4.817255,0.00304329,0.05453095,-0.2613313,0,0,0
6361,4.817878,0.00304329,0.05453095,-0.2613313,0,0,0
6362,4.818501,0.00304329,0.05453095,-0.2613313,0,0,0
6363,4.819171,0.003047163,0.05447331,-0.2612789,0,0,0
6364,4.820061,0.003047163,0.05447331,-0.2612789,-0.0005585455,-0.0005585455,0.0005082006
6365,4.820866,0.003047163,0.05447331,-0.2612789,-0.0005585455,-0.0005585455,0.0005082006
6366,4.821578,0.003047163,0.05447331,-0.2612789,-0.0005585455,-0.0005585455,0.0005082006
6367,4.822237,0.003047163,0.05447331,-0.2612789,-0.0005585455,-0.0005585455,0.0005082006
6368,4.822891,0.003047163,0.05447331,-0.2612789,-0.0005585455,-0.0005585455,0.0005082006
6369,4.823531,0.003047163,0.05447331,-0.2612789,-0.0005585455,-0.0005585455,0.0005082006
6370,4.82418,0.003047163,0.05447331,-0.2612789,-0.0005585455,-0.0005585455,0.0005082006
6371,4.824804,0.003047163,0.05447331,-0.2612789,-0.0005585455,-0.0005585455,0.0005082006
6372,4.82549,0.003047163,0.05447331,-0.2612789,-0.0005585455,-0.0005585455,0.0005082006
6373,4.826253,0.003047163,0.05447331,-0.2612789,-0.002351818,-0.002351818,0.002139835
6374,4.826932,0.003047163,0.05447331,-0.2612789,-0.002351818,-0.002351818,0.002139835
6375,4.827583,0.003047163,0.05447331,-0.2612789,-0.002351818,-0.002351818,0.002139835
6376,4.828201,0.003047163,0.05447331,-0.2612789,0,0,0
6377,4.828819,0.003047163,0.05447331,-0.2612789,0,0,0
6378,4.829423,0.003047163,0.05447331,-0.2612789,0,0,0
6379,4.830051,0.003047163,0.05447331,-0.2612789,0,0,0
6380,4.830668,0.003047163,0.05447331,-0.2612789,0,0,0
6381,4.831319,0.003047163,0.05447331,-0.2612789,0,0,0
6382,4.831951,0.003047163,0.05447331,-0.2612789,0,0,0
6383,4.832609,0.003047163,0.05447331,-0.2612789,0,0,0
6384,4.83324,0.003051039,0.0544157,-0.2612265,0,0,0
6385,4.834161,0.003051039,0.0544157,-0.2612265,0,0,0
6386,4.834815,0.003051039,0.0544157,-0.2612265,-0.002991353,-0.002991353,0.00272431
6387,4.83546,0.003051039,0.0544157,-0.2612265,-0.002991353,-0.002991353,0.00272431
6388,4.83611,0.003051039,0.0544157,-0.2612265,-0.002991353,-0.002991353,0.00272431
6389,4.836747,0.003051039,0.0544157,-0.2612265,-0.002991353,-0.002991353,0.00272431
6390,4.837382,0.003051039,0.0544157,-0.2612265,-0.002991353,-0.002991353,0.00272431
6391,4.838,0.003051039,0.0544157,-0.2612265,-0.002991353,-0.002991353,0.00272431
6392,4.838617,0.003051039,0.0544157,-0.2612265,-0.002991353,-0.002991353,0.00272431
6393,4.839261,0.003051039,0.0544157,-0.2612265,-0.002991353,-0.002991353,0.00272431
6394,4.839971,0.003053785,0.05443455,-0.2611893,-0.002991433,-0.002991433,0.002724152
6395,4.840731,0.003053785,0.05443455,-0.2611893,-0.003589132,-0.003589132,0.003435952
6396,4.841502,0.003053785,0.05443455,-0.2611893,-0.003589132,-0.003589132,0.003435952
6397,4.842122,0.003053785,0.05443455,-0.2611893,-0.003589132,-0.003589132,0.003435952
6398,4.842771,0.003053785,0.05443455,-0.2611893,-0.003589132,-0.003589132,0.003435952
6399,4.843462,0.003053785,0.05443455,-0.2611893,-0.003589132,-0.003589132,0.003435952
6400,4.844139,0.003053785,0.05443455,-0.2611893,-0.003589132,-0.003589132,0.003435952
6401,4.844794,0.003053785,0.05443455,-0.2611893,-0.003589132,-0.003589132,0.003435952
6402,4.845437,0.003053785,0.05443455,-0.2611893,-0.003589132,-0.003589132,0.003435952
6403,4.846077,0.003053785,0.05443455,-0.2611893,-0.003589132,-0.003589132,0.003435952
6404,4.846703,0.003053785,0.05443455,-0.2611893,-0.003589132,-0.003589132,0.003435952
6405,4.847303,0.003057665,0.05437699,-0.2611368,-0.003587441,-0.003587441,0.003437703
6406,4.848078,0.003057665,0.05437699,-0.2611368,-0.003587441,-0.003587441,0.003437703
6407,4.848732,0.003056531,0.05445348,-0.2611522,-0.004379785,-0.004379785,0.003995697
6408,4.849516,0.003056531,0.05445348,-0.2611522,-0.003929331,-0.003929331,0.003905594
6409,4.850151,0.003056531,0.05445348,-0.2611522,-0.003929331,-0.003929331,0.003905594
6410,4.850786,0.003060413,0.05439596,-0.2610997,-0.003927396,-0.003927396,0.003907594
6411,4.851511,0.003060413,0.05439596,-0.2610997,-0.006858146,-0.006858146,0.006583868
6412,4.852151,0.003060413,0.05439596,-0.2610997,-0.006858146,-0.006858146,0.006583868
6413,4.852845,0.003060413,0.05439596,-0.2610997,-0.006858146,-0.006858146,0.006583868
6414,4.853469,0.003059284,0.0544724,-0.2611149,-0.006858146,-0.006858146,0.006583868
6415,4.854241,0.003059284,0.0544724,-0.2611149,0.003911829,0.003911829,0.004434201
6416,4.854872,0.003059284,0.0544724,-0.2611149,0.003911829,0.003911829,0.004434201
6417,4.855482,0.003063168,0.0544149,-0.2610624,0.003911829,0.003911829,0.004434201
6418,4.856232,0.003063168,0.0544149,-0.2610624,0.003288097,0.003288097,0.005009947
6419,4.858712,0.003065926,0.0544339,-0.2610251,0.005743974,0.005743974,0.00452594
6420,4.859654,0.003065926,0.0544339,-0.2610251,0.001753464,0.001753464,0.00818234
6421,4.860353,0.003068687,0.05445293,-0.2609877,0.002263861,0.002263861,0.008732053
6422,4.861221,0.003068687,0.05445293,-0.2609877,0.002263861,0.002263861,0.008732053
6423,4.861838,0.003068687,0.05445293,-0.2609877,0.002263861,0.002263861,0.008732053
6424,4.862446,0.003071456,0.05447197,-0.2609503,0.002269268,0.002269268,0.008737348
6425,4.863183,0.003071456,0.05447197,-0.2609503,0.002270158,0.002270158,0.00874381
6426,4.863923,0.003071456,0.05447197,-0.2609503,0.001406408,0.001406408,0.01079246
6427,4.864573,0.003071456,0.05447197,-0.2609503,0.001406408,0.001406408,0.01079246
6428,4.86521,0.003074224,0.05449104,-0.2609128,0.001407374,0.001407374,0.0107996
6429,4.865991,0.003074224,0.05449104,-0.2609128,0.004463738,0.004463738,0.01303545
6430,4.866818,0.003073108,0.05456752,-0.2609279,0.004465162,0.004465162,0.0130457
6431,4.867645,0.003077001,0.05451012,-0.2608753,0.005884419,0.005884419,0.01277511
6432,4.868464,0.003080894,0.05445276,-0.2608226,0.005214259,0.005214259,0.01339026
6433,4.869188,0.003079778,0.05452928,-0.2608377,0.005224209,0.005224209,0.01340935
6434,4.869926,0.003083675,0.05447195,-0.260785,0.004804994,0.004804994,0.01465769
6435,4.870651,0.003083675,0.05447195,-0.260785,0.002432772,0.002432772,0.01683914
6436,4.871309,0.003086457,0.05449113,-0.2607473,0.003834737,0.003834737,0.01657517
6437,4.87201,0.003086457,0.05449113,-0.2607473,0.003844892,0.003844892,0.01658509
6438,4.872663,0.003086457,0.05449113,-0.2607473,-0.0009444131,-0.0009444131,0.02099304
6439,4.873311,0.003089249,0.05451034,-0.2607096,-6.381635E-06,-6.381635E-06,0.02083554
6440,4.874016,0.003088139,0.05458687,-0.2607246,-4.859699E-06,-4.859699E-06,0.02084762
6441,4.874705,0.003088139,0.05458687,-0.2607246,0.004792639,0.004792639,0.02004765
6442,4.875355,0.003092041,0.05452959,-0.2606718,0.004184171,0.004184171,0.02063193
6443,4.876153,0.00309484,0.05454886,-0.2606339,0.004198653,0.004198653,0.02065856
6444,4.876919,0.003093737,0.05462538,-0.2606488,0.005559335,0.005559335,0.02129182
6445,4.877618,0.003097641,0.05456817,-0.260596,0.006724863,0.006724863,0.02108082
6446,4.878377,0.003097641,0.05456817,-0.260596,0.006091617,0.006091617,0.02169037
6447,4.879109,0.003100447,0.0545875,-0.2605581,0.006107121,0.006107121,0.02171938
6448,4.879888,0.003103255,0.05460685,-0.2605201,0.007344372,0.007344372,0.02350299
6449,4.880693,0.003103255,0.05460685,-0.2605201,0.008668753,0.008668753,0.02369367
6450,4.881485,0.003106071,0.05462626,-0.260482,0.007394108,0.007394108,0.02533881
6451,4.882173,0.003109982,0.05456913,-0.2604291,0.007409672,0.007409672,0.02535387
6452,4.882864,0.003112803,0.05458853,-0.2603909,0.006283497,0.006283497,0.02878044
6453,4.883605,0.003112803,0.05458853,-0.2603909,0.005488609,0.005488609,0.0295178
6454,4.884286,0.003115624,0.05460805,-0.2603528,0.005202028,0.005202028,0.02959357
6455,4.885135,0.003114536,0.05468459,-0.2603675,0.005222399,0.005222399,0.02963078
6456,4.885882,0.003117368,0.05470408,-0.2603292,0.006887584,0.006887584,0.03022335
6457,4.886614,0.003121288,0.05464707,-0.2602761,0.005976843,0.005976843,0.03211868
6458,4.88733,0.003124122,0.05466662,-0.2602378,0.007792296,0.007792296,0.03227203
6459,4.888088,0.003123043,0.05474317,-0.2602524,0.007795243,0.007795243,0.03229486
6460,4.888856,0.003126964,0.05468619,-0.2601993,0.0103116,0.0103116,0.03246741
6461,4.88959,0.00312981,0.0547058,-0.2601609,0.009787134,0.009787134,0.03299414
6462,4.890344,0.003133734,0.05464889,-0.2601078,0.007378767,0.007378767,0.03475354
6463,4.891039,0.003132659,0.05472548,-0.2601223,0.007381803,0.007381803,0.03477744
6464,4.891726,0.003135511,0.05474512,-0.2600837,0.007835031,0.007835031,0.03478267
6465,4.892431,0.003138371,0.05476482,-0.260045,0.01393259,0.01393259,0.03405042
6466,4.893149,0.003138371,0.05476482,-0.260045,0.01393259,0.01393259,0.03405042
6467,4.8941,0.003145164,0.0547277,-0.2599531,0.01360662,0.01360662,0.03430217
6468,4.894855,0.003148029,0.05474752,-0.2599144,0.01104254,0.01104254,0.03708649
6469,4.895616,0.003146966,0.05482411,-0.2599288,0.01405023,0.01405023,0.03683556
6470,4.896317,0.003153777,0.05478716,-0.2598366,0.01149431,0.01149431,0.03971272
6471,4.897021,0.003153777,0.05478716,-0.2598366,0.01149431,0.01149431,0.03971272
6472,4.897649,0.003152718,0.05486377,-0.2598509,0.01114894,0.01114894,0.0398067
6473,4.898324,0.003159541,0.0548269,-0.2597586,0.0110923,0.0110923,0.04119705
6474,4.899047,0.003159541,0.0548269,-0.2597586,0.0110923,0.0110923,0.04119705
6475,4.899745,0.003165322,0.05486679,-0.2596804,0.01067033,0.01067033,0.04125453
6476,4.900556,0.003169267,0.05481018,-0.259627,0.01301555,0.01301555,0.04106971
6477,4.901522,0.003168217,0.05488679,-0.2596413,0.01113994,0.01113994,0.04253286
6478,4.902267,0.00317112,0.05490679,-0.259602,0.01370189,0.01370189,0.04197923
6479,4.902983,0.003174024,0.05492681,-0.2595627,0.01372734,0.01372734,0.04200321
6480,4.903697,0.003172983,0.05500348,-0.2595768,0.01241568,0.01241568,0.04195633
6481,4.904434,0.003179846,0.05496699,-0.2594839,0.01508552,0.01508552,0.04194316
6482,4.905202,0.003179846,0.05496699,-0.2594839,0.01511488,0.01511488,0.0419988
6483,4.905879,0.003182764,0.05498713,-0.2594445,0.01524596,0.01524596,0.04326155
6484,4.906597,0.003185685,0.05500726,-0.259405,0.01538543,0.01538543,0.04324719
6485,4.907316,0.003192571,0.05497102,-0.2593118,0.01473476,0.01473476,0.04398623
6486,4.908048,0.003192571,0.05497102,-0.2593118,0.01476138,0.01476138,0.04401107
6487,4.908673,0.003195502,0.05499126,-0.2592722,0.01408374,0.01408374,0.0449604
6488,4.909535,0.003194476,0.0550679,-0.259286,0.01394325,0.01394325,0.04504927
6489,4.910286,0.003201376,0.05503182,-0.2591927,0.0168068,0.0168068,0.04497458
6490,4.910989,0.00320432,0.05505212,-0.2591529,0.01683802,0.01683802,0.04503389
6491,4.911703,0.00320432,0.05505212,-0.2591529,0.01614575,0.01614575,0.04609136
6492,4.912324,0.003210222,0.05509286,-0.259073,0.0172073,0.0172073,0.04597039
6493,4.913037,0.003210222,0.05509286,-0.259073,0.01723508,0.01723508,0.04599617
6494,4.913685,0.003213174,0.05511327,-0.2590331,0.0152908,0.0152908,0.04773472
6495,4.914384,0.003216136,0.05513369,-0.258993,0.01853364,0.01853364,0.04614083
6496,4.915103,0.003219102,0.05515417,-0.2589529,0.01856561,0.01856561,0.04620201
6497,4.9158,0.003222068,0.05517466,-0.2589128,0.01997626,0.01997626,0.04719379
6498,4.916505,0.003225042,0.05519518,-0.2588725,0.02021388,0.02021388,0.04750348
6499,4.917219,0.003228019,0.05521573,-0.2588322,0.01894202,0.01894202,0.04883021
6500,4.9181,0.003231001,0.05523631,-0.2587919,0.01894202,0.01894202,0.04883021
6501,4.918902,0.003233986,0.0552569,-0.2587515,0.02124041,0.02124041,0.0478154
6502,4.919618,0.003233986,0.0552569,-0.2587515,0.02063746,0.02063746,0.04866438
6503,4.920245,0.003239969,0.05529819,-0.2586706,0.02048901,0.02048901,0.04886898
6504,4.921211,0.003239969,0.05529819,-0.2586706,0.02049322,0.02049322,0.0489065
6505,4.922026,0.003246955,0.05526288,-0.2585761,0.02222132,0.02222132,0.04872078
6506,4.922827,0.003248972,0.05536038,-0.2585488,0.01881531,0.01881531,0.05072235
6507,4.923634,0.003251982,0.05538115,-0.2585081,0.0225255,0.0225255,0.05028374
6508,4.924373,0.003258992,0.05534606,-0.2584133,0.02115993,0.02115993,0.05170444
6509,4.925108,0.003258992,0.05534606,-0.2584133,0.02119515,0.02119515,0.05177178
6510,4.925786,0.003262011,0.05536689,-0.2583724,0.01957687,0.01957687,0.05203611
6511,4.926509,0.003264061,0.05546449,-0.2583447,0.01941297,0.01941297,0.05196059
6512,4.927251,0.003271093,0.05542964,-0.2582496,0.02309502,0.02309502,0.05193814
6513,4.927985,0.003271093,0.05542964,-0.2582496,0.02312606,0.02312606,0.05196637
6514,4.928654,0.00327413,0.05545063,-0.2582085,0.0223937,0.0223937,0.05299305
6515,4.929492,0.003277173,0.05547161,-0.2581673,0.02151721,0.02151721,0.05201332
6516,4.930265,0.003279255,0.0555694,-0.2581391,0.02372487,0.02372487,0.05263294
6517,4.933756,0.003295498,0.05559823,-0.2579194,0.02213867,0.02213867,0.05460716
6518,4.934503,0.003298567,0.0556194,-0.2578779,0.02285289,0.02285289,0.05483691
6519,4.935213,0.00330164,0.05564061,-0.2578363,0.02289366,0.02289366,0.0549479
6520,4.935913,0.003304718,0.05566189,-0.2577946,0.02301568,0.02301568,0.05560193
6521,4.936628,0.003308741,0.05560641,-0.2577402,0.02301568,0.02301568,0.05560193
6522,4.937402,0.003310883,0.05570447,-0.2577113,0.02337488,0.02337488,0.05566554
6523,4.938211,0.003318001,0.05567041,-0.257615,0.02362703,0.02362703,0.05613815
6524,4.93904,0.003317066,0.05574717,-0.2576276,0.0236642,0.0236642,0.0562094
6525,4.941752,0.003333516,0.05577765,-0.2574051,0.0249697,0.0249697,0.05717673
6526,4.942647,0.003336634,0.05579917,-0.2573629,0.02512505,0.02512505,0.0580582
6527,4.943495,0.003335711,0.05587602,-0.2573754,0.02512505,0.02512505,0.0580582
6528,4.94421,0.003342876,0.05584231,-0.2572784,0.02458386,0.02458386,0.05806116
6529,4.944922,0.003346002,0.05586395,-0.2572362,0.02673957,0.02673957,0.05769373
6530,4.945742,0.003348225,0.05596241,-0.2572061,0.02529406,0.02529406,0.05892278
6531,4.946503,0.003352272,0.05590728,-0.2571513,0.0253285,0.0253285,0.05895316
6532,4.94721,0.003354507,0.05600579,-0.2571211,0.02549581,0.02549581,0.05948189
6533,4.947944,0.003357653,0.05602755,-0.2570786,0.02757553,0.02757553,0.05862202
6534,4.948674,0.003360803,0.05604929,-0.2570359,0.027227,0.027227,0.05902861
6535,4.949367,0.003363958,0.05607106,-0.2569933,0.02726156,0.02726156,0.05905884
6536,4.950091,0.003371173,0.05603789,-0.2568956,0.02600144,0.02600144,0.06066366
6537,4.950838,0.003374337,0.05605976,-0.2568528,0.028079,0.028079,0.06024445
6538,4.951638,0.003377505,0.0560817,-0.25681,0.02960113,0.02960113,0.06043037
6539,4.952368,0.003380679,0.0561036,-0.256767,0.02964057,0.02964057,0.06050711
6540,4.953064,0.003382971,0.05620241,-0.256736,0.02645862,0.02645862,0.06185624
6541,4.953979,0.003387035,0.05614753,-0.2566811,0.02939546,0.02939546,0.06102376
6542,4.954803,0.003306184,0.05624643,-0.2566509,0.02801788,0.02801788,0.06206295
6543,4.955545,0.003313475,0.05621365,-0.2565527,0.027067,0.027067,0.06300966
6544,4.956263,0.003316683,0.05623573,-0.2565095,0.0271072,0.0271072,0.0630867
6545,4.956966,0.0033199,0.05625789,-0.2564662,0.02768735,0.02768735,0.06365921
6546,4.957713,0.003322248,0.05635689,-0.2564346,0.03062155,0.03062155,0.06290466
6547,4.958461,0.003326341,0.0563022,-0.2563794,0.03066199,0.03066199,0.0629833
6548,4.959236,0.0033328,0.05634664,-0.2562924,0.0312719,0.0312719,0.06324755
6549,4.959977,0.003336035,0.05636892,-0.2562489,0.0311585,0.0311585,0.06526063
6550,4.960688,0.003338418,0.05646811,-0.2562168,0.02932353,0.02932353,0.06566731
6551,4.961561,0.003345766,0.0564359,-0.2561178,0.0303012,0.0303012,0.06714462
6552,4.962295,0.003349019,0.05645825,-0.256074,0.03034361,0.03034361,0.06722627
6553,4.963003,0.003348167,0.05653515,-0.2560855,0.03022387,0.03022387,0.0669661
6554,4.963728,0.003254157,0.05650309,-0.2559876,0.03066594,0.03066594,0.06709449
6555,4.96446,0.003257438,0.05652556,-0.2559436,0.03070817,0.03070817,0.06717595
6556,4.965175,0.003264011,0.05657054,-0.2558556,0.0322982,0.0322982,0.06823114
6557,4.965899,0.003267308,0.05659311,-0.2558114,0.03130966,0.03130966,0.06836977
6558,4.966622,0.003269768,0.05669262,-0.2557784,0.03229594,0.03229594,0.07066824
6559,4.96733,0.003273071,0.05671518,-0.2557342,0.03234006,0.03234006,0.07075336
6560,4.968052,0.003280523,0.05668354,-0.2556344,0.03537579,0.03537579,0.07043728
6561,4.968754,0.003283835,0.05670625,-0.25559,0.03492226,0.03492226,0.07109714
6562,4.969629,0.003290477,0.05675167,-0.255501,0.03677769,0.03677769,0.07280412
6563,4.970369,0.003289651,0.05682862,-0.2555121,0.03678157,0.03678157,0.07285801
6564,4.97112,0.003300464,0.05682008,-0.2553672,0.03724472,0.03724472,0.07353155
6565,4.971928,0.003304619,0.05676599,-0.2553115,0.03748568,0.03748568,0.07322354
6566,4.972698,0.003307146,0.05686581,-0.2552777,0.03870374,0.03870374,0.07397598
6567,4.973403,0.003310491,0.05688871,-0.2552329,0.03874974,0.03874974,0.0740663
6568,4.97415,0.003317197,0.05693462,-0.255143,0.03981034,0.03981034,0.07407924
6569,4.974888,0.003320556,0.05695759,-0.255098,0.03741249,0.03741249,0.07744773
6570,4.975616,0.003327284,0.05700368,-0.2550079,0.03757974,0.03757974,0.07738324
6571,4.976306,0.003330656,0.0570267,-0.2549627,0.03767461,0.03767461,0.07756747
6572,4.977033,0.003338201,0.056996,-0.2548617,0.03808247,0.03808247,0.07880068
6573,4.977886,0.003341579,0.05701916,-0.2548164,0.03694379,0.03694379,0.08020077
6574,4.978623,0.003347569,0.0571425,-0.2547361,0.04026229,0.04026229,0.07886577
6575,4.979312,0.003351744,0.05708876,-0.2546802,0.04030671,0.04030671,0.07890247
6576,4.980035,0.003357765,0.05721231,-0.2545995,0.03692503,0.03692503,0.08108565
6577,4.98087,0.003361944,0.05715866,-0.2545435,0.0457552,0.0457552,0.07993151
6578,4.981588,0.003368768,0.05720535,-0.2544521,0.04102516,0.04102516,0.08252028
6579,4.982284,0.003372184,0.05722877,-0.2544064,0.04112118,0.04112118,0.08265519
6580,4.982973,0.003375605,0.05725221,-0.2543605,0.03963455,0.03963455,0.08416864
6581,4.98369,0.003381701,0.05737613,-0.2542789,0.04342001,0.04342001,0.08367598
6582,4.984387,0.003381701,0.05737613,-0.2542789,0.04347031,0.04347031,0.08377476
6583,4.9852,0.003392769,0.05736977,-0.2541306,0.04364894,0.04364894,0.08385403
6584,4.985947,0.003395466,0.05747038,-0.2540945,0.04086466,0.04086466,0.08701185
6585,4.986679,0.003296432,0.05749395,-0.2540496,0.04520392,0.04520392,0.08601066
6586,4.987427,0.003304132,0.05746432,-0.253947,0.0453032,0.0453032,0.08615037
6587,4.988161,0.003311095,0.05751176,-0.2538542,0.04156052,0.04156052,0.08871122
6588,4.988863,0.003314583,0.05753553,-0.2538078,0.04340328,0.04340328,0.08861145
6589,4.989608,0.003320837,0.05766013,-0.2537244,0.04374539,0.04374539,0.08957949
6590,4.990336,0.003324339,0.057684,-0.2536778,0.04379807,0.04379807,0.08968173
6591,4.991075,0.00333208,0.05765475,-0.2535746,0.04437464,0.04437464,0.09119964
6592,4.991799,0.003334871,0.05775568,-0.2535374,0.04414595,0.04414595,0.09110934
6593,4.992516,0.00333911,0.05770263,-0.2534809,0.04419923,0.04419923,0.09121256
6594,4.993228,0.003345438,0.05782762,-0.2533966,0.04432792,0.04432792,0.09153023
6595,4.99394,0.003348969,0.05785164,-0.2533496,0.04779794,0.04779794,0.09203991
6596,4.994644,0.003356041,0.05789982,-0.2532553,0.04526471,0.04526471,0.09326056
6597,4.995374,0.003359585,0.05792394,-0.2532081,0.04531881,0.04531881,0.09336525
6598,4.996206,0.003365984,0.05804929,-0.2531228,0.04637618,0.04637618,0.09297981
6599,4.99705,0.003378053,0.05796792,-0.2529621,0.05196365,0.05196365,0.09292646
6600,4.997849,0.003380925,0.05806923,-0.2529238,0.04659772,0.04659772,0.09472572
6601,4.998641,0.003388072,0.05811788,-0.2528285,0.04627416,0.04627416,0.09579107
6602,4.999478,0.003391649,0.05814226,-0.2527809,0.04638105,0.04638105,0.09593835
6603,5.00041,0.003301054,0.05813847,-0.2526298,0.04631398,0.04631398,0.09636211
6604,5.00133,0.003304667,0.05816293,-0.252582,0.04637125,0.04637125,0.09653314
6605,5.002084,0.00331123,0.05828902,-0.252495,0.04726879,0.04726879,0.09795664
6606,5.002875,0.003319153,0.05826111,-0.25239,0.05285323,0.05285323,0.09762614
6607,5.003708,0.003322121,0.05836277,-0.2523506,0.04978046,0.04978046,0.09786712
6608,5.00448,0.003325759,0.05838741,-0.2523024,0.0498381,0.0498381,0.09804203
6609,5.005225,0.003333046,0.05843677,-0.2522058,0.05011293,0.05011293,0.09875541
6610,5.005948,0.003340352,0.05848622,-0.252109,0.05169043,0.05169043,0.09847228
6611,5.006696,0.003347671,0.05853581,-0.252012,0.05284506,0.05284506,0.09866004
6612,5.007384,0.003351985,0.05848359,-0.2519549,0.0529537,0.0529537,0.0988103
6613,5.008121,0.003358686,0.05861036,-0.251866,0.05247537,0.05247537,0.09972687
6614,5.009017,0.003363,0.05855823,-0.2518089,0.05311671,0.05311671,0.09989534
6615,5.009792,0.003369732,0.05868518,-0.2517197,0.05216609,0.05216609,0.1019202
6616,5.010568,0.003381439,0.05868316,-0.2515645,0.05242663,0.05242663,0.100999
6617,5.01138,0.003380814,0.05876024,-0.2515728,0.05248435,0.05248435,0.1011769
6618,5.012096,0.003392552,0.05875847,-0.2514172,0.05399569,0.05399569,0.1022177
6619,5.012873,0.003290328,0.05883551,-0.2514268,0.05125728,0.05125728,0.1029251
6620,5.01363,0.003297799,0.05888584,-0.2513283,0.05356703,0.05356703,0.102724
6621,5.01438,0.003305899,0.05885926,-0.2512215,0.05362336,0.05362336,0.1028346
6622,5.015213,0.003312795,0.05898686,-0.2511306,0.05134223,0.05134223,0.1040977
6623,5.015957,0.003316553,0.05901217,-0.2510811,0.05454616,0.05454616,0.1041098
6624,5.016701,0.003324081,0.05906287,-0.2509819,0.05523194,0.05523194,0.1034284
6625,5.017432,0.003327851,0.05908827,-0.2509322,0.05534459,0.05534459,0.1036505
6626,5.018127,0.003335405,0.05913916,-0.2508326,0.05364609,0.05364609,0.1049353
6627,5.018822,0.003339187,0.05916463,-0.2507827,0.05512709,0.05512709,0.1041309
6628,5.019541,0.003347344,0.0591386,-0.2506752,0.05583308,0.05583308,0.1045392
6629,5.020245,0.003350559,0.05924122,-0.2506328,0.05589076,0.05589076,0.1047204
6630,5.021179,0.003358156,0.05929241,-0.2505327,0.0545014,0.0545014,0.1057479
6631,5.021955,0.003361963,0.05931807,-0.2504825,0.0551199,0.0551199,0.1055231
6632,5.02272,0.003369588,0.05936939,-0.250382,0.05393558,0.05393558,0.1067847
6633,5.025436,0.003392557,0.05952415,-0.2500792,0.05408017,0.05408017,0.1067151
6634,5.026289,0.003400245,0.05957592,-0.2499779,0.05629475,0.05629475,0.1062931
6635,5.027097,0.003408493,0.05955069,-0.2498692,0.05600544,0.05600544,0.1072941
6636,5.027879,0.003416209,0.05960271,-0.2497674,0.05375101,0.05375101,0.1089436
6637,5.028598,0.00342007,0.05962877,-0.2497165,0.05386472,0.05386472,0.1090961
6638,5.029309,0.00342781,0.05968091,-0.2496145,0.05617425,0.05617425,0.1082953
6639,5.030101,0.003431155,0.05978413,-0.2495704,0.0550781,0.0550781,0.1083385
6640,5.03085,0.003439447,0.05975935,-0.2494611,0.05472451,0.05472451,0.1085042
6641,5.031549,0.003447746,0.0597347,-0.2493517,0.05483712,0.05483712,0.1086552
6642,5.032238,0.003451639,0.05976094,-0.2493004,0.05499724,0.05499724,0.1094075
6643,5.032973,0.00345502,0.05986431,-0.2492558,0.05561252,0.05561252,0.1090856
6644,5.033669,0.00346334,0.05983987,-0.2491462,0.05566892,0.05566892,0.1091959
6645,5.034394,0.003370545,0.05989259,-0.2490444,0.05419347,0.05419347,0.1094168
6646,5.035131,0.003374482,0.05991901,-0.2489928,0.05329673,0.05329673,0.1104455
6647,5.035963,0.003382367,0.05997191,-0.2488894,0.05310419,0.05310419,0.1097038
6648,5.036723,0.003385816,0.06007548,-0.2488442,0.05321683,0.05321683,0.1098528
6649,5.037546,0.003393732,0.06012857,-0.2487404,0.05331833,0.05331833,0.1111118
6650,5.038286,0.003402644,0.06002757,-0.2486236,0.05359823,0.05359823,0.1110786
6651,5.039002,0.003406119,0.06013128,-0.248578,0.05291568,0.05291568,0.1107117
6652,5.039711,0.003414556,0.0601075,-0.2484674,0.05302824,0.05302824,0.1109281
6653,5.04045,0.003422514,0.06016096,-0.248363,0.04763978,0.04763978,0.1127894
6654,5.041405,0.003330675,0.06013742,-0.2482536,0.04812758,0.04812758,0.1125034
6655,5.042335,0.003338227,0.06026813,-0.2481551,0.04588398,0.04588398,0.1137909
6656,5.043122,0.003342724,0.06021792,-0.2480964,0.04810185,0.04810185,0.1131694
6657,5.043959,0.003354808,0.06029865,-0.2479388,0.04694885,0.04694885,0.1139974
6658,5.044743,0.003258665,0.06032562,-0.2478876,0.04694679,0.04694679,0.1141277
6659,5.045477,0.003266793,0.06037965,-0.2477821,0.05019976,0.05019976,0.1140703
6660,5.046162,0.003270863,0.0604067,-0.2477293,0.04855132,0.04855132,0.1143174
6661,5.046887,0.003279013,0.06046088,-0.2476236,0.04866596,0.04866596,0.1144644
6662,5.04773,0.003283095,0.060488,-0.2475706,0.04679984,0.04679984,0.1154824
6663,5.04848,0.003195857,0.06049249,-0.247407,0.04730472,0.04730472,0.1161004
6664,5.049222,0.003199974,0.06051971,-0.2473539,0.04710898,0.04710898,0.1160768
6665,5.049947,0.003208659,0.06049716,-0.2472418,0.04588421,0.04588421,0.116835
6666,5.050671,0.003112888,0.06052452,-0.2471898,0.04594164,0.04594164,0.1169454
6667,5.051379,0.003125354,0.0606066,-0.2470298,0.04561312,0.04561312,0.1173145
6668,5.052103,0.00312995,0.06055695,-0.2469708,0.0452435,0.0452435,0.1176571
6669,5.05293,0.003138282,0.06061187,-0.2468638,0.04340663,0.04340663,0.1186374
6670,5.053634,0.003142455,0.06063935,-0.2468103,0.04346446,0.04346446,0.1187421
6671,5.05448,0.003155418,0.06064495,-0.2466438,0.04349327,0.04349327,0.1187845
6672,5.05524,0.003154994,0.06072198,-0.2466493,0.04349134,0.04349134,0.118848
6673,5.056026,0.003068377,0.06072783,-0.2464838,0.04005362,0.04005362,0.121251
6674,5.056737,0.003072597,0.06075552,-0.2464299,0.04011003,0.04011003,0.1214175
6675,5.057501,0.003081047,0.06081095,-0.246322,0.03997692,0.03997692,0.1228198
6676,5.058234,0.003089919,0.06078944,-0.2462086,0.04048396,0.04048396,0.1216825
6677,5.0591,0.003103045,0.06079592,-0.246041,0.03887416,0.03887416,0.1232047
6678,5.059796,0.003007941,0.06082381,-0.245988,0.03899227,0.03899227,0.1234179
6679,5.06052,0.003016888,0.06080264,-0.2458743,0.03798034,0.03798034,0.1237953
6680,5.061381,0.003030127,0.0608096,-0.2457061,0.03831063,0.03831063,0.1255927
6681,5.062082,0.003034415,0.06083761,-0.2456517,0.03837053,0.03837053,0.125697
6682,5.062825,0.003042999,0.06089383,-0.2455426,0.0360957,0.0360957,0.1262835
6683,5.063581,0.003047685,0.0608449,-0.2454831,0.03596254,0.03596254,0.1281739
6684,5.064285,0.002961815,0.06085245,-0.2453154,0.03411678,0.03411678,0.1287496
6685,5.065002,0.002966146,0.06088068,-0.2452606,0.03411384,0.03411384,0.1288104
6686,5.065727,0.002970481,0.06090893,-0.2452058,0.03288511,0.03288511,0.1289461
6687,5.066451,0.002983885,0.06091684,-0.2450364,0.03248196,0.03248196,0.1306587
6688,5.067161,0.002988235,0.06094524,-0.2449814,0.03254343,0.03254343,0.1307621
6689,5.067864,0.002996946,0.06100205,-0.2448713,0.03124174,0.03124174,0.1324602
6690,5.068707,0.003006036,0.06098191,-0.2447564,0.02877526,0.02877526,0.1327564
6691,5.069468,0.002915962,0.06103894,-0.2446472,0.02710221,0.02710221,0.135572
6692,5.070184,0.002925118,0.06101903,-0.244532,0.02722891,0.02722891,0.1357784
6693,5.070912,0.002933927,0.06107627,-0.2444213,0.02928113,0.02928113,0.1359073
6694,5.071723,0.002943101,0.06105663,-0.2443059,0.02916552,0.02916552,0.1361659
6695,5.072513,0.002951936,0.06111404,-0.2441948,0.0301719,0.0301719,0.1361895
6696,5.073358,0.002965902,0.06104641,-0.2440192,0.03014063,0.03014063,0.1372473
6697,5.074104,0.002871715,0.06107526,-0.2439646,0.03014063,0.03014063,0.1372527
6698,5.074825,0.002885437,0.06108496,-0.243793,0.02428363,0.02428363,0.1412943
6699,5.075605,0.002890239,0.06103691,-0.2437329,0.0261186,0.0261186,0.140301
6700,5.076471,0.002903989,0.06104691,-0.2435608,0.02191581,0.02191581,0.1425421
6701,5.077227,0.002908465,0.06107596,-0.2435048,0.02205121,0.02205121,0.1426906
6702,5.07803,0.002922247,0.0610863,-0.2433324,0.02081758,0.02081758,0.1440031
6703,5.07883,0.002931554,0.06106764,-0.243216,0.02093119,0.02093119,0.1449379
6704,5.079625,0.002940548,0.0611261,-0.2431034,0.02064265,0.02064265,0.1444505
6705,5.080431,0.002856241,0.06113702,-0.2429315,0.0201585,0.0201585,0.146311
6706,5.084188,0.002898401,0.06109419,-0.2424067,0.0166887,0.0166887,0.1505207
6707,5.084936,0.002912393,0.06110609,-0.2422325,0.01659624,0.01659624,0.1519315
6708,5.085665,0.002824022,0.06108847,-0.2421161,0.01563756,0.01563756,0.1544225
6709,5.086439,0.002833223,0.06114793,-0.2420022,0.01642385,0.01642385,0.1516026
6710,5.087163,0.00284273,0.06113052,-0.2418844,0.01656598,0.01656598,0.1517518
6711,5.087985,0.002851957,0.06119019,-0.2417701,0.01498911,0.01498911,0.1548747
6712,5.088698,0.002861486,0.06117302,-0.2416521,0.01378221,0.01378221,0.1550077
6713,5.089444,0.002875934,0.06110902,-0.2414732,0.01511138,0.01511138,0.1543794
6714,5.090277,0.002880565,0.06113902,-0.2414158,0.01525564,0.01525564,0.1545291
6715,5.09116,0.002894757,0.06115228,-0.24124,0.01198069,0.01198069,0.1561446
6716,5.091928,0.002811796,0.06108886,-0.2410618,0.01325261,0.01325261,0.1564449
6717,5.092656,0.002821421,0.06107239,-0.2409431,0.01278537,0.01278537,0.1565438
6718,5.093359,0.002830783,0.06113288,-0.2408278,0.01154906,0.01154906,0.1583856
6719,5.09409,0.002835472,0.06116314,-0.24077,0.01162549,0.01162549,0.1584334
6720,5.094822,0.002757869,0.06105395,-0.24053,0.01035895,0.01035895,0.1584975
6721,5.095557,0.002762332,0.06116121,-0.2404753,0.0103593,0.0103593,0.160883
6722,5.09631,0.002777038,0.06109893,-0.2402949,0.01141443,0.01141443,0.1606904
6723,5.097098,0.002782032,0.06105258,-0.2402337,0.01149181,0.01149181,0.1607383
6724,5.09793,0.002796259,0.06114432,-0.2400592,0.01004778,0.01004778,0.1614448
6725,5.098645,0.002801254,0.06109808,-0.239998,0.009340018,0.009340018,0.1617803
6726,5.099347,0.002815765,0.06111328,-0.2398201,0.008358672,0.008358672,0.1618907
6727,5.100088,0.002820525,0.06114402,-0.2397617,0.0084365,0.0084365,0.1619384
6728,5.101066,0.002835303,0.06108272,-0.2395805,0.006382292,0.006382292,0.1627759
6729,5.101871,0.002753112,0.06109849,-0.2394031,0.005988862,0.005988862,0.1642308
6730,5.102603,0.002762954,0.06108353,-0.239283,0.006028561,0.006028561,0.1655793
6731,5.103297,0.002772808,0.06106868,-0.2391628,0.004704997,0.004704997,0.1653643
6732,5.10407,0.002777622,0.06109971,-0.2391041,0.004778071,0.004778071,0.1654635
6733,5.104823,0.002797362,0.06107044,-0.2388632,0.003103293,0.003103293,0.1658467
6734,5.105539,0.002802413,0.0610248,-0.2388016,0.004471449,0.004471449,0.1664279
6735,5.106374,0.002817132,0.06104162,-0.238622,0.0006944606,0.0006944606,0.1677999
6736,5.107087,0.002821971,0.06107292,-0.238563,0.0007683008,0.0007683008,0.1678976
6737,5.107904,0.002740631,0.06101328,-0.2383815,0.002969351,0.002969351,0.1676674
6738,5.108672,0.002750595,0.06099924,-0.2382605,0.0001930075,0.0001930075,0.1683074
6739,5.109401,0.00276566,0.06094004,-0.2380776,0.0003475118,0.0003475118,0.1688366
6740,5.111992,0.00277034,0.06104834,-0.2380208,0.0005024433,0.0005024433,0.1689818
6741,5.112884,0.002719518,0.06094922,-0.2374742,-0.002167837,-0.002167837,0.1698263
6742,5.113607,0.002724457,0.06098102,-0.2374145,-0.000763354,-0.000763354,0.1715362
6743,5.114356,0.002739675,0.06092297,-0.2372306,-0.004641828,-0.004641828,0.1723819
6744,5.115063,0.002749767,0.06090999,-0.2371087,-0.004566461,-0.004566461,0.1724768
6745,5.115891,0.002764825,0.06092915,-0.2369268,-0.002698055,-0.002698055,0.1718176
6746,5.116714,0.002769973,0.06088443,-0.2368646,-0.002136273,-0.002136273,0.1717435
6747,5.117465,0.00278524,0.06082718,-0.2366802,-0.004435027,-0.004435027,0.1738718
6748,5.118166,0.002795364,0.06081472,-0.2365579,-0.004276339,-0.004276339,0.1740148
6749,5.119024,0.002805323,0.0608791,-0.2364375,-0.005755121,-0.005755121,0.1740707
6750,5.119781,0.002815466,0.06086685,-0.236315,-0.007447996,-0.007447996,0.1740565
6751,5.120555,0.002830785,0.06081039,-0.2361299,-0.006358247,-0.006358247,0.1753219
6752,5.121548,0.002750767,0.06075411,-0.2359459,-0.00988745,-0.00988745,0.1753361
6753,5.122314,0.002755794,0.06078655,-0.2358854,-0.009811194,-0.009811194,0.1754276
6754,5.123069,0.002771058,0.06080736,-0.2357019,-0.007862772,-0.007862772,0.176382
6755,5.123928,0.002786507,0.06075169,-0.2355162,-0.00825867,-0.00825867,0.1769226
6756,5.124685,0.00279676,0.06074032,-0.2353929,-0.01016195,-0.01016195,0.1768936
6757,5.125466,0.002807021,0.06072903,-0.2352696,-0.010632,-0.010632,0.1783644
6758,5.126233,0.002817289,0.06071785,-0.2351461,-0.01055475,-0.01055475,0.1784558
6759,5.127037,0.002832631,0.06073965,-0.2349617,-0.009606164,-0.009606164,0.1775557
6760,5.127821,0.002837851,0.06069587,-0.2348989,-0.01073677,-0.01073677,0.1788717
6761,5.128604,0.002853365,0.06064132,-0.2347124,-0.00978429,-0.00978429,0.1787362
6762,5.129392,0.002868752,0.06066372,-0.2345274,-0.01181416,-0.01181416,0.1795669
6763,5.130218,0.00287921,0.06057656,-0.2344017,-0.01165161,-0.01165161,0.1797054
6764,5.131029,0.002894626,0.06059936,-0.2342164,-0.01203158,-0.01203158,0.1808325
6765,5.131771,0.002899859,0.06055589,-0.2341535,-0.01193183,-0.01193183,0.1801223
6766,5.132522,0.002915302,0.06057902,-0.2339678,-0.01313861,-0.01313861,0.1810469
6767,5.133329,0.002925785,0.0604924,-0.2338418,-0.01305284,-0.01305284,0.1810949
6768,5.134075,0.002936012,0.06055914,-0.2337189,-0.01404312,-0.01404312,0.1803753
6769,5.134778,0.002946378,0.06054941,-0.2335942,-0.01382289,-0.01382289,0.1815624
6770,5.135545,0.00296188,0.06057325,-0.2334079,-0.01611703,-0.01611703,0.1832897
6771,5.136381,0.002977644,0.06044418,-0.2332184,-0.01374841,-0.01374841,0.1826976
6772,5.137172,0.002888583,0.06047782,-0.2331578,-0.01358373,-0.01358373,0.1828276
6773,5.137956,0.002904319,0.06042567,-0.2329696,-0.01472424,-0.01472424,0.1833322
6774,5.13868,0.002914783,0.06041664,-0.2328444,-0.01787668,-0.01787668,0.1843063
6775,5.139408,0.002930544,0.06036492,-0.2326558,-0.01525918,-0.01525918,0.1842749
6776,5.140168,0.002935727,0.06039877,-0.2325938,-0.01518024,-0.01518024,0.1843621
6777,5.141063,0.002956704,0.06038138,-0.2323429,-0.01542716,-0.01542716,0.1845814
6778,5.141993,0.002967307,0.06029631,-0.232216,-0.01687497,-0.01687497,0.1858951
6779,5.142816,0.002977812,0.06028795,-0.2320903,-0.01793515,-0.01793515,0.1853341
6780,5.143602,0.002993636,0.06023727,-0.231901,-0.01779352,-0.01779352,0.186029
6781,5.144345,0.003009372,0.06026343,-0.2317128,-0.01773104,-0.01773104,0.1861182
6782,5.145074,0.00301459,0.06029764,-0.2316504,-0.01756371,-0.01756371,0.1862505
6783,5.145897,0.00303577,0.06020549,-0.231397,-0.01673534,-0.01673534,0.186647
6784,5.146733,0.003041001,0.0602399,-0.2313344,-0.01949887,-0.01949887,0.1881885
6785,5.147544,0.003056884,0.06019026,-0.2311444,-0.01922005,-0.01922005,0.1875643
6786,5.148296,0.003067452,0.06018284,-0.2310179,-0.01905179,-0.01905179,0.1876957
6787,5.149029,0.003078029,0.06017548,-0.2308914,-0.01838988,-0.01838988,0.1878744
6788,5.149727,0.00308861,0.06016833,-0.2307648,-0.01851306,-0.01851306,0.1878775
6789,5.150499,0.003104461,0.06019591,-0.2305752,-0.01729773,-0.01729773,0.1890061
6790,5.151415,0.003120407,0.06014737,-0.2303844,-0.01897738,-0.01897738,0.1887674
6791,5.152133,0.003131094,0.06006415,-0.2302566,-0.0187997,-0.0187997,0.1888606
6792,5.152887,0.003147064,0.06001596,-0.2300655,-0.01889862,-0.01889862,0.1893069
6793,5.153646,0.003152339,0.06005096,-0.2300024,-0.01988932,-0.01988932,0.1899654
6794,5.154417,0.003168259,0.0600796,-0.2298119,-0.01824701,-0.01824701,0.1902122
6795,5.155163,0.003178971,0.05999693,-0.2296838,-0.01815761,-0.01815761,0.1902584
6796,5.155931,0.003194916,0.06002596,-0.229493,-0.01834817,-0.01834817,0.1904197
6797,5.1567,0.003200218,0.06006122,-0.2294296,-0.01825875,-0.01825875,0.1904658
6798,5.157488,0.003216251,0.06001419,-0.2292378,-0.01817544,-0.01817544,0.1907463
6799,5.158208,0.003226927,0.06000844,-0.2291101,-0.01873102,-0.01873102,0.1912198
6800,5.158936,0.003237562,0.0600792,-0.2289828,-0.01839016,-0.01839016,0.1911274
6801,5.159718,0.003248305,0.05999731,-0.2288543,-0.01830956,-0.01830956,0.1912094
6802,5.160493,0.003264382,0.05995108,-0.228662,-0.01712783,-0.01712783,0.1911548
6803,5.161397,0.003280427,0.0599815,-0.22847,-0.01777252,-0.01777252,0.191857
6804,5.162137,0.003285808,0.05994077,-0.2284056,-0.01640268,-0.01640268,0.1916854
6805,5.162838,0.00330192,0.05989514,-0.2282129,-0.01793583,-0.01793583,0.1928846
6806,5.163591,0.003312654,0.0598903,-0.2280845,-0.01785472,-0.01785472,0.192966
6807,5.164333,0.003328787,0.05984513,-0.2278915,-0.01671503,-0.01671503,0.1916237
6808,5.165046,0.003339539,0.0598406,-0.2277628,-0.01719324,-0.01719324,0.19309
6809,5.165832,0.003350263,0.05991252,-0.2276345,-0.01757392,-0.01757392,0.1933864
6810,5.166779,0.003361062,0.05983189,-0.2275054,-0.01748339,-0.01748339,0.1934312
6811,5.16759,0.00337721,0.05986379,-0.2273122,-0.01512813,-0.01512813,0.1922998
6812,5.168447,0.003387995,0.05985978,-0.2271831,-0.01596458,-0.01596458,0.1923408
6813,5.169202,0.003398786,0.05985585,-0.227054,-0.01352035,-0.01352035,0.191894
6814,5.169998,0.003414997,0.05981207,-0.2268601,-0.01363857,-0.01363857,0.1931178
6815,5.170746,0.00342039,0.05984837,-0.2267956,-0.01355807,-0.01355807,0.1931985
6816,5.171581,0.003442025,0.05984135,-0.2265368,-0.01437754,-0.01437754,0.1922936
6817,5.172394,0.003452853,0.05983801,-0.2264072,-0.01395397,-0.01395397,0.1940947
6818,5.173146,0.003463686,0.05983481,-0.2262776,-0.01377427,-0.01377427,0.1930393
6819,5.173914,0.003479954,0.05979201,-0.226083,-0.01091009,-0.01091009,0.1932185
6820,5.17463,0.003485377,0.05982868,-0.2260181,-0.01073995,-0.01073995,0.1933418
6821,5.175427,0.003501662,0.05978629,-0.2258233,-0.01130429,-0.01130429,0.1934227
6822,5.176424,0.003517964,0.05974412,-0.2256283,-0.01196049,-0.01196049,0.1925467
6823,5.177187,0.0035234,0.05978096,-0.2255632,-0.01135821,-0.01135821,0.1921753
6824,5.177924,0.003539725,0.05981541,-0.2253679,-0.009273391,-0.009273391,0.1915645
6825,5.178647,0.003550615,0.05981307,-0.2252377,-0.009194287,-0.009194287,0.1916434
6826,5.179391,0.003561513,0.05981088,-0.2251073,-0.009809075,-0.009809075,0.1931568
6827,5.180188,0.003577866,0.05976969,-0.2249116,-0.009519789,-0.009519789,0.1923407
6828,5.18107,0.003583316,0.05973063,-0.2248464,-0.009311452,-0.009311452,0.1923148
6829,5.181779,0.003594248,0.05980495,-0.2247157,-0.009142933,-0.009142933,0.1924344
6830,5.18249,0.003610626,0.0597643,-0.2245197,-0.009041095,-0.009041095,0.1916858
6831,5.183199,0.003621562,0.05976267,-0.2243889,-0.007082543,-0.007082543,0.1921037
6832,5.183919,0.003632504,0.05976126,-0.224258,-0.005562642,-0.005562642,0.1920671
6833,5.184631,0.003637963,0.0597225,-0.2241927,-0.005384728,-0.005384728,0.1921485
6834,5.185441,0.003654406,0.05975869,-0.2239959,-0.006099524,-0.006099524,0.1905226
6835,5.186141,0.003659902,0.05979618,-0.2239302,-0.006304048,-0.006304048,0.1909521
6836,5.18694,0.003681806,0.05971803,-0.2236681,-0.004127918,-0.004127918,0.1907716
6837,5.188171,0.003692822,0.05979332,-0.2235364,-0.004685028,-0.004685028,0.1904055
6838,5.189325,0.003720281,0.05975372,-0.2232079,-0.004259726,-0.004259726,0.1894934
6839,5.190091,0.003725803,0.05979149,-0.2231418,-0.003217224,-0.003217224,0.1902883
6840,5.190853,0.003742292,0.05975297,-0.2229445,-0.004929911,-0.004929911,0.1898863
6841,5.191655,0.003747824,0.05979088,-0.2228784,-0.00485264,-0.00485264,0.1899618
6842,5.192494,0.003764332,0.05975266,-0.2226809,-7.231842E-05,-7.231842E-05,0.1876341
6843,5.193355,0.003775362,0.05975267,-0.2225489,-0.002383073,-0.002383073,0.1889644
6844,5.194191,0.003786399,0.05975282,-0.2224169,-0.001301405,-0.001301405,0.1873007
6845,5.194914,0.003802995,0.05979125,-0.2222183,0.0001946178,0.0001946178,0.1880863
6846,5.195687,0.003808553,0.0598295,-0.2221518,0.0002705017,0.0002705017,0.1881618
6847,5.19669,0.003825109,0.05979224,-0.2219537,0.001837982,0.001837982,0.1878229
6848,5.199337,0.003841748,0.05983126,-0.2217547,0.001655045,0.001655045,0.1875395
6849,5.200153,0.003875002,0.05983406,-0.2213569,0.000815152,0.000815152,0.1880025
6850,5.201055,0.003891692,0.05987383,-0.2211572,0.003286034,0.003286034,0.1865386
6851,5.201852,0.003902801,0.05987513,-0.2210243,0.004214164,0.004214164,0.1868051
6852,5.202616,0.003913833,0.05980061,-0.2208923,0.004385409,0.004385409,0.1868772
6853,5.203376,0.003930558,0.05984101,-0.2206922,0.004538966,0.004538966,0.1858556
6854,5.204097,0.003936168,0.05987981,-0.2206251,0.004909337,0.004909337,0.1853903
6855,5.204824,0.003947212,0.05980565,-0.220493,0.005068141,0.005068141,0.1854993
6856,5.205542,0.003958446,0.05988349,-0.2203586,0.003692224,0.003692224,0.1861928
6857,5.206365,0.003975218,0.05992454,-0.2201579,0.006223324,0.006223324,0.1854991
6858,5.207073,0.003980749,0.05988765,-0.2200918,0.006283134,0.006283134,0.1862771
6859,5.207779,0.003986377,0.0599267,-0.2200244,0.006357042,0.006357042,0.1863505
6860,5.208511,0.004003182,0.05996811,-0.2198234,0.007710341,0.007710341,0.1851562
6861,5.209243,0.004008822,0.0600073,-0.2197559,0.008268794,0.008268794,0.1852101
6862,5.209972,0.004025539,0.0599732,-0.2195559,0.009168997,0.009168997,0.1840816
6863,5.210911,0.004042265,0.05993931,-0.2193558,0.009540919,0.009540919,0.183869
6864,5.21168,0.004053464,0.05994219,-0.2192218,0.009697153,0.009697153,0.1839753
6865,5.212495,0.004064786,0.06002104,-0.2190864,0.0106034,0.0106034,0.1845407
6866,5.213297,0.004070452,0.06006049,-0.2190186,0.01112671,0.01112671,0.1842068
6867,5.214042,0.004081668,0.06006363,-0.2188844,0.01183915,0.01183915,0.1831053
6868,5.214797,0.00409289,0.06006688,-0.2187502,0.01199412,0.01199412,0.1832106
6869,5.215553,0.004109803,0.06010987,-0.2185478,0.01222042,0.01222042,0.1824579
6870,5.216336,0.004115354,0.06007372,-0.2184814,0.01222042,0.01222042,0.1824579
6871,5.217047,0.004132287,0.06011704,-0.2182788,0.0155181,0.0155181,0.1826339
6872,5.21774,0.004143539,0.06012082,-0.2181442,0.01458205,0.01458205,0.1832134
6873,5.218478,0.004154798,0.06012471,-0.2180095,0.01420854,0.01420854,0.183497
6874,5.219212,0.004160644,0.06024036,-0.2179396,0.01436303,0.01436303,0.1836012
6875,5.219923,0.004177478,0.06020854,-0.2177382,0.01940116,0.01940116,0.182475
6876,5.220651,0.004183192,0.06024855,-0.2176698,0.01931741,0.01931741,0.183143
6877,5.221522,0.004194475,0.06025279,-0.2175349,0.02017057,0.02017057,0.1811257
6878,5.222239,0.004205763,0.06025718,-0.2173998,0.02024027,0.02024027,0.1811982
6879,5.222953,0.004217219,0.06033738,-0.2172628,0.01982209,0.01982209,0.1810832
6880,5.223652,0.004222951,0.06037757,-0.2171942,0.02172409,0.02172409,0.1791029
6881,5.22439,0.004309957,0.06034672,-0.2169908,0.02211258,0.02211258,0.1801326
6882,5.225236,0.004321229,0.06035155,-0.2168555,0.02226241,0.02226241,0.180235
6883,5.226126,0.004332678,0.06043217,-0.216718,0.02384443,0.02384443,0.1812082
6884,5.226877,0.004343964,0.06043725,-0.2165824,0.02409154,0.02409154,0.179573
6885,5.227616,0.004349696,0.06047761,-0.2165136,0.0249944,0.0249944,0.1783925
6886,5.228408,0.004366732,0.06052335,-0.216309,0.02544436,0.02544436,0.1783346
6887,5.229115,0.004372477,0.06056383,-0.21624,0.02551186,0.02551186,0.1784061
6888,5.229856,0.004389539,0.06060985,-0.2160351,0.0272399,0.0272399,0.1760159
6889,5.230631,0.004389539,0.06060985,-0.2160351,0.03159677,0.03159677,0.1762621
6890,5.234059,0.004526336,0.06082498,-0.2154149,0.03345855,0.03345855,0.1741598
6891,5.234903,0.004537634,0.06083101,-0.2152785,0.03628773,0.03628773,0.1710963
6892,5.235671,0.004543391,0.06087193,-0.2152091,0.03636421,0.03636421,0.1711497
6893,5.236487,0.004560462,0.06091912,-0.215003,0.03740854,0.03740854,0.1708293
6894,5.237229,0.004566229,0.06096011,-0.2149334,0.03753404,0.03753404,0.1709725
6895,5.237974,0.004577769,0.06104214,-0.2147942,0.03815566,0.03815566,0.1700214
6896,5.2387,0.004583545,0.06108314,-0.2147245,0.03856001,0.03856001,0.1701891
6897,5.239446,0.004594878,0.06108981,-0.2145877,0.04110335,0.04110335,0.1691147
6898,5.240142,0.004606446,0.06117205,-0.2144481,0.04116478,0.04116478,0.1691863
6899,5.241073,0.004617793,0.06117895,-0.2143112,0.04426062,0.04426062,0.1673023
6900,5.241857,0.004629385,0.06126139,-0.2141713,0.04638796,0.04638796,0.1655943
6901,5.242629,0.004635183,0.06130263,-0.2141013,0.04834954,0.04834954,0.1655111
6902,5.24347,0.004733053,0.06138523,-0.2139593,0.04924568,0.04924568,0.1641205
6903,5.244197,0.004738834,0.06142657,-0.2138892,0.04930383,0.04930383,0.1641928
6904,5.244972,0.004755944,0.06147528,-0.2136817,0.05042849,0.05042849,0.1625223
6905,5.245691,0.004761484,0.06144126,-0.2136146,0.05138531,0.05138531,0.1615622
6906,5.246414,0.004859312,0.06152418,-0.2134721,0.05037422,0.05037422,0.1627416
6907,5.24716,0.004865082,0.0615657,-0.2134018,0.05043144,0.05043144,0.1628132
6908,5.247886,0.00487663,0.06164879,-0.213261,0.05064364,0.05064364,0.1616383
6909,5.248601,0.00488241,0.06169033,-0.2131906,0.05295198,0.05295198,0.1617713
6910,5.249334,0.004893446,0.06162275,-0.2130561,0.05300838,0.05300838,0.161843
6911,5.250095,0.004905017,0.06170607,-0.212915,0.05356298,0.05356298,0.159621
6912,5.250811,0.004905559,0.06185688,-0.2129084,0.05459425,0.05459425,0.1599521
6913,5.251551,0.004922675,0.06190664,-0.2126998,0.05782697,0.05782697,0.1589876
6914,5.252304,0.004928473,0.06194837,-0.2126292,0.05794967,0.05794967,0.1590811
6915,5.253019,0.005025932,0.06203199,-0.2124856,0.05832232,0.05832232,0.159214
6916,5.253736,0.005031714,0.06207381,-0.2124148,0.06057067,0.06057067,0.1562461
6917,5.254459,0.005043,0.06208221,-0.2122766,0.0615898,0.0615898,0.156371
6918,5.255167,0.005048789,0.0621241,-0.2122057,0.06157581,0.06157581,0.1564227
6919,5.255865,0.005060672,0.06228326,-0.2120601,0.06205166,0.06205166,0.1540767
6920,5.25662,0.005066174,0.06224994,-0.2119928,0.06494191,0.06494191,0.154648
6921,5.257377,0.005077782,0.06233394,-0.2118506,0.06291911,0.06291911,0.1536727
6922,5.258125,0.005083589,0.06237598,-0.2117794,0.06290503,0.06290503,0.1537242
6923,5.258886,0.005094905,0.06238486,-0.2116408,0.06521814,0.06521814,0.1516881
6924,5.25961,0.005101032,0.06250221,-0.2115658,0.06521568,0.06521568,0.1517489
6925,5.260437,0.005112357,0.06251125,-0.2114271,0.06664025,0.06664025,0.151072
6926,5.261301,0.005118499,0.06262866,-0.2113519,0.06675342,0.06675342,0.1511616
6927,5.262024,0.005210059,0.06274606,-0.2112744,0.0668935,0.0668935,0.1517579
6928,5.262735,0.005215539,0.06271307,-0.2112069,0.07007414,0.07007414,0.1491581
6929,5.263455,0.005232968,0.06283985,-0.2109924,0.07046562,0.07046562,0.1467666
6930,5.264213,0.005238453,0.06280697,-0.2109249,0.07057405,0.07057405,0.1468545
6931,5.265011,0.005244602,0.06292446,-0.2108492,0.07089178,0.07089178,0.1497312
6932,5.265771,0.005250425,0.06296678,-0.2107775,0.07223079,0.07223079,0.1472597
6933,5.266518,0.005262075,0.06305157,-0.2106341,0.0719722,0.0719722,0.1471178
6934,5.267284,0.005267907,0.06309395,-0.2105623,0.07201885,0.07201885,0.1471884
6935,5.268084,0.005279577,0.06317884,-0.2104187,0.07329978,0.07329978,0.1475773
6936,5.268887,0.005291258,0.06326383,-0.2102749,0.07475682,0.07475682,0.1456182
6937,5.269576,0.005297106,0.06330635,-0.2102029,0.07449,0.07449,0.1456864
6938,5.270302,0.005302597,0.06327377,-0.2101353,0.07459585,0.07459585,0.1457734
6939,5.271002,0.005308806,0.06339145,-0.2100589,0.07530686,0.07530686,0.1435917
6940,5.271742,0.005314662,0.06343404,-0.2099868,0.07629035,0.07629035,0.1423576
6941,5.272615,0.005326377,0.06351927,-0.2098426,0.07665156,0.07665156,0.1425224
6942,5.273343,0.005338107,0.06360459,-0.2096982,0.07714471,0.07714471,0.1416573
6943,5.274053,0.005343976,0.06364729,-0.2096259,0.077188,0.077188,0.1417267
6944,5.274797,0.00534985,0.06369001,-0.2095536,0.07871834,0.07871834,0.1394949
6945,5.275542,0.005356107,0.06380777,-0.2094766,0.07707842,0.07707842,0.1428772
6946,5.276329,0.005361988,0.06385052,-0.2094042,0.07712201,0.07712201,0.1429466
6947,5.277121,0.005378868,0.06382892,-0.2091964,0.07941584,0.07941584,0.1385045
6948,5.277835,0.005379647,0.06397888,-0.2091869,0.07892714,0.07892714,0.1398437
6949,5.278563,0.005391039,0.06398962,-0.2090466,0.08146119,0.08146119,0.1371881
6950,5.279304,0.005396937,0.0640325,-0.208974,0.08150175,0.08150175,0.137257
6951,5.280051,0.005408738,0.06411836,-0.2088287,0.08078707,0.08078707,0.1374495
6952,5.281004,0.005415048,0.06423625,-0.2087511,0.0827788,0.0827788,0.1353283
6953,5.283774,0.005450133,0.06441948,-0.2083192,0.08264922,0.08264922,0.1336093
6954,5.284546,0.005450555,0.06449436,-0.208314,0.08117508,0.08117508,0.1352902
6955,5.285281,0.005462412,0.06458057,-0.208168,0.08174336,0.08174336,0.1334448
6956,5.286095,0.005468346,0.06462371,-0.208095,0.08178173,0.08178173,0.1335115
6957,5.286951,0.005474714,0.06474172,-0.2080166,0.08237368,0.08237368,0.1334834
6958,5.287821,0.005486599,0.06482808,-0.2078703,0.08159328,0.08159328,0.1331316
6959,5.288633,0.005492547,0.06487128,-0.2077971,0.08597642,0.08597642,0.1295188
6960,5.289463,0.0054985,0.06491452,-0.2077238,0.0816521,0.0816521,0.1330661
6961,5.290283,0.005510409,0.06500106,-0.2075772,0.08483277,0.08483277,0.1298145
6962,5.291051,0.005516367,0.06504437,-0.2075039,0.0848688,0.0848688,0.1298806
6963,5.291791,0.005522784,0.06516246,-0.2074249,0.08527829,0.08527829,0.1289893
6964,5.292576,0.005528751,0.06520578,-0.2073514,0.08396916,0.08396916,0.1286721
6965,5.293293,0.005540696,0.06529251,-0.2072044,0.08562128,0.08562128,0.1266092
6966,5.294159,0.005546669,0.06533589,-0.2071309,0.08562128,0.08562128,0.1266092
6967,5.29489,0.005553117,0.06545405,-0.2070515,0.08554883,0.08554883,0.1271864
6968,5.295605,0.005559101,0.06549748,-0.2069778,0.08505256,0.08505256,0.1286528
6969,5.296335,0.005565089,0.06554094,-0.2069041,0.08632315,0.08632315,0.1248808
6970,5.297048,0.005571078,0.06558439,-0.2068304,0.08635657,0.08635657,0.1249452
6971,5.297828,0.005583068,0.06567138,-0.2066828,0.08600127,0.08600127,0.1247632
6972,5.298581,0.005583548,0.0657461,-0.2066769,0.08532893,0.08532893,0.1262876
6973,5.299308,0.005595553,0.06583314,-0.2065291,0.08556376,0.08556376,0.1245071
6974,5.300016,0.005595553,0.06583314,-0.2065291,0.08559684,0.08559684,0.1245707
6975,5.300806,0.005607569,0.06592028,-0.2063812,0.08655263,0.08655263,0.1202993
6976,5.301492,0.005613582,0.0659639,-0.2063072,0.0869896,0.0869896,0.1203708
6977,5.302388,0.005620094,0.06608215,-0.206227,0.08688208,0.08688208,0.1204682
6978,5.303195,0.005620094,0.06608215,-0.206227,0.08688208,0.08688208,0.1204682
6979,5.303942,0.005632141,0.06616941,-0.2060788,0.08835989,0.08835989,0.1133415
6980,5.304675,0.005632643,0.06624405,-0.2060726,0.08845968,0.08845968,0.1135395
6981,5.305383,0.005639184,0.06636228,-0.2059921,0.08850256,0.08850256,0.1131107
6982,5.306228,0.005645217,0.06640598,-0.2059178,0.08854572,0.08854572,0.1131185
6983,5.307009,0.005651773,0.06652425,-0.2058371,0.09125756,0.09125756,0.1080368
6984,5.307719,0.005657813,0.06656798,-0.2057627,0.09208152,0.09208152,0.1070985
6985,5.308436,0.005663856,0.06661169,-0.2056883,0.09204671,0.09204671,0.1072059
6986,5.309183,0.005664384,0.06668624,-0.2056818,0.0920716,0.0920716,0.1072663
6987,5.309919,0.005676484,0.06677376,-0.2055329,0.09370498,0.09370498,0.100424
6988,5.310728,0.005676484,0.06677376,-0.2055329,0.09142026,0.09142026,0.1037693
6989,5.311469,0.005683072,0.06689202,-0.2054518,0.09315845,0.09315845,0.0998157
6990,5.312277,0.005689135,0.06693585,-0.2053772,0.09262357,0.09262357,0.09641474
6991,5.31306,0.005695198,0.06697964,-0.2053025,0.09264415,0.09264415,0.09647221
6992,5.313789,0.005695742,0.06705415,-0.2052958,0.09014214,0.09014214,0.09580933
6993,5.314589,0.005702355,0.06717243,-0.2052144,0.09161209,0.09161209,0.08941649
6994,5.315334,0.005708429,0.06721626,-0.2051397,0.08980107,0.08980107,0.08816926
6995,5.316086,0.005708979,0.06729071,-0.2051329,0.08980107,0.08980107,0.08816926
6996,5.316895,0.005715059,0.06733458,-0.2050581,0.08820244,0.08820244,0.08851952
6997,5.317667,0.005721699,0.06745286,-0.2049763,0.08965959,0.08965959,0.08839823
6998,5.318543,0.005722265,0.06752729,-0.2049694,0.08830556,0.08830556,0.08837459
6999,5.319338,0.005728353,0.06757114,-0.2048944,0.09234743,0.09234743,0.08354788
7000,5.320169,0.005735013,0.06768946,-0.2048124,0.09171601,0.09171601,0.08024953
7001,5.321129,0.005735584,0.06776382,-0.2048054,0.09170238,0.09170238,0.08029937
7002,5.321887,0.005741684,0.06780772,-0.2047303,0.09117872,0.09117872,0.08028127
7003,5.32262,0.005742262,0.06788211,-0.2047232,0.09086774,0.09086774,0.07879206
7004,5.323346,0.005748366,0.06792601,-0.2046481,0.08953996,0.08953996,0.07558585
7005,5.324123,0.005748948,0.06800036,-0.2046409,0.08953996,0.08953996,0.07558585
7006,5.324842,0.005755055,0.06804425,-0.2045657,0.09040502,0.09040502,0.07138906
7007,5.325551,0.005761168,0.06808823,-0.2044905,0.09086902,0.09086902,0.07148361
7008,5.326275,0.005761758,0.06816252,-0.2044832,0.08757778,0.08757778,0.07051362
7009,5.32697,0.005767874,0.06820648,-0.2044079,0.08758875,0.08758875,0.07056197
7010,5.327696,0.00576847,0.0682808,-0.2044006,0.08832058,0.08832058,0.07040311
7011,5.328402,0.005769068,0.06835511,-0.2043932,0.08704829,0.08704829,0.07032507
7012,5.329167,0.00577519,0.06839906,-0.2043179,0.08703555,0.08703555,0.07037141
7013,5.329889,0.005781315,0.068443,-0.2042425,0.09052321,0.09052321,0.06473659
7014,5.330637,0.005781923,0.0685173,-0.204235,0.08929835,0.08929835,0.06521923
7015,5.331477,0.005782529,0.06859157,-0.2042275,0.08949941,0.08949941,0.06528743
7016,5.332239,0.005788664,0.06863553,-0.204152,0.08948677,0.08948677,0.06533414
7017,5.333042,0.005789277,0.06870981,-0.2041445,0.09093414,0.09093414,0.06249038
7018,5.333787,0.005796034,0.06882802,-0.2040613,0.08970754,0.08970754,0.06209565
7019,5.334507,0.005796653,0.06890225,-0.2040537,0.0896116,0.0896116,0.06208581
7020,5.335226,0.005802177,0.068872,-0.2039857,0.08959911,0.08959911,0.06213212
7021,5.336061,0.005803425,0.06902044,-0.2039703,0.08974563,0.08974563,0.06057172
7022,5.336861,0.005809575,0.06906442,-0.2038946,0.08841696,0.08841696,0.06052613
7023,5.337627,0.005810207,0.06913865,-0.2038868,0.08878522,0.08878522,0.05958734
7024,5.338433,0.005810838,0.06921284,-0.2038791,0.08792656,0.08792656,0.05954384
7025,5.339211,0.005811475,0.06928699,-0.2038712,0.08791429,0.08791429,0.05958901
7026,5.339984,0.005817635,0.06933101,-0.2037954,0.08934611,0.08934611,0.05587257
7027,5.340719,0.005824442,0.06944914,-0.2037116,0.08833089,0.08833089,0.05642792
7028,5.341672,0.005825086,0.06952332,-0.2037037,0.08838007,0.08838007,0.05643317
7029,5.342391,0.005831258,0.06956728,-0.2036277,0.08803937,0.08803937,0.05585447
7030,5.343104,0.005831908,0.06964144,-0.2036197,0.08802724,0.08802724,0.05589915
7031,5.343847,0.005838086,0.06968542,-0.2035436,0.08796648,0.08796648,0.05593855
7032,5.344581,0.00583874,0.06975956,-0.2035356,0.08844914,0.08844914,0.05564454
7033,5.345306,0.005773623,0.06983368,-0.2035294,0.08843693,0.08843693,0.05568932
7034,5.34603,0.00577983,0.06987765,-0.2034533,0.08750737,0.08750737,0.05562937
7035,5.346749,0.00577983,0.06987765,-0.2034533,0.08750737,0.08750737,0.05562937
7036,5.347562,0.005786708,0.06999576,-0.2033689,0.08738288,0.08738288,0.05579444
7037,5.348372,0.005787378,0.07006986,-0.2033607,0.08703526,0.08703526,0.05656452
7038,5.349158,0.005713043,0.07011387,-0.2032868,0.08627839,0.08627839,0.05562224
7039,5.349969,0.005719293,0.07015792,-0.2032105,0.08504087,0.08504087,0.05581233
7040,5.350736,0.005719974,0.07023198,-0.2032022,0.08502879,0.08502879,0.05585555
7041,5.351536,0.005726916,0.07035008,-0.2031175,0.08379086,0.08379086,0.05589706
7042,5.352248,0.00564505,0.07035008,-0.2031198,0.08619157,0.08619157,0.05529268
7043,5.352956,0.005652037,0.07046813,-0.203035,0.08473752,0.08473752,0.05523481
7044,5.35366,0.005652037,0.07046813,-0.203035,0.08473752,0.08473752,0.05523481
7045,5.354294,0.005659032,0.07058618,-0.20295,0.08561164,0.08561164,0.05542145
7046,5.354972,0.005665333,0.07063028,-0.2028735,0.08650743,0.08650743,0.05531868
7047,5.355714,0.005665333,0.07063028,-0.2028735,0.08649511,0.08649511,0.05536234
7048,5.3564,0.005590418,0.07074834,-0.2027907,0.08572803,0.08572803,0.05659463
7049,5.357243,0.005590418,0.07074834,-0.2027907,0.08519806,0.08519806,0.05640821
7050,5.357892,0.005597473,0.07086638,-0.2027054,0.08585121,0.08585121,0.05751844
7051,5.358705,0.005603102,0.07083655,-0.2026374,0.08585121,0.08585121,0.05751844
7052,5.359558,0.00560454,0.07098445,-0.2026201,0.08485527,0.08485527,0.05799967
7053,5.360312,0.005534693,0.07099876,-0.2024776,0.08423538,0.08423538,0.05822744
7054,5.361234,0.00553542,0.07107271,-0.2024689,0.08086381,0.08086381,0.0625518
7055,5.36205,0.005541807,0.07111683,-0.2023921,0.08134503,0.08134503,0.06269331
7056,5.362819,0.005548197,0.07116104,-0.2023153,0.08053406,0.08053406,0.06388643
7057,5.363568,0.005548934,0.07123493,-0.2023064,0.08052128,0.08052128,0.06392826
7058,5.364411,0.005555327,0.07127906,-0.2022296,0.07969216,0.07969216,0.0638693
7059,5.365207,0.005556066,0.07135299,-0.2022207,0.07979793,0.07979793,0.06447556
7060,5.365945,0.005568869,0.07144139,-0.2020668,0.07888373,0.07888373,0.06990833
7061,5.366725,0.005568869,0.07144139,-0.2020668,0.07888373,0.07888373,0.06990833
7062,5.367436,0.005576024,0.07155943,-0.2019808,0.07923454,0.07923454,0.06999224
7063,5.368188,0.005582434,0.07160369,-0.2019037,0.0774798,0.0774798,0.07040183
7064,5.370901,0.005601679,0.0717365,-0.2016723,0.07287033,0.07287033,0.07798189
7065,5.371655,0.00560734,0.07170704,-0.2016043,0.07289721,0.07289721,0.07798434
7066,5.37238,0.005614523,0.07182514,-0.2015179,0.07058468,0.07058468,0.08323251
7067,5.373096,0.005620183,0.07179572,-0.2014499,0.07023223,0.07023223,0.0825951
7068,5.373841,0.005633037,0.07188451,-0.2012953,0.06901124,0.06901124,0.08385034
7069,5.374779,0.00563947,0.07192892,-0.201218,0.06842524,0.06842524,0.08625923
7070,5.37561,0.00563947,0.07192892,-0.201218,0.06845602,0.06845602,0.08626279
7071,5.376338,0.005646679,0.07204707,-0.2011313,0.06642599,0.06642599,0.08693184
7072,5.377075,0.005658004,0.07198858,-0.2009952,0.06797235,0.06797235,0.08717065
7073,5.377967,0.005664443,0.07203305,-0.2009178,0.06567267,0.06567267,0.08940934
7074,5.378803,0.005671668,0.07215127,-0.2008309,0.06370767,0.06370767,0.09190369
7075,5.379566,0.005677331,0.07212213,-0.2007628,0.06374123,0.06374123,0.09190813
7076,5.38028,0.005683778,0.07216664,-0.2006853,0.06201859,0.06201859,0.09237222
7077,5.381187,0.005696685,0.07225583,-0.2005302,0.05995101,0.05995101,0.0953701
7078,5.384672,0.005728192,0.07240547,-0.2001514,0.05565502,0.05565502,0.09902147
7079,5.385415,0.005728192,0.07240547,-0.2001514,0.05564114,0.05564114,0.09905565
7080,5.386082,0.005734655,0.07245015,-0.2000737,0.05543645,0.05543645,0.1005823
7081,5.386806,0.005746794,0.07246611,-0.1999277,0.05329751,0.05329751,0.1050869
7082,5.387652,0.005746794,0.07246611,-0.1999277,0.05329751,0.05329751,0.1050869
7083,5.388361,0.005758937,0.07248213,-0.1997818,0.05156909,0.05156909,0.1045427
7084,5.389081,0.005759741,0.07255565,-0.1997721,0.05159888,0.05159888,0.1044716
7085,5.389787,0.005771888,0.07257178,-0.1996261,0.05062877,0.05062877,0.1050134
7086,5.390517,0.005778369,0.07261664,-0.1995482,0.05066903,0.05066903,0.1050198
7087,5.391317,0.005784852,0.07266152,-0.1994702,0.0522049,0.0522049,0.1060842
7088,5.392124,0.005790524,0.07263291,-0.199402,0.05256226,0.05256226,0.105993
7089,5.39296,0.005797824,0.07275131,-0.1993143,0.05046772,0.05046772,0.1079603
7090,5.393701,0.005809989,0.07276776,-0.199168,0.04999793,0.04999793,0.1084225
7091,5.394437,0.005815663,0.07273927,-0.1990998,0.05002531,0.05002531,0.1084614
7092,5.395187,0.005827833,0.07275581,-0.1989535,0.04796773,0.04796773,0.1074475
7093,5.395927,0.005828654,0.07282928,-0.1989436,0.04754223,0.04754223,0.1092986
7094,5.396635,0.005835154,0.07287434,-0.1988655,0.04758451,0.04758451,0.1093054
7095,5.397345,0.00576705,0.07289103,-0.1987214,0.044695,0.044695,0.1108981
7096,5.39817,0.005779291,0.07290788,-0.198575,0.04441404,0.04441404,0.1113782
7097,5.398905,0.005780123,0.07298128,-0.1985651,0.04429272,0.04429272,0.1143417
7098,5.399708,0.005792371,0.0729982,-0.1984185,0.0439584,0.0439584,0.1144949
7099,5.400476,0.005798076,0.07297,-0.1983503,0.04400323,0.04400323,0.1145022
7100,5.401425,0.005811171,0.07306047,-0.1981936,0.04401029,0.04401029,0.1153952
7101,5.402174,0.005823425,0.07307768,-0.198047,0.04344529,0.04344529,0.1169641
7102,5.402903,0.005823425,0.07307768,-0.198047,0.04261222,0.04261222,0.1173114
7103,5.403592,0.005835686,0.07309495,-0.1979003,0.0426438,0.0426438,0.1173485
7104,5.404356,0.005843093,0.07321365,-0.1978117,0.04167245,0.04167245,0.1212783
7105,5.405113,0.005848801,0.07318568,-0.1977434,0.04168184,0.04168184,0.1223387
7106,5.405856,0.005866783,0.07317531,-0.1975283,0.03841969,0.03841969,0.1276499
7107,5.4066,0.005873344,0.07322077,-0.1974498,0.03850638,0.03850638,0.1276959
7108,5.407321,0.005885622,0.07323848,-0.1973029,0.03803493,0.03803493,0.1337769
7109,5.408121,0.005892193,0.07328402,-0.1972243,0.03533999,0.03533999,0.1370194
7110,5.408911,0.005904477,0.0733019,-0.1970773,0.03589061,0.03589061,0.1374401
7111,5.40965,0.005916766,0.07331984,-0.1969303,0.03593018,0.03593018,0.1374779
7112,5.410368,0.005929923,0.07341113,-0.1967729,0.03382279,0.03382279,0.1466949
7113,5.411094,0.005935639,0.07338361,-0.1967045,0.03657902,0.03657902,0.1439433
7114,5.411832,0.005953657,0.07337445,-0.196489,0.03438402,0.03438402,0.1507083
7115,5.412544,0.005954523,0.0734476,-0.1964786,0.03442827,0.03442827,0.1507474
7116,5.413247,0.005972548,0.07343864,-0.196263,0.03281198,0.03281198,0.1507708
7117,5.414002,0.005979137,0.07348453,-0.1961841,0.03240663,0.03240663,0.156422
7118,5.414759,0.005991452,0.07350309,-0.1960368,0.02976121,0.02976121,0.1605799
7119,5.415544,0.006003771,0.07352181,-0.1958894,0.02980964,0.02980964,0.1606187
7120,5.416272,0.006016089,0.07354064,-0.1957421,0.03078964,0.03078964,0.1642764
7121,5.417122,0.00602181,0.07351355,-0.1956736,0.02707981,0.02707981,0.1676808
7122,5.41789,0.006040741,0.07357861,-0.1954472,0.02776721,0.02776721,0.1690681
7123,5.418687,0.006053074,0.07359774,-0.1952996,0.02712877,0.02712877,0.1711601
7124,5.419417,0.006065407,0.073617,-0.1951521,0.02718122,0.02718122,0.171199
7125,5.420197,0.006077747,0.07363638,-0.1950044,0.02787263,0.02787263,0.1713301
7126,5.421112,0.00609009,0.0736558,-0.1948568,0.02761407,0.02761407,0.1720685
7127,5.421881,0.006102435,0.0736754,-0.1947091,0.0253365,0.0253365,0.1763863
7128,5.422625,0.006108165,0.07364874,-0.1946405,0.02540931,0.02540931,0.176399
7129,5.423432,0.006126245,0.0736419,-0.1944242,0.02530692,0.02530692,0.1764341
7130,5.424176,0.00614433,0.07363532,-0.1942079,0.0249617,0.0249617,0.1782108
7131,5.424894,0.006150957,0.07368183,-0.1941286,0.02410084,0.02410084,0.1795776
7132,5.42573,0.00616332,0.07370192,-0.1939807,0.02589262,0.02589262,0.1788942
7133,5.426581,0.006175685,0.0737222,-0.1938328,0.02596635,0.02596635,0.1789067
7134,5.427337,0.006193788,0.07371626,-0.1936162,0.02476744,0.02476744,0.1819729
7135,5.428085,0.006199524,0.07369006,-0.1935476,0.02576832,0.02576832,0.1828237
7136,5.428801,0.006212802,0.07378353,-0.1933887,0.02569843,0.02569843,0.182907
7137,5.429525,0.006224276,0.07373133,-0.1932514,0.02577388,0.02577388,0.1829194
7138,5.430284,0.006236656,0.07375209,-0.1931033,0.02438935,0.02438935,0.185164
7139,5.43112,0.006243302,0.07379895,-0.1930238,0.02468222,0.02468222,0.1849969
7140,5.431822,0.006261428,0.07379396,-0.192807,0.0235816,0.0235816,0.1852083
7141,5.432544,0.006268078,0.07384092,-0.1927274,0.02365822,0.02365822,0.1852207
7142,5.433242,0.006286211,0.07383628,-0.1925105,0.02363084,0.02363084,0.1859883
7143,5.433963,0.006292867,0.07388331,-0.1924309,0.02419208,0.02419208,0.1857148
7144,5.434717,0.006305267,0.07390468,-0.1922825,0.02497264,0.02497264,0.1851874
7145,5.435495,0.006316755,0.0738534,-0.1921451,0.0251254,0.0251254,0.1852113
7146,5.436291,0.006329158,0.07387498,-0.1919967,0.02411576,0.02411576,0.1860937
7147,5.43702,0.006335822,0.0739222,-0.191917,0.02415067,0.02415067,0.1861828
7148,5.437759,0.00635398,0.07391849,-0.1916997,0.02367414,0.02367414,0.185787
7149,5.438465,0.006360645,0.07396575,-0.19162,0.02373156,0.02373156,0.1858227
7150,5.439237,0.006373064,0.07398771,-0.1914714,0.02516985,0.02516985,0.1859941
7151,5.439981,0.006385484,0.07400977,-0.1913228,0.024619,0.024619,0.185168
7152,5.440679,0.006396981,0.07395929,-0.1911853,0.02391685,0.02391685,0.1845138
7153,5.441806,0.006416084,0.07402908,-0.1909568,0.02337894,0.02337894,0.1859703
7154,5.442745,0.006428515,0.07405151,-0.190808,0.02309652,0.02309652,0.1859448
7155,5.443543,0.006435196,0.07409906,-0.1907281,0.02315396,0.02315396,0.1859791
7156,5.444271,0.006447631,0.07412164,-0.1905794,0.02372714,0.02372714,0.18532
7157,5.445001,0.006454317,0.07416926,-0.1904994,0.02361906,0.02361906,0.1851832
7158,5.445716,0.006472514,0.07416716,-0.1902817,0.02375236,0.02375236,0.185228
7159,5.446428,0.006478269,0.07414234,-0.1902128,0.02485054,0.02485054,0.1854432
7160,5.447291,0.006491652,0.07423779,-0.1900527,0.02307949,0.02307949,0.1844516
7161,5.448093,0.006497406,0.07421306,-0.1899839,0.02313625,0.02313625,0.1844847
7162,5.448899,0.006509856,0.07423618,-0.1898349,0.02673351,0.02673351,0.1808536
7163,5.449676,0.006522313,0.0742594,-0.1896859,0.02504945,0.02504945,0.1798097
7164,5.450397,0.006529013,0.07430729,-0.1896057,0.02655792,0.02655792,0.1782056
7165,5.451105,0.006534772,0.07428274,-0.1895368,0.02661173,0.02661173,0.1782385
7166,5.451847,0.006547229,0.07430614,-0.1893878,0.02625898,0.02625898,0.17554
7167,5.452573,0.006559693,0.0743297,-0.1892387,0.02849642,0.02849642,0.1727663
7168,5.453279,0.006573112,0.07442576,-0.1890782,0.02725405,0.02725405,0.1734271
7169,5.455923,0.006579822,0.07447381,-0.1889979,0.02986703,0.02986703,0.1697257
7170,5.456844,0.006610532,0.07449727,-0.1886305,0.03143686,0.03143686,0.1676838
7171,5.457615,0.006623013,0.07452131,-0.1884812,0.03236915,0.03236915,0.1644393
7172,5.458376,0.006629734,0.07456954,-0.1884008,0.0324798,0.0324798,0.1642347
7173,5.459098,0.006642221,0.07459372,-0.1882514,0.03125509,0.03125509,0.1637347
7174,5.459795,0.006647981,0.07456972,-0.1881825,0.03132113,0.03132113,0.1637422
7175,5.460504,0.006660467,0.07459408,-0.1880331,0.03293459,0.03293459,0.1590756
7176,5.461349,0.006667199,0.07464243,-0.1879526,0.03286221,0.03286221,0.1593729
7177,5.462057,0.006679689,0.07466695,-0.1878031,0.03494882,0.03494882,0.1561696
7178,5.462835,0.006686423,0.07471539,-0.1877226,0.03501118,0.03501118,0.1561761
7179,5.463543,0.006698923,0.07474007,-0.187573,0.03514917,0.03514917,0.1562176
7180,5.464304,0.006698923,0.07474007,-0.187573,0.03488282,0.03488282,0.1562978
7181,5.465,0.006718161,0.07481334,-0.1873429,0.03488948,0.03488948,0.1551556
7182,5.46571,0.006723926,0.07478969,-0.1872739,0.03493308,0.03493308,0.1551858
7183,5.466445,0.00673643,0.07481468,-0.1871243,0.03500954,0.03500954,0.1554639
7184,5.467232,0.00673741,0.07488684,-0.1871126,0.03622477,0.03622477,0.1521726
7185,5.46796,0.006755686,0.07488841,-0.1868939,0.03605255,0.03605255,0.1513609
7186,5.468715,0.006755686,0.07488841,-0.1868939,0.03611263,0.03611263,0.1513665
7187,5.469377,0.006762432,0.07493707,-0.1868132,0.03570301,0.03570301,0.1513713
7188,5.470188,0.006774949,0.07496234,-0.1866635,0.03495327,0.03495327,0.1497955
7189,5.470958,0.006787467,0.07498772,-0.1865137,0.03473468,0.03473468,0.1518728
7190,5.471771,0.006794222,0.0750365,-0.1864329,0.03479507,0.03479507,0.1518783
7191,5.472498,0.006806746,0.07506204,-0.1862831,0.03572949,0.03572949,0.1501656
7192,5.473229,0.006812515,0.07503881,-0.1862141,0.0350574,0.0350574,0.1499402
7193,5.473934,0.006825041,0.07506447,-0.1860642,0.0354533,0.0354533,0.1498826
7194,5.474722,0.0068318,0.07511342,-0.1859834,0.03543521,0.03543521,0.1499059
7195,5.475576,0.006838563,0.07516229,-0.1859024,0.03641352,0.03641352,0.148394
7196,5.476317,0.006851097,0.07518819,-0.1857525,0.0358967,0.0358967,0.1477862
7197,5.477146,0.006863635,0.07521419,-0.1856025,0.03634163,0.03634163,0.1477357
7198,5.477922,0.006863635,0.07521419,-0.1856025,0.03639996,0.03639996,0.1477404
7199,5.478588,0.006876172,0.07524026,-0.1854525,0.03624294,0.03624294,0.1465917
7200,5.479317,0.006882945,0.07528934,-0.1853715,0.03525485,0.03525485,0.1462788
7201,5.480074,0.006895485,0.07531558,-0.1852215,0.03604187,0.03604187,0.1473234
7202,5.480999,0.006908031,0.07534194,-0.1850714,0.03596594,0.03596594,0.1470255
7203,5.481808,0.006913802,0.07531919,-0.1850023,0.03602393,0.03602393,0.1470299
7204,5.482567,0.006927357,0.07541758,-0.1848402,0.03655138,0.03655138,0.1461226
7205,5.483359,0.006927357,0.07541758,-0.1848402,0.03600297,0.03600297,0.1465361
7206,5.484015,0.00693991,0.07544419,-0.18469,0.03692555,0.03692555,0.1447138
7207,5.484746,0.006946694,0.07549344,-0.1846088,0.03696447,0.03696447,0.1447407
7208,5.485601,0.006959251,0.0755202,-0.1844586,0.03649084,0.03649084,0.1448719
7209,5.486344,0.006966038,0.07556951,-0.1843774,0.03686211,0.03686211,0.1435543
7210,5.487092,0.006978599,0.07559641,-0.1842271,0.03696929,0.03696929,0.1432074
7211,5.487774,0.006984373,0.07557398,-0.1841581,0.03702542,0.03702542,0.1432111
7212,5.488494,0.006996937,0.07560103,-0.1840078,0.03720247,0.03720247,0.1437189
7213,5.489306,0.006997957,0.07567282,-0.1839956,0.03663487,0.03663487,0.1430978
7214,5.490068,0.007010526,0.07569996,-0.1838452,0.03738322,0.03738322,0.1416311
7215,5.490774,0.007017323,0.07574944,-0.1837639,0.03742075,0.03742075,0.1416569
7216,5.491482,0.007029894,0.07577671,-0.1836135,0.03851673,0.03851673,0.1426958
7217,5.492225,0.007029894,0.07577671,-0.1836135,0.03855214,0.03855214,0.1411767
7218,5.492904,0.007036696,0.07582627,-0.1835321,0.03858917,0.03858917,0.1412027
7219,5.493635,0.007049272,0.07585371,-0.1833816,0.03783394,0.03783394,0.1410206
7220,5.494373,0.007056077,0.0759033,-0.1833002,0.03920097,0.03920097,0.1404866
7221,5.495183,0.007062883,0.07595293,-0.1832188,0.03920316,0.03920316,0.1398938
7222,5.495984,0.007075467,0.07598051,-0.1830683,0.03923948,0.03923948,0.1399194
7223,5.496691,0.007081241,0.07595854,-0.1829992,0.04066854,0.04066854,0.1364075
7224,5.497456,0.007089089,0.07607989,-0.1829053,0.03970536,0.03970536,0.1368739
7225,5.498229,0.007094862,0.07605796,-0.1828362,0.03974046,0.03974046,0.1368991
7226,5.498974,0.007108496,0.07615744,-0.1826731,0.04231328,0.04231328,0.1342668
7227,5.499693,0.007108496,0.07615744,-0.1826731,0.04236473,0.04236473,0.1342688
7228,5.500323,0.007121087,0.07618538,-0.1825225,0.04385575,0.04385575,0.1303478
7229,5.501313,0.007122134,0.07625698,-0.18251,0.04383797,0.04383797,0.1303719
7230,5.502086,0.00713473,0.076285,-0.1823593,0.04390857,0.04390857,0.1305199
7231,5.502828,0.007141555,0.07633483,-0.1822776,0.04405037,0.04405037,0.131822
7232,5.503657,0.007148382,0.07638467,-0.182196,0.04430148,0.04430148,0.1302278
7233,5.504461,0.007087413,0.0764129,-0.1820481,0.04589525,0.04589525,0.128113
7234,5.505167,0.007093216,0.07639129,-0.181979,0.04589525,0.04589525,0.128113
7235,5.505871,0.00709534,0.07653427,-0.1819537,0.04573606,0.04573606,0.1275824
7236,5.506598,0.007108009,0.07656264,-0.1818029,0.04754004,0.04754004,0.125135
7237,5.507293,0.007108009,0.07656264,-0.1818029,0.04752212,0.04752212,0.1251601
7238,5.507938,0.007121749,0.07666253,-0.1816393,0.04790714,0.04790714,0.1256936
7239,5.508699,0.007127551,0.07664106,-0.1815702,0.05046146,0.05046146,0.1215029
7240,5.509547,0.007135495,0.07676248,-0.1814756,0.04941002,0.04941002,0.1240171
7241,5.510281,0.007141298,0.07674107,-0.1814065,0.04945603,0.04945603,0.1240173
7242,5.511003,0.007149251,0.0768625,-0.1813119,0.05039308,0.05039308,0.1240073
7243,5.511796,0.00715505,0.07684116,-0.1812428,0.05316522,0.05316522,0.1216522
7244,5.512619,0.007163012,0.07696255,-0.181148,0.05285513,0.05285513,0.1223025
7245,5.513409,0.007169897,0.07701258,-0.1810661,0.05289987,0.05289987,0.1223022
7246,5.514172,0.007176782,0.07706269,-0.1809841,0.0546029,0.0546029,0.1220847
7247,5.514958,0.007189471,0.07709154,-0.180833,0.05499693,0.05499693,0.1207524
7248,5.515748,0.007190559,0.07716283,-0.1808201,0.05898263,0.05898263,0.1194379
7249,5.516621,0.007203253,0.07719181,-0.180669,0.05937248,0.05937248,0.1193088
7250,5.517403,0.007204345,0.07726306,-0.1806559,0.05935334,0.05935334,0.1193381
7251,5.518187,0.007218137,0.07736336,-0.1804917,0.05887853,0.05887853,0.1194442
7252,5.518969,0.007225037,0.0774135,-0.1804096,0.06133435,0.06133435,0.1187557
7253,5.519725,0.007231939,0.07746369,-0.1803274,0.06129447,0.06129447,0.1196667
7254,5.520438,0.007238842,0.07751384,-0.1802453,0.06288387,0.06288387,0.1200173
7255,5.52135,0.007251546,0.07754313,-0.180094,0.06290628,0.06290628,0.1200462
7256,5.522182,0.007252653,0.07761429,-0.1800808,0.06312153,0.06312153,0.1204283
7257,5.522916,0.00725956,0.07766451,-0.1799986,0.06366282,0.06366282,0.1205535
7258,5.523623,0.007273382,0.07776502,-0.179834,0.06382388,0.06382388,0.1186875
7259,5.524347,0.007273382,0.07776502,-0.179834,0.06384548,0.06384548,0.1187162
7260,5.524985,0.007287212,0.07786557,-0.1796694,0.06605414,0.06605414,0.1179891
7261,5.525689,0.007293009,0.07784478,-0.1796004,0.06516338,0.06516338,0.1182215
7262,5.526522,0.00730105,0.07796617,-0.1795046,0.06732019,0.06732019,0.1187248
7263,5.527302,0.00730797,0.07801647,-0.1794222,0.06732019,0.06732019,0.1187248
7264,5.52809,0.007314894,0.07806684,-0.1793398,0.06640427,0.06640427,0.1181493
7265,5.528891,0.007321817,0.07811717,-0.1792574,0.06928246,0.06928246,0.1173684
7266,5.529618,0.007329877,0.07823853,-0.1791614,0.06959182,0.06959182,0.1174525
7267,5.530373,0.007336807,0.07828891,-0.1790789,0.06957107,0.06957107,0.1174853
7268,5.531192,0.007343738,0.07833926,-0.1789964,0.07167223,0.07167223,0.1173861
7269,5.534807,0.007379575,0.07866222,-0.1785697,0.07469625,0.07469625,0.1164684
7270,5.535621,0.007392316,0.07869224,-0.1784181,0.07531647,0.07531647,0.1168762
7271,5.536353,0.007393467,0.07876311,-0.1784044,0.07533354,0.07533354,0.1169073
7272,5.537076,0.00740157,0.07888439,-0.1783079,0.07474372,0.07474372,0.1171892
7273,5.537834,0.007407366,0.07886404,-0.1782389,0.07673015,0.07673015,0.1177159
7274,5.538583,0.007415477,0.07898532,-0.1781423,0.07505612,0.07505612,0.1171725
7275,5.541379,0.007450273,0.07923786,-0.1777281,0.07781101,0.07781101,0.1163592
7276,5.542465,0.007451444,0.0793086,-0.1777141,0.07778878,0.07778878,0.1163947
7277,5.54334,0.007464204,0.07933898,-0.1775622,0.07989263,0.07989263,0.1182491
7278,5.544108,0.007472349,0.07946022,-0.1774652,0.07932874,0.07932874,0.1173768
7279,5.544863,0.007479322,0.07951079,-0.1773822,0.08241674,0.08241674,0.1180397
7280,5.545585,0.007493269,0.07961196,-0.1772162,0.08066968,0.08066968,0.1184555
7281,5.546296,0.007493269,0.07961196,-0.1772162,0.08068499,0.08068499,0.1184872
7282,5.546915,0.007500246,0.07966258,-0.1771331,0.08088846,0.08088846,0.1183381
7283,5.547623,0.007508415,0.07978375,-0.1770358,0.08212781,0.08212781,0.1190193
7284,5.548328,0.007515398,0.07983439,-0.1769527,0.08216602,0.08216602,0.1190143
7285,5.549077,0.007529366,0.07993565,-0.1767864,0.08216675,0.08216675,0.118538
7286,5.549782,0.007529366,0.07993565,-0.1767864,0.08300006,0.08300006,0.1197924
7287,5.550439,0.007536353,0.07998633,-0.1767032,0.08301478,0.08301478,0.1198244
7288,5.551174,0.00760042,0.08003697,-0.1766176,0.08346307,0.08346307,0.1186062
7289,5.551914,0.007608584,0.08015811,-0.17652,0.08282771,0.08282771,0.1187329
7290,5.552649,0.007621316,0.08018906,-0.1763678,0.08463385,0.08463385,0.1184262
7291,5.553358,0.007622519,0.08025949,-0.1763535,0.08467126,0.08467126,0.1184205
7292,5.554201,0.007636461,0.08036092,-0.1761868,0.08342239,0.08342239,0.1188238
7293,5.554942,0.007637671,0.08043129,-0.1761724,0.0853935,0.0853935,0.1204843
7294,5.555666,0.007650411,0.08046237,-0.1760201,0.08525285,0.08525285,0.1211392
7295,5.556437,0.007651626,0.08053273,-0.1760056,0.08522855,0.08522855,0.1211771
7296,5.557142,0.007665585,0.08063422,-0.1758387,0.08604624,0.08604624,0.1197949
7297,5.557855,0.007671349,0.08061466,-0.1757699,0.08625675,0.08625675,0.1200788
7298,5.558583,0.007679551,0.08073574,-0.1756718,0.08665183,0.08665183,0.1215221
7299,5.559305,0.007756072,0.08078651,-0.1755853,0.08666529,0.08666529,0.1215584
7300,5.56003,0.00776876,0.08081783,-0.1754329,0.08630572,0.08630572,0.1209428
7301,5.560862,0.007769982,0.08088811,-0.1754182,0.08619288,0.08619288,0.1220398
7302,5.561648,0.007778163,0.08100915,-0.17532,0.08511689,0.08511689,0.1211662
7303,5.562475,0.007785126,0.08105996,-0.1752364,0.08513046,0.08513046,0.1211977
7304,5.563236,0.007799052,0.0811616,-0.1750691,0.0861298,0.0861298,0.1223447
7305,5.564088,0.007806017,0.08121245,-0.1749855,0.08745229,0.08745229,0.1215583
7306,5.564832,0.007811748,0.08119316,-0.1749167,0.08565139,0.08565139,0.1226085
7307,5.565603,0.007890452,0.08131418,-0.174815,0.08669397,0.08669397,0.1223685
7308,5.566379,0.007897387,0.08136503,-0.1747313,0.08670698,0.08670698,0.1224003
7309,5.567178,0.007911266,0.08146682,-0.1745638,0.08590201,0.08590201,0.123197
7310,5.567983,0.007911266,0.08146682,-0.1745638,0.08723442,0.08723442,0.1230531
7311,5.56866,0.007925149,0.08156871,-0.1743962,0.0869453,0.0869453,0.1229653
7312,5.569386,0.007926391,0.08163872,-0.1743813,0.08692009,0.08692009,0.1230032
7313,5.570117,0.007939041,0.08167057,-0.1742286,0.08738434,0.08738434,0.1227919
7314,5.570858,0.007940287,0.08174057,-0.1742136,0.08606752,0.08606752,0.1228301
7315,5.571585,0.007954188,0.08184247,-0.1740458,0.08600398,0.08600398,0.1232554
7316,5.572309,0.007959885,0.08182348,-0.1739771,0.086017,0.086017,0.1232863
7317,5.573067,0.007968093,0.08194444,-0.173878,0.08628697,0.08628697,0.1244232
7318,5.57381,0.007975047,0.0819954,-0.1737941,0.08645371,0.08645371,0.1224335
7319,5.574609,0.007982004,0.08204643,-0.1737101,0.08608592,0.08608592,0.1228887
7320,5.575346,0.007988963,0.08209743,-0.1736262,0.08609868,0.08609868,0.1229189
7321,5.576078,0.008066013,0.08214844,-0.1735389,0.0849022,0.0849022,0.1237715
7322,5.576912,0.008072941,0.08219948,-0.1734549,0.08425696,0.08425696,0.1235673
7323,5.577615,0.008081131,0.08232038,-0.1733556,0.08559062,0.08559062,0.123379
7324,5.578367,0.008088064,0.08237138,-0.1732715,0.08560328,0.08560328,0.1234091
7325,5.57909,0.008094996,0.08242244,-0.1731874,0.08494247,0.08494247,0.1239206
7326,5.579867,0.008101932,0.08247351,-0.1731033,0.08471334,0.08471334,0.1232673
7327,5.580658,0.008115806,0.08257565,-0.1729351,0.08381069,0.08381069,0.1227546
7328,5.581549,0.008122745,0.08262675,-0.1728509,0.08371339,0.08371339,0.1238863
7329,5.58226,0.008129687,0.08267783,-0.1727667,0.0837265,0.0837265,0.1239152
7330,5.582987,0.008129687,0.08267783,-0.1727667,0.08475524,0.08475524,0.1233333
7331,5.583669,0.008143573,0.08278007,-0.1725983,0.08309433,0.08309433,0.1234438
7332,5.584414,0.008144855,0.08284977,-0.1725828,0.08309433,0.08309433,0.1234438
7333,5.585174,0.008158748,0.08295199,-0.1724143,0.08401015,0.08401015,0.1217525
7334,5.585952,0.008164413,0.08293349,-0.1723456,0.08379588,0.08379588,0.1220489
7335,5.586731,0.008171364,0.0829847,-0.1722613,0.08171704,0.08171704,0.1216387
7336,5.587482,0.008178312,0.08303583,-0.172177,0.0817298,0.0817298,0.1216662
7337,5.588253,0.008186557,0.08315665,-0.172077,0.08238774,0.08238774,0.1229227
7338,5.588975,0.008192221,0.08313826,-0.1720084,0.08141343,0.08141343,0.1224575
7339,5.589698,0.008200469,0.083259,-0.1719083,0.08102241,0.08102241,0.122687
7340,5.590418,0.008206133,0.08324067,-0.1718396,0.08106065,0.08106065,0.1226797
7341,5.591146,0.00822005,0.08334315,-0.1716709,0.08088373,0.08088373,0.1224003
7342,5.592052,0.008228313,0.08346386,-0.1715706,0.08011218,0.08011218,0.1213394
7343,5.592826,0.008233973,0.08344565,-0.171502,0.08144575,0.08144575,0.1226354
7344,5.593684,0.008240937,0.08349693,-0.1714175,0.07984469,0.07984469,0.1228149
7345,5.594419,0.008247904,0.08354819,-0.1713331,0.0798579,0.0798579,0.122841
7346,5.595158,0.008261837,0.0836508,-0.1711641,0.07867637,0.07867637,0.1222509
7347,5.595974,0.008261837,0.0836508,-0.1711641,0.079003,0.079003,0.1228877
7348,5.596715,0.008274467,0.08368404,-0.1710109,0.07802036,0.07802036,0.1242833
7349,5.597495,0.008282749,0.08380474,-0.1709105,0.07799523,0.07799523,0.1243159
7350,5.59824,0.008288407,0.08378675,-0.1708419,0.07867702,0.07867702,0.1224162
7351,5.599034,0.008365695,0.08390744,-0.170738,0.07660391,0.07660391,0.1227499
7352,5.599834,0.008372637,0.08395879,-0.1706534,0.07645256,0.07645256,0.122471
7353,5.600626,0.008385209,0.08399229,-0.1705001,0.07780711,0.07780711,0.1234053
7354,5.60152,0.008392154,0.08404365,-0.1704155,0.07646925,0.07646925,0.1231307
7355,5.602347,0.008399098,0.08409511,-0.1703309,0.07648297,0.07648297,0.123155
7356,5.603124,0.008407366,0.08421573,-0.1702301,0.07568076,0.07568076,0.1235025
7357,5.603858,0.008412993,0.08419795,-0.1701615,0.0754581,0.0754581,0.1226618
7358,5.604606,0.008425571,0.0842317,-0.1700082,0.07243135,0.07243135,0.1230043
7359,5.605412,0.008426893,0.08430086,-0.1699921,0.07244616,0.07244616,0.123027
7360,5.606149,0.0084408,0.08440383,-0.1698226,0.07249335,0.07249335,0.1226615
7361,5.606945,0.008447753,0.08445528,-0.1697379,0.07272729,0.07272729,0.1226883
7362,5.607653,0.00845471,0.08450681,-0.1696531,0.07469966,0.07469966,0.1227158
7363,5.608605,0.008467293,0.08454071,-0.1694997,0.07160422,0.07160422,0.1233305
7364,5.609371,0.008474249,0.08459228,-0.169415,0.07157981,0.07157981,0.1233598
7365,5.61014,0.00848121,0.08464383,-0.1693301,0.07298629,0.07298629,0.1231188
7366,5.61087,0.008488171,0.08469537,-0.1692453,0.07212444,0.07212444,0.1243592
7367,5.611678,0.008495133,0.08474696,-0.1691604,0.07217454,0.07217454,0.1241382
7368,5.61237,0.008500756,0.08472953,-0.1690919,0.07221401,0.07221401,0.1241306
7369,5.613095,0.00850906,0.08485013,-0.1689907,0.07005752,0.07005752,0.1236722
7370,5.613812,0.008514684,0.08483273,-0.1689222,0.06976962,0.06976962,0.1233372
7371,5.614561,0.008528613,0.08493601,-0.1687524,0.07083535,0.07083535,0.1243912
7372,5.615327,0.008535584,0.08498766,-0.1686674,0.07081081,0.07081081,0.1244199
7373,5.616047,0.008542553,0.08503928,-0.1685825,0.07034259,0.07034259,0.1252965
7374,5.616756,0.008548172,0.08502205,-0.168514,0.06894797,0.06894797,0.1253837
7375,5.617472,0.008556495,0.08514264,-0.1684126,0.06892353,0.06892353,0.1254114
7376,5.618203,0.008562115,0.08512545,-0.1683441,0.07017605,0.07017605,0.1252271
7377,5.618988,0.008569086,0.08517712,-0.1682591,0.07019148,0.07019148,0.1252474
7378,5.619688,0.008583035,0.08528058,-0.1680891,0.06767734,0.06767734,0.1249143
7379,5.620508,0.008590011,0.0853323,-0.1680041,0.06834747,0.06834747,0.1258684
7380,5.621492,0.008596988,0.08538404,-0.1679191,0.06800146,0.06800146,0.1254541
7381,5.622198,0.008603966,0.08543579,-0.167834,0.06761226,0.06761226,0.1264262
7382,5.623015,0.008616562,0.08547062,-0.1676805,0.06806938,0.06806938,0.1268413
7383,5.623791,0.008623543,0.08552238,-0.1675954,0.06811029,0.06811029,0.1268333
7384,5.624596,0.008630524,0.08557419,-0.1675103,0.06603,0.06603,0.1259172
7385,5.625326,0.008637507,0.08562601,-0.1674252,0.06692448,0.06692448,0.1262266
7386,5.62604,0.008650105,0.08566101,-0.1672717,0.06651868,0.06651868,0.126545
7387,5.628756,0.00865709,0.08571285,-0.1671866,0.06680933,0.06680933,0.1260654
7388,5.629493,0.008683665,0.0858518,-0.1668627,0.06571198,0.06571198,0.1265928
7389,5.630205,0.008690652,0.08590367,-0.1667776,0.06684414,0.06684414,0.1265085
7390,5.630919,0.008697644,0.08595562,-0.1666923,0.0668603,0.0668603,0.1265263
7391,5.631663,0.008704633,0.08600754,-0.1666071,0.06501639,0.06501639,0.127568
7392,5.632431,0.00871301,0.08612805,-0.1665051,0.06404142,0.06404142,0.126874
7393,5.633245,0.008725614,0.08616342,-0.1663514,0.06680123,0.06680123,0.1275191
7394,5.633978,0.008725614,0.08616342,-0.1663514,0.06677643,0.06677643,0.127545
7395,5.634615,0.00873822,0.08619891,-0.1661978,0.0657905,0.0657905,0.127086
7396,5.635354,0.008745214,0.08625089,-0.1661126,0.06506182,0.06506182,0.1282614
7397,5.636099,0.008757821,0.08628653,-0.1659589,0.06631455,0.06631455,0.1283268
7398,5.636824,0.008759212,0.08635496,-0.165942,0.06628964,0.06628964,0.1283523
7399,5.63751,0.00876621,0.08640698,-0.1658567,0.06547789,0.06547789,0.1291229
7400,5.638339,0.00877882,0.08644272,-0.165703,0.06583343,0.06583343,0.1280115
7401,5.639062,0.008780214,0.08651105,-0.165686,0.06580858,0.06580858,0.1280367
7402,5.639849,0.008792822,0.08654686,-0.1655323,0.06517367,0.06517367,0.1286592
7403,5.640611,0.008799825,0.08659895,-0.165447,0.06613954,0.06613954,0.1279887
7404,5.641493,0.008806829,0.086651,-0.1653616,0.06436978,0.06436978,0.127666
7405,5.64223,0.008819439,0.08668698,-0.165208,0.06598892,0.06598892,0.127518
7406,5.642922,0.008820843,0.08675525,-0.1651908,0.06596399,0.06596399,0.127543
7407,5.643753,0.008827849,0.08680736,-0.1651054,0.06441227,0.06441227,0.1283453
7408,5.644503,0.008834861,0.08685948,-0.16502,0.06689098,0.06689098,0.1277149
7409,5.64536,0.008848879,0.08696379,-0.1648491,0.065663,0.065663,0.1282373
7410,5.646132,0.008855892,0.0870159,-0.1647637,0.06510209,0.06510209,0.1268235
7411,5.64686,0.008861494,0.08699991,-0.1646954,0.0651428,0.0651428,0.1268145
7412,5.647696,0.00887552,0.08710431,-0.1645245,0.06520572,0.06520572,0.1269972
7413,5.648406,0.008876934,0.0871724,-0.1645072,0.06487338,0.06487338,0.1276927
7414,5.649188,0.008889548,0.0872087,-0.1643535,0.06556994,0.06556994,0.1268557
7415,5.649992,0.008896567,0.08726092,-0.164268,0.06556994,0.06556994,0.1268557
7416,5.650743,0.008903585,0.08731314,-0.1641824,0.06704649,0.06704649,0.1278453
7417,5.651499,0.008903585,0.08731314,-0.1641824,0.06638441,0.06638441,0.1273124
7418,5.652175,0.008917621,0.0874176,-0.1640113,0.06639862,0.06639862,0.1258587
7419,5.65295,0.008924643,0.08746988,-0.1639258,0.06639862,0.06639862,0.1258587
7420,5.653746,0.008930239,0.08745413,-0.1638576,0.06662091,0.06662091,0.1257287
7421,5.654705,0.008891365,0.0875587,-0.1636893,0.06564511,0.06564511,0.1260002
7422,5.655519,0.008892803,0.08762668,-0.1636719,0.0679809,0.0679809,0.1264562
7423,5.656273,0.008905469,0.08766329,-0.1635181,0.0667399,0.0667399,0.12544
7424,5.656989,0.008912521,0.08771563,-0.1634325,0.06675415,0.06675415,0.1254548
7425,5.657823,0.008919574,0.08776791,-0.1633469,0.06813607,0.06813607,0.1261025
7426,5.658567,0.008926629,0.08782026,-0.1632612,0.06795383,0.06795383,0.1260426
7427,5.65928,0.008933687,0.0878726,-0.1631755,0.06631278,0.06631278,0.1253977
7428,5.65999,0.008940743,0.08792493,-0.1630899,0.06632701,0.06632701,0.125412
7429,5.660815,0.008947802,0.08797727,-0.1630042,0.06783679,0.06783679,0.1250761
7430,5.661759,0.00896192,0.08808202,-0.1628328,0.06753171,0.06753171,0.1243235
7431,5.662594,0.008968981,0.08813438,-0.1627471,0.06830652,0.06830652,0.1251153
7432,5.663403,0.00897459,0.088119,-0.162679,0.06790445,0.06790445,0.1241437
7433,5.664154,0.008924375,0.08822381,-0.1625111,0.06574484,0.06574484,0.1245191
7434,5.664915,0.008931472,0.08827621,-0.1624254,0.06571957,0.06571957,0.1245427
7435,5.665673,0.008938571,0.08832863,-0.1623396,0.06774651,0.06774651,0.1244113
7436,5.666371,0.008944203,0.0883134,-0.1622716,0.06788138,0.06788138,0.1245433
7437,5.667113,0.008952768,0.0884335,-0.1621681,0.06715199,0.06715199,0.1243525
7438,5.667823,0.008958401,0.0884183,-0.1621,0.0671907,0.0671907,0.1243421
7439,5.668532,0.008959869,0.08848592,-0.1620823,0.06746711,0.06746711,0.1234699
7440,5.66932,0.008972601,0.08852324,-0.1619285,0.06729463,0.06729463,0.1242658
7441,5.670055,0.008979703,0.08857575,-0.1618427,0.06733323,0.06733323,0.1242553
7442,5.670766,0.008992436,0.08861318,-0.1616888,0.06642909,0.06642909,0.1238454
7443,5.671582,0.008999538,0.08866566,-0.1616031,0.06779473,0.06779473,0.1245305
7444,5.672382,0.008941507,0.08871822,-0.1615208,0.06739697,0.06739697,0.1242594
7445,5.673152,0.008950131,0.08883825,-0.1614172,0.06714384,0.06714384,0.1252079
7446,5.673891,0.008955785,0.08882329,-0.1613492,0.06718283,0.06718283,0.1251969
7447,5.674613,0.008968581,0.08886096,-0.1611954,0.0674075,0.0674075,0.1237003
7448,5.675345,0.00897007,0.08892839,-0.1611775,0.06622914,0.06622914,0.1247619
7449,5.676136,0.008982865,0.08896612,-0.1610236,0.06595001,0.06595001,0.124776
7450,5.676904,0.008990007,0.08901867,-0.1609378,0.06598898,0.06598898,0.1247649
7451,5.677738,0.009002804,0.08905654,-0.1607839,0.06571963,0.06571963,0.1249305
7452,5.678524,0.009009947,0.0891092,-0.1606981,0.06523889,0.06523889,0.1265143
7453,5.679291,0.009017093,0.08916178,-0.1606122,0.06725259,0.06725259,0.1227459
7454,5.680087,0.009029888,0.0891998,-0.1604583,0.0656115,0.0656115,0.1245477
7455,5.680968,0.009031384,0.08926708,-0.1604403,0.06558581,0.06558581,0.1245704
7456,5.681752,0.008979445,0.08930514,-0.1602901,0.06571058,0.06571058,0.1235703
7457,5.68523,0.009013852,0.08950144,-0.1598785,0.06380698,0.06380698,0.1257139
7458,5.685993,0.009025196,0.08947258,-0.1597428,0.06550667,0.06550667,0.1251604
7459,5.686738,0.00903389,0.08959255,-0.1596388,0.06250834,0.06250834,0.1246342
7460,5.687502,0.009039565,0.08957817,-0.1595709,0.06254762,0.06254762,0.1246228
7461,5.688338,0.009052418,0.08961663,-0.1594171,0.06379595,0.06379595,0.1257793
7462,5.689067,0.009059603,0.08966948,-0.1593312,0.06228312,0.06228312,0.1260915
7463,5.689809,0.009066789,0.08972232,-0.1592452,0.06145405,0.06145405,0.1263307
7464,5.690539,0.009073977,0.08977516,-0.1591592,0.06234482,0.06234482,0.1268896
7465,5.691279,0.009088353,0.08988085,-0.1589872,0.06197192,0.06197192,0.1283278
7466,5.691982,0.009094018,0.08986669,-0.1589194,0.06194615,0.06194615,0.1283482
7467,5.692763,0.009101206,0.08991957,-0.1588334,0.06175487,0.06175487,0.128823
7468,5.69359,0.009114061,0.08995837,-0.1586796,0.06174323,0.06174323,0.1278993
7469,5.694424,0.009121249,0.09001133,-0.1585937,0.06175781,0.06175781,0.1279079
7470,5.695161,0.009128441,0.09006424,-0.1585076,0.06121581,0.06121581,0.1294368
7471,5.695945,0.009135632,0.09011715,-0.1584216,0.06123417,0.06123417,0.1290494
7472,5.696754,0.009148484,0.09015616,-0.1582678,0.06035173,0.06035173,0.1294504
7473,5.698073,0.009161337,0.09019522,-0.1581141,0.05992914,0.05992914,0.1306276
7474,5.698891,0.009174187,0.0902344,-0.1579604,0.06021564,0.06021564,0.1299753
7475,5.699691,0.009182913,0.09035423,-0.1578559,0.05916316,0.05916316,0.1302566
7476,5.700422,0.009188571,0.09034045,-0.1577883,0.05920477,0.05920477,0.1302448
7477,5.701305,0.009201421,0.09037977,-0.1576345,0.05969466,0.05969466,0.1306189
7478,5.702118,0.009208613,0.0904328,-0.1575485,0.05987469,0.05987469,0.1307901
7479,5.702939,0.009215808,0.09048592,-0.1574624,0.05844215,0.05844215,0.1311262
7480,5.703783,0.009230196,0.09059207,-0.1572903,0.05912415,0.05912415,0.1312368
7481,5.70457,0.009230196,0.09059207,-0.1572903,0.05912415,0.05912415,0.1312368
7482,5.705318,0.009243048,0.09063157,-0.1571365,0.05927094,0.05927094,0.1306733
7483,5.706087,0.009255893,0.09067118,-0.1569829,0.05799047,0.05799047,0.1348506
7484,5.706885,0.009263088,0.09072435,-0.1568968,0.05830753,0.05830753,0.1314117
7485,5.707671,0.009270286,0.09077749,-0.1568107,0.05855947,0.05855947,0.1347698
7486,5.708423,0.009277482,0.09083065,-0.1567246,0.05857646,0.05857646,0.1347752
7487,5.709279,0.00928878,0.09080383,-0.1565894,0.0592236,0.0592236,0.1314714
7488,5.710027,0.009290329,0.09087041,-0.1565709,0.05758795,0.05758795,0.1342084
7489,5.710773,0.009241519,0.0909768,-0.1564024,0.05721772,0.05721772,0.1332404
7490,5.711561,0.009247194,0.09096348,-0.1563348,0.05723472,0.05723472,0.1332449
7491,5.712295,0.009255986,0.0910832,-0.1562302,0.05794721,0.05794721,0.133218
7492,5.713054,0.009263221,0.09113644,-0.156144,0.05826437,0.05826437,0.133212
7493,5.71392,0.009276127,0.09117644,-0.1559904,0.05953024,0.05953024,0.1332595
7494,5.714677,0.009281797,0.09116325,-0.1559229,0.05839973,0.05839973,0.1326948
7495,5.71541,0.009289034,0.09121651,-0.1558367,0.05841587,0.05841587,0.1326993
7496,5.718341,0.009323641,0.09141659,-0.1554247,0.05817047,0.05817047,0.133556
7497,5.719196,0.009329309,0.09140359,-0.1553572,0.05784338,0.05784338,0.1321592
7498,5.719925,0.009336545,0.09145695,-0.1552711,0.05727892,0.05727892,0.131955
7499,5.72069,0.00934378,0.0915103,-0.1551849,0.05859272,0.05859272,0.131338
7500,5.721674,0.009358254,0.09161701,-0.1550126,0.06006717,0.06006717,0.1314294
7501,5.722412,0.009365493,0.09167035,-0.1549264,0.06008185,0.06008185,0.1314337
7502,5.723249,0.009308575,0.0916575,-0.1548628,0.05864565,0.05864565,0.1306743
7503,5.724,0.009315848,0.09171088,-0.1547766,0.05796545,0.05796545,0.1303649
7504,5.724748,0.009323119,0.09176427,-0.1546905,0.05839838,0.05839838,0.130529
7505,5.725514,0.009330392,0.09181766,-0.1546043,0.05841334,0.05841334,0.1305324
7506,5.726276,0.009337667,0.09187107,-0.1545181,0.05922236,0.05922236,0.1287466
7507,5.727124,0.009344941,0.09192446,-0.1544319,0.05976409,0.05976409,0.1291354
7508,5.727867,0.009357901,0.09196524,-0.1542784,0.05878245,0.05878245,0.1285955
7509,5.728635,0.009365176,0.09201866,-0.1541922,0.0589755,0.0589755,0.12685
7510,5.729357,0.009372451,0.09207209,-0.154106,0.05898895,0.05898895,0.1268535
7511,5.730175,0.009385408,0.09211295,-0.1539525,0.05853688,0.05853688,0.1273483
7512,5.730946,0.009387003,0.09217899,-0.1539336,0.06014004,0.06014004,0.1270221
7513,5.731652,0.009332144,0.09223244,-0.1538511,0.05981198,0.05981198,0.1265357
7514,5.732357,0.009337849,0.09221989,-0.1537838,0.05985118,0.05985118,0.126522
7515,5.733084,0.009345159,0.09227341,-0.1536976,0.06005827,0.06005827,0.1254973
7516,5.733898,0.009352472,0.09232689,-0.1536114,0.06072085,0.06072085,0.124518
7517,5.734704,0.009361397,0.09244628,-0.1535062,0.06068799,0.06068799,0.1250989
7518,5.73548,0.009367096,0.09243385,-0.153439,0.06072631,0.06072631,0.125085
7519,5.736247,0.009380111,0.09247497,-0.1532855,0.05982794,0.05982794,0.1226718
7520,5.737072,0.009381725,0.09254085,-0.1532665,0.06131919,0.06131919,0.121499
7521,5.737801,0.009389037,0.09259435,-0.1531803,0.06104695,0.06104695,0.1209484
7522,5.738617,0.009396357,0.09264787,-0.1530939,0.06105743,0.06105743,0.1209521
7523,5.73948,0.009409367,0.09268907,-0.1529405,0.06173491,0.06173491,0.1213023
7524,5.740273,0.009416682,0.09274264,-0.1528543,0.06099939,0.06099939,0.1208651
7525,5.741155,0.009423998,0.09279618,-0.152768,0.06201501,0.06201501,0.1214122
7526,5.741871,0.009431313,0.09284972,-0.1526818,0.06167262,0.06167262,0.1208737
7527,5.742568,0.009432936,0.09291544,-0.1526626,0.06168251,0.06168251,0.1208774
7528,5.743317,0.009378595,0.09296896,-0.1525802,0.06265673,0.06265673,0.1194202
7529,5.744057,0.009385947,0.09302251,-0.1524939,0.06250295,0.06250295,0.1159923
7530,5.744895,0.009393301,0.09307602,-0.1524076,0.06173877,0.06173877,0.1157537
7531,5.745661,0.009406372,0.09311746,-0.1522542,0.06166055,0.06166055,0.1152467
7532,5.746459,0.009408012,0.09318312,-0.152235,0.06166876,0.06166876,0.1152504
7533,5.747237,0.009413728,0.09317105,-0.1521679,0.06362087,0.06362087,0.1147935
7534,5.748058,0.00942108,0.09322461,-0.1520816,0.06360121,0.06360121,0.1129487
7535,5.748815,0.009428434,0.09327817,-0.1519953,0.06281918,0.06281918,0.1131103
7536,5.749531,0.00943579,0.09333173,-0.151909,0.06282617,0.06282617,0.1131142
7537,5.750253,0.009443143,0.09338531,-0.1518227,0.0632353,0.0632353,0.1122278
7538,5.750962,0.009450499,0.09343889,-0.1517364,0.06441544,0.06441544,0.1135768
7539,5.751694,0.009457855,0.09349246,-0.15165,0.06362295,0.06362295,0.1108941
7540,5.752469,0.009459501,0.09355798,-0.1516307,0.06362295,0.06362295,0.1108941
7541,5.753184,0.009466859,0.09361155,-0.1515444,0.06254163,0.06254163,0.1102281
7542,5.753917,0.009472569,0.09359966,-0.1514774,0.06325243,0.06325243,0.1083276
7543,5.754625,0.009479925,0.09365324,-0.1513911,0.0632575,0.0632575,0.108332
7544,5.755451,0.009426155,0.09370682,-0.1513085,0.06398299,0.06398299,0.1093951
7545,5.75629,0.009433547,0.09376042,-0.1512222,0.06265911,0.06265911,0.1078063
7546,5.757041,0.009435209,0.0938258,-0.1512028,0.06376598,0.06376598,0.1069869
7547,5.757775,0.009442603,0.0938794,-0.1511164,0.06339496,0.06339496,0.104928
7548,5.758497,0.009448334,0.09386764,-0.1510495,0.06342415,0.06342415,0.1049138
7549,5.759211,0.009455725,0.09392121,-0.1509632,0.06352189,0.06352189,0.1064277
7550,5.759947,0.009463121,0.09397483,-0.1508768,0.06349641,0.06349641,0.1064461
7551,5.760665,0.009470513,0.09402841,-0.1507905,0.063879,0.063879,0.103271
7552,5.76168,0.009477911,0.09408204,-0.1507041,0.06332939,0.06332939,0.1048607
7553,5.762499,0.009485306,0.09413566,-0.1506177,0.06385247,0.06385247,0.1032133
7554,5.763238,0.0094927,0.09418927,-0.1505313,0.06285653,0.06285653,0.1025968
7555,5.764098,0.009500097,0.09424293,-0.1504449,0.06378355,0.06378355,0.1038876
7556,5.764816,0.009501768,0.09430808,-0.1504254,0.06236673,0.06236673,0.1034659
7557,5.765522,0.009509169,0.09436169,-0.150339,0.06237022,0.06237022,0.1034699
7558,5.766264,0.009516567,0.09441529,-0.1502526,0.06346606,0.06346606,0.1032873
7559,5.767038,0.009522285,0.09440377,-0.1501858,0.06351377,0.06351377,0.1038845
7560,5.767815,0.009529684,0.0944574,-0.1500994,0.06227744,0.06227744,0.1025609
7561,5.768541,0.009531362,0.09452251,-0.1500798,0.06225251,0.06225251,0.1025787
7562,5.769282,0.009544477,0.09456465,-0.1499266,0.06355962,0.06355962,0.1017101
7563,5.770113,0.009546162,0.09462973,-0.1499069,0.06353448,0.06353448,0.1017285
7564,5.770837,0.009553556,0.09468333,-0.1498206,0.06353966,0.06353966,0.1009151
7565,5.771664,0.009560957,0.09473693,-0.1497342,0.06239763,0.06239763,0.09984014
7566,5.772388,0.009566672,0.09472554,-0.1496674,0.06242451,0.06242451,0.09982605
7567,5.773154,0.009574071,0.09477921,-0.149581,0.06180796,0.06180796,0.09950785
7568,5.773903,0.009581471,0.09483285,-0.1494946,0.06181017,0.06181017,0.09951146
7569,5.77464,0.009588869,0.09488648,-0.1494082,0.06129589,0.06129589,0.09963942
7570,5.775401,0.009596268,0.09494013,-0.1493217,0.06095883,0.06095883,0.09941372
7571,5.776231,0.009603669,0.09499377,-0.1492353,0.06067657,0.06067657,0.09963453
7572,5.776959,0.009603669,0.09499377,-0.1492353,0.06067657,0.06067657,0.09963453
7573,5.777585,0.009609375,0.09498253,-0.1491687,0.0608983,0.0608983,0.09974503
7574,5.77827,0.009618469,0.09510106,-0.1490625,0.0592392,0.0592392,0.09826931
7575,5.779028,0.009618469,0.09510106,-0.1490625,0.0592392,0.0592392,0.09826931
7576,5.779649,0.009631575,0.09514356,-0.1489094,0.06132933,0.06132933,0.09943431
7577,5.780403,0.009631575,0.09514356,-0.1489094,0.06038034,0.06038034,0.09916465
7578,5.781304,0.009646375,0.09525089,-0.1487366,0.05936664,0.05936664,0.09799379
7579,5.782079,0.009646375,0.09525089,-0.1487366,0.05939316,0.05939316,0.09797987
7580,5.782714,0.009653777,0.09530458,-0.1486501,0.05926665,0.05926665,0.09752364
7581,5.783421,0.009661176,0.09535827,-0.1485637,0.05949216,0.05949216,0.09860755
7582,5.784219,0.009674275,0.09540093,-0.1484107,0.05917442,0.05917442,0.09931705
7583,5.784916,0.009674275,0.09540093,-0.1484107,0.05917442,0.05917442,0.09931705
7584,5.785556,0.009681677,0.09545467,-0.1483243,0.05781781,0.05781781,0.09981266
7585,5.786251,0.009689075,0.09550834,-0.1482378,0.05659938,0.05659938,0.09871911
7586,5.786935,0.009694775,0.09549738,-0.1481713,0.05659938,0.05659938,0.09871911
7587,5.787739,0.009702171,0.09555112,-0.1480849,0.05678246,0.05678246,0.09918933
7588,5.788456,0.009707867,0.09554021,-0.1480184,0.05557015,0.05557015,0.09883968
7589,5.789166,0.009715266,0.09559397,-0.1479319,0.05482052,0.05482052,0.09991031
7590,5.789881,0.009716971,0.09565861,-0.147912,0.05482506,0.05482506,0.09991069
7591,5.790632,0.009730063,0.09570149,-0.1477591,0.0551527,0.0551527,0.09935077
7592,5.791507,0.009735756,0.09569068,-0.1476927,0.05449918,0.05449918,0.1002624
7593,5.792445,0.009743153,0.09574448,-0.1476063,0.05338484,0.05338484,0.1004542
7594,5.79326,0.009750552,0.09579828,-0.1475199,0.05146295,0.05146295,0.1000005
7595,5.794009,0.009757947,0.09585206,-0.1474335,0.0514917,0.0514917,0.09998682
7596,5.794717,0.009765348,0.09590583,-0.147347,0.05128801,0.05128801,0.1004786
7597,5.795403,0.009771035,0.09589516,-0.1472806,0.05128452,0.05128452,0.1013282
7598,5.796103,0.009771035,0.09589516,-0.1472806,0.05128452,0.05128452,0.1013282
7599,5.796741,0.009784116,0.09593832,-0.1471278,0.05131046,0.05131046,0.1013724
7600,5.797501,0.009791514,0.09599219,-0.1470414,0.05045569,0.05045569,0.1039833
7601,5.79832,0.00979891,0.096046,-0.1469551,0.05066151,0.05066151,0.1040428
7602,5.799072,0.009804595,0.09603544,-0.1468887,0.05066151,0.05066151,0.1040428
7603,5.799901,0.009811991,0.09608932,-0.1468023,0.05164183,0.05164183,0.1038344
7604,5.800701,0.009819386,0.09614319,-0.1467159,0.04994063,0.04994063,0.1033904
7605,5.80161,0.009825069,0.0961327,-0.1466496,0.04939055,0.04939055,0.1034834
7606,5.802349,0.009832461,0.09618659,-0.1465632,0.04850595,0.04850595,0.1032333
7607,5.803074,0.009839853,0.09624046,-0.1464769,0.04851358,0.04851358,0.1032303
7608,5.803782,0.009852927,0.09628397,-0.1463242,0.04877791,0.04877791,0.1036996
7609,5.804529,0.009852927,0.09628397,-0.1463242,0.04861037,0.04861037,0.1046851
7610,5.805323,0.009865996,0.09632754,-0.1461716,0.04806695,0.04806695,0.104406
7611,5.811108,0.009906909,0.09652287,-0.1456937,0.04515104,0.04515104,0.1054676
7612,5.812003,0.009919968,0.09656672,-0.1455412,0.0457263,0.0457263,0.1057566
7613,5.812788,0.009927356,0.09662072,-0.1454549,0.04498602,0.04498602,0.1060218
7614,5.813521,0.009933026,0.09661063,-0.1453887,0.04386704,0.04386704,0.1049161
7615,5.814276,0.009946079,0.0966546,-0.1452363,0.04335824,0.04335824,0.1050849
7616,5.815028,0.009947802,0.09671865,-0.1452161,0.04339036,0.04339036,0.105071
7617,5.815744,0.009955189,0.09677273,-0.1451298,0.04274324,0.04274324,0.1056577
7618,5.816478,0.009960853,0.09676273,-0.1450637,0.04346882,0.04346882,0.1046915
7619,5.817242,0.009966516,0.09675278,-0.1449976,0.04344229,0.04344229,0.1049546
7620,5.817984,0.0099739,0.0968068,-0.1449113,0.04345208,0.04345208,0.1049487
7621,5.818812,0.009979561,0.0967969,-0.1448452,0.04149978,0.04149978,0.1049846
7622,5.819577,0.009986946,0.09685101,-0.144759,0.0415558,0.0415558,0.1054773
7623,5.82042,0.009994332,0.0969051,-0.1446727,0.04083844,0.04083844,0.1042768
7624,5.8213,0.01000172,0.09695919,-0.1445864,0.04112675,0.04112675,0.1042109
7625,5.822132,0.01000737,0.09694938,-0.1445204,0.04110505,0.04110505,0.1042181
7626,5.822877,0.0100091,0.09701329,-0.1445002,0.0412032,0.0412032,0.1040053
7627,5.823664,0.01001476,0.09700349,-0.1444342,0.04082632,0.04082632,0.1021382
7628,5.824409,0.01002041,0.09699373,-0.1443681,0.04073263,0.04073263,0.1024346
7629,5.825247,0.01003345,0.09703813,-0.1442158,0.03876626,0.03876626,0.1023154
7630,5.826011,0.01003518,0.09710201,-0.1441956,0.03874524,0.03874524,0.1023217
7631,5.826764,0.01004083,0.09709231,-0.1441296,0.03937398,0.03937398,0.1012632
7632,5.827486,0.01004083,0.09709231,-0.1441296,0.03936734,0.03936734,0.1013085
7633,5.82811,0.01004821,0.09714645,-0.1440434,0.03937765,0.03937765,0.1013014
7634,5.828878,0.0100556,0.09720062,-0.1439572,0.03783729,0.03783729,0.09646514
7635,5.8296,0.01006125,0.09719101,-0.1438912,0.03762163,0.03762163,0.09816711
7636,5.830295,0.01006863,0.09724519,-0.143805,0.03810641,0.03810641,0.09661687
7637,5.83105,0.01006863,0.09724519,-0.143805,0.03810641,0.03810641,0.09661687
7638,5.831756,0.01007601,0.09729936,-0.1437188,0.03819412,0.03819412,0.09599775
7639,5.835193,0.01010205,0.09738873,-0.1434146,0.03559973,0.03559973,0.0920203
7640,5.835982,0.01010769,0.0973793,-0.1433487,0.03560895,0.03560895,0.09201336
7641,5.836733,0.01011507,0.09743357,-0.1432626,0.03490579,0.03490579,0.09106272
7642,5.837508,0.01011507,0.09743357,-0.1432626,0.03485317,0.03485317,0.08946552
7643,5.838202,0.01012072,0.09742415,-0.1431966,0.03435657,0.03435657,0.09027351
7644,5.83892,0.01012636,0.09741479,-0.1431307,0.03438452,0.03438452,0.09026115
7645,5.839762,0.01012809,0.09747838,-0.1431105,0.03275049,0.03275049,0.08869905
7646,5.840524,0.01013937,0.0974597,-0.1429788,0.03281141,0.03281141,0.08560888
7647,5.841425,0.01014111,0.09752335,-0.1429585,0.03223876,0.03223876,0.08821087
7648,5.842174,0.01014674,0.09751405,-0.1428927,0.03226633,0.03226633,0.08819886
7649,5.842927,0.01015238,0.09750476,-0.1428268,0.03182523,0.03182523,0.08571772
7650,5.843634,0.01015802,0.09749554,-0.1427609,0.03162325,0.03162325,0.08733766
7651,5.844359,0.01015976,0.09755911,-0.1427407,0.02791638,0.02791638,0.08629963
7652,5.845072,0.01016539,0.09754986,-0.1426748,0.02794416,0.02794416,0.08628826
7653,5.845872,0.01017276,0.09760424,-0.1425888,0.02826911,0.02826911,0.08402901
7654,5.846583,0.01017276,0.09760424,-0.1425888,0.02780463,0.02780463,0.08374415
7655,5.847228,0.0101784,0.09759505,-0.142523,0.02681682,0.02681682,0.0840782
7656,5.847943,0.01018577,0.09764942,-0.1424369,0.02682758,0.02682758,0.08406977
7657,5.848677,0.01018577,0.09764942,-0.1424369,0.02615034,0.02615034,0.08343156
7658,5.849308,0.0101914,0.0976403,-0.1423711,0.02598501,0.02598501,0.08147807
7659,5.850157,0.01019703,0.09763121,-0.1423053,0.02601128,0.02601128,0.08146727
7660,5.850965,0.0102044,0.09768561,-0.1422193,0.02611669,0.02611669,0.08076888
7661,5.851714,0.01021003,0.09767658,-0.1421535,0.02335444,0.02335444,0.07986979
7662,5.852432,0.01021003,0.09767658,-0.1421535,0.02240659,0.02240659,0.07908
7663,5.853066,0.01021566,0.09766756,-0.1420877,0.02243268,0.02243268,0.07906977
7664,5.853794,0.01022303,0.09772202,-0.1420018,0.02250926,0.02250926,0.07858287
7665,5.854537,0.01022303,0.09772202,-0.1420018,0.02169385,0.02169385,0.07844148
7666,5.855179,0.01022865,0.09771304,-0.141936,0.02169385,0.02169385,0.07844148
7667,5.855892,0.01023429,0.0977041,-0.1418702,0.02185157,0.02185157,0.07764225
7668,5.856619,0.01023601,0.09776752,-0.1418501,0.01988114,0.01988114,0.07576711
7669,5.857447,0.01024164,0.09775858,-0.1417843,0.01991085,0.01991085,0.07562356
7670,5.858232,0.0102529,0.09774086,-0.1416529,0.01992793,0.01992793,0.07567447
7671,5.859034,0.01025463,0.09780427,-0.1416326,0.01993937,0.01993937,0.07566528
7672,5.859774,0.01026026,0.09779543,-0.1415669,0.01907162,0.01907162,0.07703158
7673,5.860527,0.01026588,0.09778661,-0.1415012,0.01939363,0.01939363,0.07499564
7674,5.861481,0.01026761,0.09784995,-0.141481,0.01867779,0.01867779,0.07498208
7675,5.862303,0.01027324,0.09784116,-0.1414153,0.01864944,0.01864944,0.07527295
7676,5.863009,0.01027324,0.09784116,-0.1414153,0.01864944,0.01864944,0.07527295
7677,5.863647,0.01027886,0.0978324,-0.1413496,0.01876526,0.01876526,0.07458448
7678,5.864356,0.01028449,0.09782366,-0.1412839,0.01874436,0.01874436,0.0749212
7679,5.86514,0.01029011,0.09781495,-0.1412183,0.01876958,0.01876958,0.07491159
7680,5.865974,0.01029011,0.09781495,-0.1412183,0.01878661,0.01878661,0.07478293
7681,5.86662,0.01029746,0.09786958,-0.1411324,0.01507607,0.01507607,0.07240784
7682,5.867424,0.01030308,0.0978609,-0.1410667,0.01508875,0.01508875,0.07239772
7683,5.868144,0.01030308,0.0978609,-0.1410667,0.0150458,0.0150458,0.07272387
7684,5.868841,0.01031432,0.09784368,-0.1409355,0.01504154,0.01504154,0.07293902
7685,5.869588,0.01031432,0.09784368,-0.1409355,0.0150668,0.0150668,0.07293001
7686,5.870228,0.01031994,0.09783511,-0.1408698,0.01511201,0.01511201,0.07276789
7687,5.870912,0.01032729,0.09788981,-0.1407841,0.01464264,0.01464264,0.07274958
7688,5.871729,0.01033291,0.09788128,-0.1407184,0.01248201,0.01248201,0.0727079
7689,5.872459,0.01033291,0.09788128,-0.1407184,0.01250774,0.01250774,0.07269916
7690,5.873113,0.01033291,0.09788128,-0.1407184,0.01268371,0.01268371,0.07134279
7691,5.873733,0.01034414,0.0978643,-0.1405872,0.01268034,0.01268034,0.07155456
7692,5.87454,0.01034414,0.0978643,-0.1405872,0.01270557,0.01270557,0.07154588
7693,5.875213,0.01034976,0.09785587,-0.1405216,0.01170149,0.01170149,0.07112128
7694,5.875995,0.01034976,0.09785587,-0.1405216,0.01174156,0.01174156,0.07080945
7695,5.87666,0.01035537,0.09784744,-0.140456,0.01176671,0.01176671,0.07080093
7696,5.877461,0.01036099,0.09783906,-0.1403905,0.01172149,0.01172149,0.07115398
7697,5.878262,0.01036833,0.0978939,-0.1403047,0.01184764,0.01184764,0.07045037
7698,5.878988,0.01036833,0.0978939,-0.1403047,0.008054703,0.008054703,0.06900962
7699,5.879665,0.01037394,0.09788556,-0.1402392,0.008079959,0.008079959,0.06900165
7700,5.880494,0.01037394,0.09788556,-0.1402392,0.008042605,0.008042605,0.06929582
7701,5.881335,0.01037955,0.09787726,-0.1401736,0.008103667,0.008103667,0.06900574
7702,5.882058,0.01038517,0.09786897,-0.1401081,0.006446631,0.006446631,0.06848249
7703,5.882806,0.01039078,0.09786071,-0.1400425,0.006431354,0.006431354,0.06879833
7704,5.883518,0.01039078,0.09786071,-0.1400425,0.006431354,0.006431354,0.06879833
7705,5.88423,0.01040201,0.0978443,-0.1399114,0.006422403,0.006422403,0.06906566
7706,5.885048,0.01040201,0.0978443,-0.1399114,0.006523215,0.006523215,0.06845601
7707,5.88576,0.01040762,0.0978361,-0.1398459,0.006536551,0.006536551,0.06854487
7708,5.886539,0.01040762,0.0978361,-0.1398459,0.006536551,0.006536551,0.06854487
7709,5.887187,0.01040762,0.0978361,-0.1398459,-0.007951135,-0.007951135,0.06385377
7710,5.887967,0.01041323,0.09782796,-0.1397803,-0.007771337,-0.007771337,0.06261576
7711,5.888689,0.01041884,0.09781984,-0.1397148,-0.007771337,-0.007771337,0.06261576
7712,5.891427,0.01041884,0.09781984,-0.1397148,-0.007678885,-0.007678885,0.06207548
7713,5.892136,0.01043177,0.0978668,-0.1395638,0.0008891221,0.0008891221,0.06401664
7714,5.893008,0.01043738,0.09785874,-0.1394983,0.001050847,0.001050847,0.06289376
7715,5.893805,0.01044299,0.09785073,-0.1394328,0.001226712,0.001226712,0.06164759
7716,5.894659,0.01044299,0.09785073,-0.1394328,0.001226712,0.001226712,0.06164759
7717,5.895408,0.0104486,0.09784274,-0.1393673,0.001250597,0.001250597,0.06164104
7718,5.896125,0.0104486,0.09784274,-0.1393673,0.001310941,0.001310941,0.0611455
7719,5.896753,0.0104542,0.09783477,-0.1393018,0.001310941,0.001310941,0.0611455
7720,5.897498,0.0104542,0.09783477,-0.1393018,0.001529868,0.001529868,0.05953007
7721,5.898139,0.01045981,0.09782685,-0.1392364,0.0007785077,0.0007785077,0.05874683
7722,5.898839,0.01045981,0.09782685,-0.1392364,0.0008892433,0.0008892433,0.05783134
7723,5.89952,0.01045981,0.09782685,-0.1392364,0.0008892433,0.0008892433,0.05783134
7724,5.900158,0.01046541,0.09781896,-0.1391709,-0.006680703,-0.006680703,0.05541929
7725,5.901153,0.01047102,0.09781107,-0.1391054,-0.006251713,-0.006251713,0.05186064
7726,5.901951,0.01047102,0.09781107,-0.1391054,-0.006235826,-0.006235826,0.05190463
7727,5.902606,0.01047662,0.09780321,-0.13904,-0.006235826,-0.006235826,0.05190463
7728,5.90338,0.01047662,0.09780321,-0.13904,-0.006152983,-0.006152983,0.05138974
7729,5.904039,0.01047662,0.09780321,-0.13904,-0.006152983,-0.006152983,0.05138974
7730,5.904705,0.01047662,0.09780321,-0.13904,-0.006152983,-0.006152983,0.05138974
7731,5.905372,0.01048223,0.0977954,-0.1389745,-0.00601532,-0.00601532,0.05041179
7732,5.906072,0.01048223,0.0977954,-0.1389745,-0.005597006,-0.005597006,0.04690608
7733,5.906686,0.01048783,0.0977876,-0.1389091,-0.005577371,-0.005577371,0.04690184
7734,5.907378,0.01048783,0.0977876,-0.1389091,-0.00557015,-0.00557015,0.04684111
7735,5.908023,0.01049343,0.09777982,-0.1388436,-0.005550527,-0.005550527,0.04683686
7736,5.908758,0.01049343,0.09777982,-0.1388436,-0.005550527,-0.005550527,0.04683686
7737,5.909413,0.01049343,0.09777982,-0.1388436,-0.005492873,-0.005492873,0.04635036
7738,5.910127,0.01049903,0.09777211,-0.1387782,-0.005492873,-0.005492873,0.04635036
7739,5.910899,0.01049903,0.09777211,-0.1387782,-0.005145511,-0.005145511,0.04356904
7740,5.911527,0.01049903,0.09777211,-0.1387782,-0.005145511,-0.005145511,0.04356904
7741,5.912166,0.01049903,0.09777211,-0.1387782,-0.005079196,-0.005079196,0.04300752
7742,5.912797,0.01050464,0.09776439,-0.1387128,-0.005061188,-0.005061188,0.04300359
7743,5.913551,0.01050464,0.09776439,-0.1387128,-0.005061188,-0.005061188,0.04300359
7744,5.914255,0.01050464,0.09776439,-0.1387128,-0.00459554,-0.00459554,0.03904709
7745,5.914954,0.01050464,0.09776439,-0.1387128,-0.00459554,-0.00459554,0.03904709
7746,5.915735,0.01051024,0.09775668,-0.1386473,-0.0045792,-0.0045792,0.03904352
7747,5.916511,0.01051024,0.09775668,-0.1386473,-0.004231422,-0.004231422,0.03607826
7748,5.917176,0.01051024,0.09775668,-0.1386473,-0.004140257,-0.004140257,0.03530097
7749,5.917877,0.01051584,0.09774903,-0.138582,-0.004140257,-0.004140257,0.03530097
7750,5.918582,0.01051584,0.09774903,-0.138582,-0.004125499,-0.004125499,0.03529772
7751,5.91921,0.01051584,0.09774903,-0.138582,-0.003923949,-0.003923949,0.03357327
7752,5.919848,0.01051584,0.09774903,-0.138582,-0.003814452,-0.003814452,0.03263641
7753,5.920463,0.01051584,0.09774903,-0.138582,-0.003814452,-0.003814452,0.03263641
7754,5.921248,0.01051584,0.09774903,-0.138582,-0.003814452,-0.003814452,0.03263641
7755,5.921863,0.01051584,0.09774903,-0.138582,-0.003814452,-0.003814452,0.03263641
7756,5.92249,0.01051584,0.09774903,-0.138582,-0.003814452,-0.003814452,0.03263641
7757,5.923116,0.01051584,0.09774903,-0.138582,-0.003814452,-0.003814452,0.03263641
7758,5.923745,0.01051584,0.09774903,-0.138582,-0.003814452,-0.003814452,0.03263641
7759,5.924368,0.01052144,0.0977414,-0.1385165,-0.0038008,-0.0038008,0.03263341
7760,5.925401,0.01052144,0.0977414,-0.1385165,-0.002577855,-0.002577855,0.02213329
7761,5.926103,0.01052144,0.0977414,-0.1385165,-0.002577855,-0.002577855,0.02213329
7762,5.926773,0.01052144,0.0977414,-0.1385165,-0.002577855,-0.002577855,0.02213329
7763,5.927495,0.01052144,0.0977414,-0.1385165,-0.002577855,-0.002577855,0.02213329
7764,5.928179,0.01052144,0.0977414,-0.1385165,-0.002577855,-0.002577855,0.02213329
7765,5.928808,0.01052144,0.0977414,-0.1385165,-0.002577855,-0.002577855,0.02213329
7766,5.929427,0.01052144,0.0977414,-0.1385165,-0.002577855,-0.002577855,0.02213329
7767,5.930163,0.01052144,0.0977414,-0.1385165,-0.002577855,-0.002577855,0.02213329
7768,5.930857,0.01052144,0.0977414,-0.1385165,-0.002577855,-0.002577855,0.02213329
7769,5.931548,0.01052144,0.0977414,-0.1385165,-0.002577855,-0.002577855,0.02213329
7770,5.932206,0.01052144,0.0977414,-0.1385165,-0.002577855,-0.002577855,0.02213329
7771,5.932829,0.01052144,0.0977414,-0.1385165,0,0,0
7772,5.933442,0.01052144,0.0977414,-0.1385165,0,0,0
7773,5.934059,0.01052144,0.0977414,-0.1385165,0,0,0
7774,5.934675,0.01052144,0.0977414,-0.1385165,0,0,0
7775,5.935292,0.01052144,0.0977414,-0.1385165,0,0,0
7776,5.935911,0.01052144,0.0977414,-0.1385165,0,0,0
7777,5.936538,0.01052144,0.0977414,-0.1385165,0,0,0
7778,5.93716,0.01052144,0.0977414,-0.1385165,0,0,0
7779,5.937881,0.01052144,0.0977414,-0.1385165,0,0,0
7780,5.93854,0.01052144,0.0977414,-0.1385165,0,0,0
7781,5.939291,0.01052144,0.0977414,-0.1385165,0,0,0
7782,5.939986,0.01052144,0.0977414,-0.1385165,0,0,0
7783,5.940793,0.01052144,0.0977414,-0.1385165,0,0,0
7784,5.941573,0.01052144,0.0977414,-0.1385165,0,0,0
7785,5.942221,0.01046546,0.0977414,-0.1385208,0,0,0
7786,5.94296,0.01046546,0.0977414,-0.1385208,0,0,-2.262758E-05
7787,5.943619,0.01046546,0.0977414,-0.1385208,0,0,-2.262758E-05
7788,5.944265,0.01046546,0.0977414,-0.1385208,0,0,-2.262758E-05
7789,5.944952,0.01046546,0.0977414,-0.1385208,0,0,-2.262758E-05
7790,5.945572,0.01046546,0.0977414,-0.1385208,0,0,-2.262758E-05
7791,5.94624,0.01046546,0.0977414,-0.1385208,0,0,-2.262758E-05
7792,5.946911,0.01046409,0.09769103,-0.1385367,0,0,-2.262462E-05
7793,5.947721,0.01046409,0.09769103,-0.1385367,0,0,-2.262462E-05
7794,5.948375,0.01046409,0.09769103,-0.1385367,0,0,-2.262462E-05
7795,5.949009,0.01046409,0.09769103,-0.1385367,0,0,-2.262462E-05
7796,5.949618,0.01046409,0.09769103,-0.1385367,0,0,-2.262462E-05
7797,5.950231,0.01046409,0.09769103,-0.1385367,0,0,-2.262462E-05
7798,5.950853,0.01040812,0.09769103,-0.1385409,0,0,-4.296082E-05
7799,5.951571,0.01040812,0.09769103,-0.1385409,0,0,-4.296082E-05
7800,5.952209,0.01040812,0.09769103,-0.1385409,0,0,-4.296082E-05
7801,5.952833,0.01040812,0.09769103,-0.1385409,0,0,-4.296082E-05
7802,5.953458,0.01040812,0.09769103,-0.1385409,0,0,-4.296082E-05
7803,5.954069,0.01040812,0.09769103,-0.1385409,0,0,-4.296082E-05
7804,5.954671,0.01040812,0.09769103,-0.1385409,0,0,-4.296082E-05
7805,5.955532,0.01040812,0.09769103,-0.1385409,0,0,-4.296082E-05
7806,5.956282,0.01040812,0.09769103,-0.1385409,0,0,-4.296082E-05
7807,5.95701,0.01040812,0.09769103,-0.1385409,0,0,-4.296082E-05
7808,5.957763,0.01040812,0.09769103,-0.1385409,0,0,-4.296082E-05
7809,5.958519,0.01040812,0.09769103,-0.1385409,0,0,-4.296082E-05
7810,5.959214,0.01040812,0.09769103,-0.1385409,0,0,0
7811,5.959869,0.01040644,0.09762926,-0.1385604,-0.0009219066,-0.0009219066,-0.000290241
7812,5.960623,0.01040192,0.09763534,-0.1386127,-0.0009219821,-0.0009219821,-0.0002903572
7813,5.961635,0.01040192,0.09763534,-0.1386127,-0.0009219821,-0.0009219821,-0.0002903572
7814,5.962254,0.01040192,0.09763534,-0.1386127,-0.0009219821,-0.0009219821,-0.0002903572
7815,5.962882,0.01040192,0.09763534,-0.1386127,-0.0009219821,-0.0009219821,-0.0002903572
7816,5.963498,0.01040192,0.09763534,-0.1386127,-0.0009219821,-0.0009219821,-0.0002903572
7817,5.964106,0.01040192,0.09763534,-0.1386127,-0.0009219821,-0.0009219821,-0.0002903572
7818,5.964734,0.01040192,0.09763534,-0.1386127,-0.0009219821,-0.0009219821,-0.0002903572
7819,5.965359,0.01039637,0.09764285,-0.1386768,-0.0007354861,-0.0007354861,-0.001885325
7820,5.96612,0.01039637,0.09764285,-0.1386768,-0.0007354861,-0.0007354861,-0.001885325
7821,5.966756,0.01039637,0.09764285,-0.1386768,-0.0007354861,-0.0007354861,-0.001885325
7822,5.96739,0.01038902,0.09758754,-0.1387619,-0.005835142,-0.005835142,-0.004988899
7823,5.97,0.01038902,0.09758754,-0.1387619,-0.005835142,-0.005835142,-0.004988899
7824,5.970734,0.01038336,0.09759523,-0.1388274,-0.005834502,-0.005834502,-0.004990149
7825,5.971509,0.01038336,0.09759523,-0.1388274,-0.00569552,-0.00569552,-0.006171012
7826,5.972138,0.01038336,0.09759523,-0.1388274,-0.00569552,-0.00569552,-0.006171012
7827,5.97278,0.0103777,0.09760295,-0.1388928,-0.005694385,-0.005694385,-0.00617237
7828,5.973522,0.0103777,0.09760295,-0.1388928,-0.00355616,-0.00355616,-0.02427714
7829,5.974159,0.0103777,0.09760295,-0.1388928,-0.00355616,-0.00355616,-0.02427714
7830,5.974792,0.0103777,0.09760295,-0.1388928,-0.00355616,-0.00355616,-0.02427714
7831,5.975403,0.01037204,0.0976107,-0.1389583,0.002759834,0.002759834,-0.02328761
7832,5.976284,0.01037033,0.09754762,-0.1389781,-0.003697111,-0.003697111,-0.02532223
7833,5.977061,0.01036467,0.0975554,-0.1390436,-0.003546952,-0.003546952,-0.02651265
7834,5.977812,0.01036467,0.0975554,-0.1390436,-0.003546952,-0.003546952,-0.02651265
7835,5.978528,0.01035901,0.09756319,-0.1391091,-0.00353735,-0.00353735,-0.02651587
7836,5.979294,0.01035901,0.09756319,-0.1391091,-0.003372726,-0.003372726,-0.02789682
7837,5.979938,0.01035901,0.09756319,-0.1391091,-0.003372726,-0.003372726,-0.02789682
7838,5.980586,0.01035163,0.09750786,-0.1391945,-0.00336678,-0.00336678,-0.02790176
7839,5.981481,0.01035163,0.09750786,-0.1391945,-0.004253749,-0.004253749,-0.0292385
7840,5.982194,0.01034597,0.09751572,-0.13926,-0.00424323,-0.00424323,-0.02924207
7841,5.985619,0.01033465,0.09753147,-0.139391,-0.004058533,-0.004058533,-0.03060475
7842,5.986424,0.01032898,0.09753941,-0.1394565,-0.00353925,-0.00353925,-0.03480349
7843,5.98722,0.01032898,0.09753941,-0.1394565,-0.003331627,-0.003331627,-0.03651743
7844,5.987958,0.01032898,0.09753941,-0.1394565,-0.003331627,-0.003331627,-0.03651743
7845,5.988602,0.01026693,0.09754734,-0.1395262,-0.003318048,-0.003318048,-0.03652033
7846,5.989367,0.01026693,0.09754734,-0.1395262,0.004105717,0.004105717,-0.03388722
7847,5.990015,0.01026124,0.09755532,-0.1395917,0.004516556,0.004516556,-0.03714252
7848,5.990724,0.01026124,0.09755532,-0.1395917,0.004516556,0.004516556,-0.03714252
7849,5.991367,0.01026124,0.09755532,-0.1395917,0.004516556,0.004516556,-0.03714252
7850,5.992049,0.01025555,0.09756331,-0.1396573,0.004571404,0.004571404,-0.03746685
7851,5.992785,0.01024986,0.09757136,-0.1397228,0.004587085,0.004587085,-0.03747007
7852,5.993479,0.01024417,0.09757943,-0.1397883,0.004747745,0.004747745,-0.03865001
7853,5.994186,0.01024417,0.09757943,-0.1397883,0.004898069,0.004898069,-0.03987029
7854,5.994804,0.01023847,0.09758753,-0.1398539,0.004914781,0.004914781,-0.03987369
7855,5.995636,0.01023847,0.09758753,-0.1398539,0.005178886,0.005178886,-0.04201051
7856,5.996313,0.01023278,0.09759562,-0.1399194,0.005399168,0.005399168,-0.04364853
7857,5.997028,0.01022535,0.09754058,-0.140005,-0.001629691,-0.001629691,-0.04392401
7858,5.997744,0.01022535,0.09754058,-0.140005,-0.001612812,-0.001612812,-0.04392868
7859,5.99838,0.01021966,0.09754874,-0.1400706,-0.0008267679,-0.0008267679,-0.04597573
7860,5.999107,0.01021966,0.09754874,-0.1400706,-0.0006864493,-0.0006864493,-0.04696237
7861,5.999732,0.01021396,0.09755693,-0.1401361,-0.0006681668,-0.0006681668,-0.04696722
7862,6.000517,0.01020826,0.09756517,-0.1402017,-0.0004716131,-0.0004716131,-0.04839208
7863,6.001508,0.01020826,0.09756517,-0.1402017,-0.0003731227,-0.0003731227,-0.04917667
7864,6.002274,0.01020257,0.0975734,-0.1402673,-0.0003586326,-0.0003586326,-0.0491441
7865,6.003009,0.01019687,0.09758168,-0.1403329,-0.0002838648,-0.0002838648,-0.04958875
7866,6.003754,0.01019118,0.09758998,-0.1403985,-0.0002838648,-0.0002838648,-0.04958875
7867,6.004476,0.01018548,0.0975983,-0.1404641,0.0002626257,0.0002626257,-0.05375184
7868,6.005281,0.01018548,0.0975983,-0.1404641,0.006638574,0.006638574,-0.0522018
7869,6.00593,0.01017978,0.09760666,-0.1405297,0.006660553,0.006660553,-0.05220618
7870,6.006783,0.01017978,0.09760666,-0.1405297,0.006748418,0.006748418,-0.05289488
7871,6.007573,0.01017408,0.09761506,-0.1405954,0.006988327,0.006988327,-0.05459953
7872,6.008335,0.01016838,0.09762347,-0.140661,0.007215109,0.007215109,-0.05619115
7873,6.009051,0.01016268,0.09763192,-0.1407267,0.007334729,0.007334729,-0.05694063
7874,6.009779,0.01016268,0.09763192,-0.1407267,0.007334729,0.007334729,-0.05694063
7875,6.010416,0.01015698,0.09764038,-0.1407923,0.007341194,0.007341194,-0.05680975
7876,6.011166,0.01015128,0.09764887,-0.1408579,0.007511246,0.007511246,-0.05794138
7877,6.011917,0.01014383,0.09759405,-0.1409437,0.007511246,0.007511246,-0.05794138
7878,6.012715,0.01013813,0.09760259,-0.1410093,0.003602467,0.003602467,-0.05999621
7879,6.013421,0.01013813,0.09760259,-0.1410093,0.003620387,0.003620387,-0.05995214
7880,6.014055,0.01013243,0.09761118,-0.141075,0.003669615,0.003669615,-0.06014781
7881,6.01477,0.01012672,0.09761978,-0.1411407,0.00369406,0.00369406,-0.06015322
7882,6.015469,0.01012672,0.09761978,-0.1411407,0.004016373,0.004016373,-0.06261052
7883,6.016308,0.01011532,0.09763706,-0.1412721,0.004711527,0.004711527,-0.06750212
7884,6.017055,0.01010961,0.09764574,-0.1413377,0.004739099,0.004739099,-0.06750809
7885,6.017796,0.01010961,0.09764574,-0.1413377,0.004739099,0.004739099,-0.06750809
7886,6.018434,0.0101039,0.09765447,-0.1414035,0.004713759,0.004713759,-0.06711551
7887,6.019237,0.0100982,0.09766318,-0.1414691,0.004741168,0.004741168,-0.06712142
7888,6.019954,0.01009249,0.09767198,-0.1415349,0.004768608,0.004768608,-0.06712729
7889,6.020729,0.01008678,0.09768076,-0.1416006,0.008968996,0.008968996,-0.06690914
7890,6.021616,0.01008108,0.09768958,-0.1416663,0.009012757,0.009012757,-0.06702956
7891,6.022313,0.01007537,0.09769844,-0.141732,0.009110884,0.009110884,-0.06775935
7892,6.023026,0.01006966,0.0977073,-0.1417978,0.009203741,0.009203741,-0.06824075
7893,6.023827,0.01006966,0.0977073,-0.1417978,0.009232614,0.009232614,-0.06824613
7894,6.024503,0.01005824,0.09772514,-0.1419292,0.009508305,0.009508305,-0.06985809
7895,6.025399,0.01005824,0.09772514,-0.1419292,0.009948906,0.009948906,-0.07309521
7896,6.026073,0.01004683,0.09774309,-0.1420607,0.0098753,0.0098753,-0.07233501
7897,6.02686,0.01004683,0.09774309,-0.1420607,0.009905903,0.009905903,-0.07234062
7898,6.027493,0.01004111,0.09775212,-0.1421265,0.01000541,0.01000541,-0.07284766
7899,6.028189,0.01003541,0.09776115,-0.1421922,0.01003178,0.01003178,-0.07282081
7900,6.028943,0.01002969,0.09777025,-0.142258,0.01003178,0.01003178,-0.07282081
7901,6.029774,0.01002398,0.09777933,-0.1423238,0.01020122,0.01020122,-0.07360924
7902,6.030589,0.01001827,0.09778845,-0.1423895,0.01039146,0.01039146,-0.07475912
7903,6.031459,0.01001256,0.09779762,-0.1424553,0.01036925,0.01036925,-0.07459933
7904,6.032184,0.01000684,0.09780683,-0.1425211,0.01051369,0.01051369,-0.07519124
7905,6.032986,0.01000113,0.09781602,-0.1425869,0.01075037,0.01075037,-0.07665715
7906,6.033815,0.009995415,0.09782527,-0.1426527,0.01078289,0.01078289,-0.07666292
7907,6.034528,0.009987937,0.09777102,-0.1427388,0.01082021,0.01082021,-0.0767644
7908,6.035285,0.009987937,0.09777102,-0.1427388,0.007326067,0.007326067,-0.07714681
7909,6.035926,0.009976504,0.09778965,-0.1428704,0.00735802,0.00735802,-0.07715298
7910,6.036682,0.009970788,0.09779899,-0.1429363,0.007731897,0.007731897,-0.0793449
7911,6.037497,0.009965072,0.09780835,-0.1430021,0.008085361,0.008085361,-0.08159903
7912,6.038219,0.009959355,0.09781776,-0.1430679,0.008129467,0.008129467,-0.08167699
7913,6.038991,0.009953636,0.0978272,-0.1431338,0.008125085,0.008125085,-0.08141634
7914,6.039814,0.009947918,0.09783664,-0.1431996,0.008158894,0.008158894,-0.0814227
7915,6.040545,0.009936482,0.09785564,-0.1433313,0.008466616,0.008466616,-0.08332753
7916,6.04142,0.009936482,0.09785564,-0.1433313,0.008567302,0.008567302,-0.08379059
7917,6.042078,0.009925041,0.09787475,-0.143463,0.008898408,0.008898408,-0.08559994
7918,6.042802,0.009925041,0.09787475,-0.143463,0.008898408,0.008898408,-0.08559994
7919,6.043452,0.009919319,0.09788435,-0.1435289,0.01232572,0.01232572,-0.08446509
7920,6.044247,0.009913603,0.09789397,-0.1435947,0.01239769,0.01239769,-0.08471751
7921,6.044902,0.009907882,0.09790364,-0.1436606,0.01243375,0.01243375,-0.08472351
7922,6.045838,0.009896437,0.09792303,-0.1437924,0.0126135,0.0126135,-0.0854645
7923,6.046556,0.009890716,0.09793277,-0.1438583,0.01268002,0.01268002,-0.08567405
7924,6.047287,0.009884994,0.09794253,-0.1439242,0.01271651,0.01271651,-0.08568005
7925,6.04997,0.009862099,0.09798187,-0.1441878,0.01313593,0.01313593,-0.08752492
7926,6.050704,0.009862099,0.09798187,-0.1441878,0.01351248,0.01351248,-0.09003389
7927,6.051373,0.009850649,0.09800172,-0.1443197,0.01319627,0.01319627,-0.08744204
7928,6.052165,0.009844923,0.09801169,-0.1443856,0.01323358,0.01323358,-0.08744796
7929,6.052976,0.009839197,0.09802167,-0.1444515,0.01370792,0.01370792,-0.09033386
7930,6.053803,0.009825959,0.09797806,-0.144604,0.01380117,0.01380117,-0.09051831
7931,6.054571,0.009820229,0.09798814,-0.1446699,0.01112071,0.01112071,-0.09369323
7932,6.055287,0.009814503,0.09800835,-0.1448018,0.01150779,0.01150779,-0.09571853
7933,6.056047,0.009808774,0.09800835,-0.1448018,0.01154799,0.01154799,-0.09572525
7934,6.056698,0.009803045,0.0980185,-0.1448678,0.01159466,0.01159466,-0.09577391
7935,6.05748,0.009791586,0.0980389,-0.1449998,0.01160485,0.01160485,-0.0953337
7936,6.058172,0.009785856,0.09804913,-0.1450657,0.01160485,0.01160485,-0.0953337
7937,6.058904,0.009774395,0.0980697,-0.1451977,0.01192513,0.01192513,-0.09688815
7938,6.059666,0.009774395,0.0980697,-0.1451977,0.01254232,0.01254232,-0.1005847
7939,6.060349,0.009762934,0.09809038,-0.1453297,0.01247407,0.01247407,-0.09962473
7940,6.061317,0.009751468,0.09811117,-0.1454617,0.01271207,0.01271207,-0.1008765
7941,6.062124,0.009751468,0.09811117,-0.1454617,0.01275458,0.01275458,-0.1008833
7942,6.062773,0.009745736,0.0981216,-0.1455277,0.01605999,0.01605999,-0.1014445
7943,6.063503,0.009734272,0.09814256,-0.1456597,0.01650685,0.01650685,-0.1037191
7944,6.064257,0.009728535,0.09815309,-0.1457258,0.01655131,0.01655131,-0.1037256
7945,6.065002,0.009722803,0.09816363,-0.1457918,0.01655754,0.01655754,-0.1034932
7946,6.065715,0.009717069,0.09817421,-0.1458578,0.01663232,0.01663232,-0.1036892
7947,6.066546,0.009705598,0.09819545,-0.1459899,0.01732682,0.01732682,-0.1074576
7948,6.067337,0.009694128,0.09821679,-0.146122,0.01748578,0.01748578,-0.1078827
7949,6.06816,0.009688392,0.09822752,-0.146188,0.01753206,0.01753206,-0.1078893
7950,6.068914,0.009676917,0.09824905,-0.1463202,0.0181092,0.0181092,-0.1108685
7951,6.069663,0.009671181,0.09825985,-0.1463862,0.0181958,0.0181958,-0.1111132
7952,6.0704,0.009659708,0.09828153,-0.1465183,0.01893996,0.01893996,-0.1150677
7953,6.071104,0.009653967,0.09829243,-0.1465844,0.01893996,0.01893996,-0.1150677
7954,6.071814,0.00964249,0.09831432,-0.1467166,0.01928743,0.01928743,-0.1162885
7955,6.072503,0.009636749,0.09832527,-0.1467827,0.01970712,0.01970712,-0.1185184
7956,6.073226,0.009631011,0.09833629,-0.1468488,0.01975806,0.01975806,-0.1185253
7957,6.073958,0.009619531,0.09835837,-0.146981,0.01980007,0.01980007,-0.1181811
7958,6.074677,0.009613791,0.09836944,-0.1470471,0.0202683,0.0202683,-0.1206728
7959,6.075461,0.009602308,0.09839174,-0.1471793,0.02041217,0.02041217,-0.1209234
7960,6.076264,0.009596568,0.0984029,-0.1472454,0.02046422,0.02046422,-0.1209302
7961,6.077024,0.009585086,0.09842531,-0.1473776,0.02055963,0.02055963,-0.1208924
7962,6.077759,0.009579341,0.0984366,-0.1474437,0.0210616,0.0210616,-0.1235379
7963,6.078585,0.009562111,0.09847052,-0.1476422,0.02183137,0.02183137,-0.127423
7964,6.079389,0.009550625,0.09849329,-0.1477744,0.02195151,0.02195151,-0.1274965
7965,6.080129,0.009543055,0.09844074,-0.1478616,0.02205056,0.02205056,-0.1275283
7966,6.080969,0.009531562,0.09846368,-0.1479939,0.0197343,0.0197343,-0.1306746
7967,6.08167,0.009525818,0.09847519,-0.1480601,0.01973478,0.01973478,-0.1303646
7968,6.082354,0.009514325,0.09849829,-0.1481924,0.02044147,0.02044147,-0.1337811
7969,6.083034,0.009508577,0.0985099,-0.1482586,0.0204986,0.0204986,-0.1337883
7970,6.083754,0.00950283,0.09852152,-0.1483248,0.02055112,0.02055112,-0.1337693
7971,6.084466,0.009485587,0.09855657,-0.1485233,0.02139807,0.02139807,-0.1379301
7972,6.085307,0.009474091,0.09858006,-0.1486557,0.02153811,0.02153811,-0.1356918
7973,6.086143,0.00946834,0.09859186,-0.1487219,0.02159624,0.02159624,-0.1356989
7974,6.086941,0.009456844,0.09861553,-0.1488543,0.02220466,0.02220466,-0.1384588
7975,6.087698,0.009445342,0.09863933,-0.1489867,0.02249382,0.02249382,-0.139745
7976,6.088438,0.00943384,0.09866324,-0.1491192,0.02520177,0.02520177,-0.1392771
7977,6.089173,0.00942809,0.09867523,-0.1491854,0.02526207,0.02526207,-0.1392837
7978,6.089951,0.009416589,0.09869932,-0.1493178,0.02592487,0.02592487,-0.1422722
7979,6.090631,0.009405085,0.09872352,-0.1494503,0.02599978,0.02599978,-0.1420213
7980,6.091562,0.009393579,0.09874782,-0.1495828,0.02646336,0.02646336,-0.1438856
7981,6.092497,0.009376321,0.09878451,-0.1497815,0.02732723,0.02732723,-0.1478988
7982,6.093247,0.009370567,0.09879677,-0.1498478,0.02739135,0.02739135,-0.1479055
7983,6.093979,0.009359059,0.09882143,-0.1499803,0.02753468,0.02753468,-0.1476615
7984,6.094775,0.009353304,0.0988338,-0.1500465,0.02761998,0.02761998,-0.1477814
7985,6.095485,0.009390329,0.09885863,-0.150176,0.02809393,0.02809393,-0.1496353
7986,6.09621,0.009378861,0.09888357,-0.1503086,0.02815894,0.02815894,-0.149646
7987,6.096911,0.009367391,0.09890863,-0.1504411,0.02848073,0.02848073,-0.1503343
7988,6.097651,0.009361655,0.09892121,-0.1505075,0.02852383,0.02852383,-0.1502234
7989,6.09845,0.009348338,0.09888223,-0.1506614,0.02574503,0.02574503,-0.1513493
7990,6.099241,0.009342603,0.09889486,-0.1507276,0.02581015,0.02581015,-0.1513559
7991,6.100049,0.009325393,0.098933,-0.1509266,0.02611065,0.02611065,-0.1519213
7992,6.100909,0.009308181,0.0989714,-0.1511255,0.02665719,0.02665719,-0.1537491
7993,6.101649,0.009302442,0.09898424,-0.1511918,0.02677382,0.02677382,-0.1543515
7994,6.102426,0.009290966,0.09901005,-0.1513245,0.02704532,0.02704532,-0.1547393
7995,6.103134,0.009283371,0.09895861,-0.1514123,0.02709881,0.02709881,-0.1547659
7996,6.103825,0.009266151,0.09899761,-0.1516113,0.02604997,0.02604997,-0.1543846
7997,6.104545,0.009320475,0.09901066,-0.151674,0.02622068,0.02622068,-0.1549218
7998,6.105301,0.009303334,0.09904997,-0.151873,0.02639218,0.02639218,-0.1547693
7999,6.106158,0.009303334,0.09904997,-0.151873,0.02645879,0.02645879,-0.1547755
8000,6.106925,0.009286189,0.09908956,-0.1520721,0.02688157,0.02688157,-0.1559107
8001,6.107687,0.009280471,0.09910282,-0.1521385,0.02685789,0.02685789,-0.1554622
8002,6.108413,0.009263325,0.09914275,-0.1523376,0.02727261,0.02727261,-0.1568723
8003,6.109128,0.009257608,0.09915613,-0.152404,0.02734025,0.02734025,-0.1568783
8004,6.109823,0.009246175,0.09918295,-0.1525367,0.02733483,0.02733483,-0.1558668
8005,6.11058,0.009240459,0.09919641,-0.1526031,0.02751601,0.02751601,-0.156434
8006,6.111406,0.009221445,0.09917255,-0.1528239,0.02561925,0.02561925,-0.1582856
8007,6.112132,0.009215728,0.09918611,-0.1528903,0.02575491,0.02575491,-0.1582976
8008,6.112893,0.009265983,0.09921333,-0.1530194,0.02576961,0.02576961,-0.1577201
8009,6.11373,0.009254602,0.09924067,-0.1531522,0.02620302,0.02620302,-0.1591131
8010,6.114459,0.009248906,0.09925438,-0.1532186,0.02638752,0.02638752,-0.1593557
8011,6.115196,0.009237521,0.09928189,-0.1533514,0.02645605,0.02645605,-0.1593617
8012,6.115917,0.009224274,0.099245,-0.153506,0.02519639,0.02519639,-0.1580447
8013,6.11664,0.009218581,0.09925884,-0.1535724,0.02550891,0.02550891,-0.159223
8014,6.117355,0.009201498,0.09930056,-0.1537717,0.0256353,0.0256353,-0.1591858
8015,6.118035,0.009195802,0.09931454,-0.1538382,0.02570362,0.02570362,-0.1591916
8016,6.118885,0.009184413,0.09934257,-0.1539711,0.02194727,0.02194727,-0.1605086
8017,6.119592,0.009178717,0.09935662,-0.1540375,0.02221883,0.02221883,-0.1611605
8018,6.120273,0.009229628,0.09938484,-0.1541667,0.0222684,0.0222684,-0.1607387
8019,6.12124,0.009223957,0.09939897,-0.1542332,0.02233665,0.02233665,-0.1607473
8020,6.122013,0.009205093,0.09937699,-0.1544543,0.02583675,0.02583675,-0.1592619
8021,6.122807,0.009193752,0.09940553,-0.1545872,0.02584955,0.02584955,-0.1590084
8022,6.123528,0.009188081,0.09941985,-0.1546537,0.0254803,0.0254803,-0.1569799
8023,6.12424,0.009182409,0.0994342,-0.1547202,0.02561516,0.02561516,-0.1569903
8024,6.124991,0.009165399,0.0994774,-0.1549196,0.02263129,0.02263129,-0.158883
8025,6.125778,0.009165399,0.0994774,-0.1549196,0.02281982,0.02281982,-0.1594453
8026,6.126406,0.009209197,0.09945624,-0.1551372,0.02243724,0.02243724,-0.1570416
8027,6.129086,0.009173461,0.09947918,-0.1555581,0.02023063,0.02023063,-0.1547819
8028,6.129829,0.009167816,0.09949389,-0.1556246,0.02064398,0.02064398,-0.1563613
8029,6.130647,0.00915652,0.0995234,-0.1557577,0.02030308,0.02030308,-0.1542391
8030,6.131403,0.009213843,0.09953821,-0.1558205,0.02036831,0.02036831,-0.1542463
8031,6.132241,0.009208223,0.09955305,-0.155887,0.02038421,0.02038421,-0.1537112
8032,6.135777,0.009161396,0.09960796,-0.1564412,0.02036572,0.02036572,-0.149762
8033,6.136596,0.009150153,0.09963818,-0.1565743,0.02103916,0.02103916,-0.1521389
8034,6.137335,0.009142674,0.09958847,-0.1566628,0.02103916,0.02103916,-0.1521389
8035,6.138078,0.009137049,0.09960365,-0.1567294,0.02023422,0.02023422,-0.1498043
8036,6.138819,0.009125801,0.09963408,-0.1568625,0.01990343,0.01990343,-0.147815
8037,6.139554,0.009120177,0.09964934,-0.1569291,0.01996605,0.01996605,-0.1478194
8038,6.140409,0.009108931,0.09967996,-0.1570622,0.02010122,0.02010122,-0.1484226
8039,6.141283,0.009090197,0.09966123,-0.1572839,0.02005054,0.02005054,-0.1477435
8040,6.141979,0.009090197,0.09966123,-0.1572839,0.01970168,0.01970168,-0.1481442
8041,6.142606,0.009073323,0.09970763,-0.1574836,0.01780477,0.01780477,-0.1470418
8042,6.143318,0.009073323,0.09970763,-0.1574836,0.01786644,0.01786644,-0.1470458
8043,6.143932,0.009062072,0.09973869,-0.1576168,0.01819571,0.01819571,-0.1481963
8044,6.144775,0.009054583,0.09968937,-0.1577054,0.0160863,0.0160863,-0.1411325
8045,6.145505,0.009048956,0.09970497,-0.157772,0.01614528,0.01614528,-0.1411364
8046,6.14626,0.009032078,0.09975198,-0.1579718,0.01552606,0.01552606,-0.1377726
8047,6.146993,0.009032078,0.09975198,-0.1579718,0.01656838,0.01656838,-0.142283
8048,6.147733,0.009013328,0.09973419,-0.1581937,0.01642027,0.01642027,-0.141233
8049,6.148494,0.009013328,0.09973419,-0.1581937,0.01647937,0.01647937,-0.1412365
8050,6.149169,0.008994579,0.09971668,-0.1584156,0.0155819,0.0155819,-0.1381552
8051,6.150027,0.008994579,0.09971668,-0.1584156,0.0152629,0.0152629,-0.1419842
8052,6.150865,0.008983322,0.09974849,-0.1585488,0.01528045,0.01528045,-0.1415703
8053,6.151735,0.008966438,0.09979643,-0.1587486,0.01574097,0.01574097,-0.1427595
8054,6.152485,0.008960807,0.09981248,-0.1588153,0.01580052,0.01580052,-0.1427629
8055,6.153208,0.008947679,0.09977958,-0.1589707,0.01429843,0.01429843,-0.1421738
8056,6.153963,0.008942053,0.09979569,-0.1590372,0.01461975,0.01461975,-0.1432722
8057,6.15475,0.008925162,0.09984425,-0.1592372,0.0148571,0.0148571,-0.1437657
8058,6.155593,0.008919534,0.09986047,-0.1593038,0.01467847,0.01467847,-0.1425506
8059,6.156465,0.00891203,0.09981164,-0.1593926,0.01472325,0.01472325,-0.1425647
8060,6.157245,0.008900768,0.09984426,-0.1595259,0.01468167,0.01468167,-0.1422071
8061,6.157965,0.008889507,0.099877,-0.1596592,0.01490531,0.01490531,-0.14288
8062,6.158682,0.008876371,0.09984473,-0.1598146,0.01295954,0.01295954,-0.14256
8063,6.159367,0.00887074,0.0998612,-0.1598813,0.01307728,0.01307728,-0.1425666
8064,6.160142,0.008859479,0.09989423,-0.1600146,0.01491718,0.01491718,-0.1433253
8065,6.161088,0.008840705,0.09987874,-0.1602367,0.01488038,0.01488038,-0.1427737
8066,6.161921,0.008835073,0.09989539,-0.1603034,0.01543989,0.01543989,-0.147732
8067,6.162714,0.008827562,0.09984681,-0.1603923,0.01317841,0.01317841,-0.1490981
8068,6.163507,0.008816296,0.09988023,-0.1605256,0.01330139,0.01330139,-0.1491043
8069,6.16463,0.008799396,0.0999306,-0.1607257,0.01359616,0.01359616,-0.1495498
8070,6.16536,0.008791883,0.09988215,-0.1608146,0.01365789,0.01365789,-0.1495527
8071,6.166108,0.008774984,0.09993285,-0.1610146,0.01400711,0.01400711,-0.1505849
8072,6.16681,0.008769351,0.09994983,-0.1610813,0.01430118,0.01430118,-0.1514983
8073,6.167514,0.008761834,0.0999015,-0.1611702,0.01434819,0.01434819,-0.1515111
8074,6.168224,0.008744934,0.09995263,-0.1613702,0.01399655,0.01399655,-0.1525602
8075,6.169035,0.008739299,0.09996974,-0.1614369,0.01405531,0.01405531,-0.1568159
8076,6.169751,0.008720512,0.09995589,-0.1616593,0.01416929,0.01416929,-0.157449
8077,6.170528,0.008714878,0.09997311,-0.161726,0.01423426,0.01423426,-0.1574517
8078,6.171243,0.00870172,0.09994223,-0.1618817,0.01515756,0.01515756,-0.1602679
8079,6.171965,0.008690451,0.09997686,-0.1620151,0.01466209,0.01466209,-0.1616194
8080,6.17281,0.008677293,0.09994619,-0.1621708,0.01188302,0.01188302,-0.1672665
8081,6.173531,0.008666022,0.09998105,-0.1623042,0.01195138,0.01195138,-0.1672694
8082,6.174266,0.008649114,0.1000336,-0.1625043,0.01224729,0.01224729,-0.1676231
8083,6.175,0.008649114,0.1000336,-0.1625043,0.01333519,0.01333519,-0.1714992
8084,6.175655,0.008630318,0.1000209,-0.1627268,0.01476585,0.01476585,-0.1690227
8085,6.176414,0.008619043,0.1000562,-0.1628602,0.01490517,0.01490517,-0.1690273
8086,6.177142,0.008605879,0.1000261,-0.163016,0.0140584,0.0140584,-0.1765958
8087,6.177866,0.008594605,0.1000617,-0.1631494,0.0130874,0.0130874,-0.1726836
8088,6.178596,0.008581441,0.1000319,-0.1633052,0.01471288,0.01471288,-0.1780454
8089,6.179316,0.008570166,0.1000677,-0.1634387,0.01485925,0.01485925,-0.1780497
8090,6.18004,0.008551361,0.100056,-0.1636613,0.01446217,0.01446217,-0.1816839
8091,6.180921,0.008545723,0.100074,-0.163728,0.01570963,0.01570963,-0.1860232
8092,6.181692,0.008526917,0.1000626,-0.1639506,0.01590371,0.01590371,-0.186397
8093,6.182457,0.008519386,0.1000151,-0.1640397,0.01598042,0.01598042,-0.1863988
8094,6.183179,0.00849683,0.100088,-0.1643066,0.01298539,0.01298539,-0.1880924
8095,6.183866,0.008491192,0.1001063,-0.1643734,0.01336625,0.01336625,-0.1892047
8096,6.184562,0.008483662,0.1000589,-0.1644625,0.01350037,0.01350037,-0.1892173
8097,6.185267,0.008466742,0.100114,-0.1646627,0.01388662,0.01388662,-0.1903605
8098,6.186047,0.008461103,0.1001325,-0.1647295,0.01467405,0.01467405,-0.195537
8099,6.186855,0.008436652,0.1001408,-0.1650189,0.01557389,0.01557389,-0.1934105
8100,6.187647,0.008417833,0.1001308,-0.1652416,0.01419959,0.01419959,-0.1945592
8101,6.188378,0.008412194,0.1001495,-0.1653083,0.0143588,0.0143588,-0.1945619
8102,6.189139,0.008393382,0.1001399,-0.165531,0.01433553,0.01433553,-0.1961321
8103,6.189878,0.008385843,0.1000928,-0.1656202,0.01188137,0.01188137,-0.2006436
8104,6.190694,0.00836328,0.1001682,-0.1658873,0.01283375,0.01283375,-0.2031497
8105,6.191534,0.008355742,0.1001213,-0.1659765,0.01297689,0.01297689,-0.2031599
8106,6.192245,0.008338823,0.1001783,-0.1661767,0.01337852,0.01337852,-0.2039956
8107,6.192947,0.008325643,0.1001505,-0.1663327,0.0128819,0.0128819,-0.2033116
8108,6.193651,0.008306822,0.1001419,-0.1665555,0.0100189,0.0100189,-0.205192
8109,6.194437,0.008301181,0.1001612,-0.1666222,0.01018477,0.01018477,-0.2051943
8110,6.19517,0.008282359,0.1001529,-0.166845,0.01175084,0.01175084,-0.2098423
8111,6.195993,0.008271074,0.1001916,-0.1669786,0.01190574,0.01190574,-0.2100907
8112,6.196996,0.008252251,0.1001837,-0.1672013,0.01259224,0.01259224,-0.2099723
8113,6.197973,0.008233426,0.1001762,-0.1674241,0.01241147,0.01241147,-0.2111595
8114,6.198715,0.008214604,0.1001688,-0.1676469,0.01279156,0.01279156,-0.2116644
8115,6.199528,0.008203323,0.1002081,-0.1677804,0.01287762,0.01287762,-0.2116645
8116,6.200262,0.008184493,0.1002011,-0.1680033,0.01280084,0.01280084,-0.21249
8117,6.201153,0.008165667,0.1001944,-0.1682261,0.01029708,0.01029708,-0.2134349
8118,6.201903,0.008160025,0.1002142,-0.1682929,0.01054347,0.01054347,-0.2163461
8119,6.202741,0.008135557,0.1002278,-0.1685825,0.01159766,0.01159766,-0.2167515
8120,6.203594,0.008122371,0.1002017,-0.1687385,0.01006626,0.01006626,-0.213811
8121,6.204434,0.008111086,0.1002418,-0.1688721,0.01023898,0.01023898,-0.2138103
8122,6.205263,0.008090357,0.1001698,-0.1691174,0.01044707,0.01044707,-0.2137245
8123,6.206056,0.008084714,0.10019,-0.1691842,0.009077776,0.009077776,-0.2171148
8124,6.206802,0.008065888,0.1001845,-0.169407,0.009102113,0.009102113,-0.2169213
8125,6.20753,0.008060245,0.1002049,-0.1694738,0.009276928,0.009276928,-0.21692
8126,6.208411,0.008041414,0.1001997,-0.1696967,0.0090823,0.0090823,-0.2168891
8127,6.209315,0.008022587,0.1001948,-0.1699195,0.009250662,0.009250662,-0.2166652
8128,6.211999,0.008009403,0.1001695,-0.1700756,0.006830382,0.006830382,-0.2162915
8129,6.212811,0.007966103,0.1001814,-0.170588,0.004408221,0.004408221,-0.2166101
8130,6.213512,0.007947272,0.1001774,-0.1708109,0.004858459,0.004858459,-0.2176336
8131,6.214312,0.007928446,0.1001736,-0.1710337,0.003928867,0.003928867,-0.2180935
8132,6.215069,0.007922803,0.1001946,-0.1711005,0.003997944,0.003997944,-0.216896
8133,6.215845,0.007903977,0.1001911,-0.1713233,0.005819774,0.005819774,-0.2182052
8134,6.216663,0.00789079,0.1001668,-0.1714794,0.005881552,0.005881552,-0.2182049
8135,6.217469,0.007877606,0.1001426,-0.1716354,0.004654158,0.004654158,-0.2168456
8136,6.218203,0.007870063,0.1000971,-0.1717247,0.00155176,0.00155176,-0.2129258
8137,6.21898,0.007851237,0.1000943,-0.1719475,0.00161315,0.00161315,-0.2118796
8138,6.219689,0.007845595,0.1001156,-0.1720143,0.001671609,0.001671609,-0.2118774
8139,6.220426,0.007826769,0.1001131,-0.1722371,0.0007891493,0.0007891493,-0.2091849
8140,6.221277,0.007821126,0.1001345,-0.1723039,0.0006538766,0.0006538766,-0.2093717
8141,6.222037,0.007807944,0.1001108,-0.1724599,0.001790423,0.001790423,-0.2064748
8142,6.22277,0.007796659,0.1001538,-0.1725935,0.001954208,0.001954208,-0.206471
8143,6.223514,0.007845761,0.1000853,-0.1728356,0.0004123238,0.0004123238,-0.2046661
8144,6.224207,0.007845761,0.1000853,-0.1728356,-0.0006157174,-0.0006157174,-0.2042606
8145,6.224888,0.007827027,0.1000836,-0.1730584,-0.0009458646,-0.0009458646,-0.2010499
8146,6.225603,0.007821412,0.1001053,-0.1731251,-0.0007873826,-0.0007873826,-0.2010462
8147,6.226319,0.007808295,0.1000821,-0.1732811,-0.0005403214,-0.0005403214,-0.2013059
8148,6.22706,0.007795177,0.100059,-0.1734371,-0.003656326,-0.003656326,-0.1934481
8149,6.227836,0.007859658,0.100081,-0.1735008,-0.00350484,-0.00350484,-0.193451
8150,6.228549,0.007846604,0.100058,-0.1736568,-0.004531269,-0.004531269,-0.1946176
8151,6.22927,0.007841016,0.1000799,-0.1737235,-0.00584878,-0.00584878,-0.1906599
8152,6.230001,0.007820499,0.1000124,-0.1739687,-0.005580743,-0.005580743,-0.1905117
8153,6.230807,0.007814912,0.1000344,-0.1740355,-0.005456567,-0.005456567,-0.1905036
8154,6.231532,0.007872255,0.1000118,-0.1741883,-0.006292256,-0.006292256,-0.1880502
8155,6.232235,0.007866694,0.100034,-0.1742551,-0.006073746,-0.006073746,-0.1872763
8156,6.232962,0.007853707,0.1000116,-0.174411,-0.008376403,-0.008376403,-0.1815259
8157,6.233673,0.007911263,0.09998919,-0.1745638,-0.008259716,-0.008259716,-0.1815221
8158,6.234433,0.00789834,0.09996687,-0.1747198,-0.008789386,-0.008789386,-0.1812897
8159,6.235155,0.007963401,0.09998925,-0.1747833,-0.009194477,-0.009194477,-0.1805986
8160,6.235908,0.007950541,0.09996712,-0.1749393,-0.008871108,-0.008871108,-0.1794248
8161,6.236669,0.007945035,0.09998959,-0.1750061,-0.008731835,-0.008731835,-0.1794225
8162,6.237389,0.008002964,0.09996759,-0.1751588,-0.008960045,-0.008960045,-0.1771548
8163,6.238142,0.008066448,0.09992312,-0.1752447,-0.01045773,-0.01045773,-0.1736075
8164,6.238889,0.008053719,0.09990125,-0.1754006,-0.01204974,-0.01204974,-0.1703881
8165,6.239615,0.008119197,0.09992391,-0.1754641,-0.01198415,-0.01198415,-0.1703817
8166,6.240343,0.008106529,0.09990217,-0.17562,-0.01271712,-0.01271712,-0.1675555
8167,6.241238,0.008170297,0.09985784,-0.1757059,-0.01172511,-0.01172511,-0.1665787
8168,6.242041,0.008159501,0.09990337,-0.1758394,-0.0118235,-0.0118235,-0.165726
8169,6.243025,0.008216203,0.09981473,-0.1760144,-0.0117807,-0.0117807,-0.166112
8170,6.24381,0.008281969,0.0998376,-0.1760778,-0.01171653,-0.01171653,-0.166101
8171,6.244576,0.008340715,0.09981629,-0.1762303,-0.01230761,-0.01230761,-0.1657407
8172,6.245295,0.008335399,0.09983926,-0.1762971,-0.01249442,-0.01249442,-0.15898
8173,6.246031,0.008394276,0.09981802,-0.1764496,-0.01306653,-0.01306653,-0.158321
8174,6.246722,0.008388986,0.09984109,-0.1765164,-0.01294433,-0.01294433,-0.1583203
8175,6.247432,0.008448037,0.09982005,-0.1766689,-0.01393213,-0.01393213,-0.1592325
8176,6.248148,0.00851243,0.09977593,-0.1767545,-0.01366407,-0.01366407,-0.1564236
8177,6.248882,0.008576911,0.09973184,-0.1768401,-0.01264193,-0.01264193,-0.1563968
8178,6.249646,0.008571704,0.09975502,-0.1769069,-0.01258149,-0.01258149,-0.1563963
8179,6.250393,0.008631083,0.0997342,-0.1770593,-0.01391403,-0.01391403,-0.1522857
8180,6.251102,0.008625902,0.09975749,-0.177126,-0.01305217,-0.01305217,-0.1521703
8181,6.251807,0.008690587,0.09971345,-0.1772116,-0.01301457,-0.01301457,-0.1521437
8182,6.252512,0.008750261,0.09969284,-0.1773639,-0.01389415,-0.01389415,-0.1491423
8183,6.253208,0.008745133,0.09971623,-0.1774307,-0.0146528,-0.0146528,-0.1503246
8184,6.253899,0.008804896,0.09969572,-0.177583,-0.01395503,-0.01395503,-0.1501646
8185,6.254617,0.008799797,0.09971921,-0.1776498,-0.01389713,-0.01389713,-0.150164
8186,6.255352,0.008859756,0.09969887,-0.177802,-0.01405748,-0.01405748,-0.1486965
8187,6.256169,0.008859756,0.09969887,-0.177802,-0.01443808,-0.01443808,-0.147227
8188,6.256809,0.008926539,0.09972244,-0.1778652,-0.01438142,-0.01438142,-0.1472265
8189,6.257712,0.008986735,0.09970225,-0.1780173,-0.01335357,-0.01335357,-0.1463007
8190,6.258488,0.008975028,0.09968218,-0.1781731,-0.01364578,-0.01364578,-0.145174
8191,6.259422,0.00903539,0.09966218,-0.1783252,-0.01292082,-0.01292082,-0.1463335
8192,6.260175,0.009030399,0.09968596,-0.178392,-0.01293389,-0.01293389,-0.1452835
8193,6.261102,0.009090892,0.0996661,-0.1785441,-0.01237006,-0.01237006,-0.1450133
8194,6.261854,0.009079316,0.09964637,-0.1786999,-0.01160594,-0.01160594,-0.1455858
8195,6.26261,0.009151509,0.09964637,-0.1786962,-0.0115494,-0.0115494,-0.1455664
8196,6.263362,0.009207366,0.09965065,-0.178915,-0.01163989,-0.01163989,-0.1447571
8197,6.264102,0.009200828,0.0996071,-0.1790039,-0.01090207,-0.01090207,-0.1454307
8198,6.264838,0.009263381,0.09965523,-0.1791337,-0.01165771,-0.01165771,-0.1439226
8199,6.265539,0.00926176,0.09958764,-0.1791559,-0.01162169,-0.01162169,-0.1438947
8200,6.266303,0.009251999,0.09963587,-0.1792894,-0.01063671,-0.01063671,-0.1439305
8201,6.26702,0.009313134,0.09961661,-0.1794413,-0.01115295,-0.01115295,-0.1439038
8202,6.267723,0.009311524,0.099549,-0.1794635,-0.0111167,-0.0111167,-0.1438936
8203,6.268531,0.009372775,0.0995298,-0.1796154,-0.0109295,-0.0109295,-0.1434665
8204,6.269285,0.00936312,0.09957837,-0.1797489,-0.01097458,-0.01097458,-0.1430328
8205,6.27001,0.009429367,0.099535,-0.179834,-0.009598957,-0.009598957,-0.1435786
8206,6.270802,0.009424569,0.09955935,-0.1799008,-0.009542816,-0.009542816,-0.1435764
8207,6.271561,0.009486126,0.09954051,-0.1800526,-0.00962879,-0.00962879,-0.143075
8208,6.272283,0.009481355,0.09956495,-0.1801193,-0.009572835,-0.009572835,-0.1430553
8209,6.273075,0.009543061,0.09954622,-0.1802711,-0.009796431,-0.009796431,-0.1425191
8210,6.273856,0.009532002,0.09952755,-0.1804267,-0.008211908,-0.008211908,-0.1428287
8211,6.274607,0.009527258,0.09955216,-0.1804934,-0.008597916,-0.008597916,-0.1421457
8212,6.275379,0.009584506,0.09955835,-0.1807119,-0.007913707,-0.007913707,-0.1418118
8213,6.276083,0.009584506,0.09955835,-0.1807119,-0.007857985,-0.007857985,-0.1418089
8214,6.276719,0.009573512,0.09953999,-0.1808674,-0.008345838,-0.008345838,-0.1436624
8215,6.277445,0.009635632,0.09952178,-0.1810191,-0.007224198,-0.007224198,-0.1448613
8216,6.278175,0.009630943,0.09954661,-0.1810858,-0.007224198,-0.007224198,-0.1448613
8217,6.278937,0.009624705,0.09950362,-0.1811746,-0.006730632,-0.006730632,-0.1464945
8218,6.279647,0.009613778,0.09948558,-0.1813301,-0.0067594,-0.0067594,-0.1463039
8219,6.280358,0.009677735,0.09953552,-0.1814596,-0.006579843,-0.006579843,-0.1467595
8220,6.281252,0.009671534,0.09949264,-0.1815484,-0.006541205,-0.006541205,-0.1467479
8221,6.281942,0.009660674,0.0994748,-0.1817038,-0.005412435,-0.005412435,-0.1489115
8222,6.282718,0.009724815,0.09952503,-0.1818334,-0.006277281,-0.006277281,-0.1491989
8223,6.286246,0.009687802,0.09949788,-0.1823663,-0.003493628,-0.003493628,-0.1541671
8224,6.287007,0.00974619,0.09950606,-0.1825844,-0.002579837,-0.002579837,-0.1565608
8225,6.287779,0.009740068,0.09946347,-0.1826731,-0.003177832,-0.003177832,-0.1577494
8226,6.288675,0.009729343,0.0994464,-0.1828284,-0.004538105,-0.004538105,-0.1574385
8227,6.289486,0.009718619,0.09942945,-0.1829837,-0.003265667,-0.003265667,-0.1617204
8228,6.290226,0.009714018,0.09945504,-0.1830503,-0.003201591,-0.003201591,-0.1617145
8229,6.292891,0.009777332,0.09943821,-0.1832017,-0.004185855,-0.004185855,-0.1593904
8230,6.2937,0.00974079,0.09941421,-0.1837341,-0.002881767,-0.002881767,-0.163445
8231,6.294471,0.009736216,0.09944011,-0.1838007,-0.002893387,-0.002893387,-0.1640396
8232,6.295207,0.009720994,0.09944978,-0.1840225,-0.003415415,-0.003415415,-0.1644305
8233,6.295923,0.009714916,0.09940758,-0.184111,-0.003305925,-0.003305925,-0.1644083
8234,6.296659,0.009778708,0.09939145,-0.1842622,-0.004181357,-0.004181357,-0.1670676
8235,6.297468,0.009774163,0.09941755,-0.1843288,-0.004109424,-0.004109424,-0.1670762
8236,6.298249,0.009757542,0.0993595,-0.1845724,-0.002878088,-0.002878088,-0.1678072
8237,6.298959,0.009752997,0.09938572,-0.184639,-0.002832507,-0.002832507,-0.1677909
8238,6.299742,0.009742417,0.09936991,-0.1847941,-0.003289169,-0.003289169,-0.1679205
8239,6.300491,0.009731838,0.09935423,-0.1849491,-0.002715095,-0.002715095,-0.1687426
8240,6.301376,0.009725807,0.09931226,-0.1850375,-0.0038366,-0.0038366,-0.1691509
8241,6.302117,0.009710686,0.09932314,-0.1852591,-0.00502728,-0.00502728,-0.1685068
8242,6.302968,0.009706143,0.09934962,-0.1853257,-0.004894668,-0.004894668,-0.168492
8243,6.303759,0.009691031,0.09936089,-0.1855471,-0.003827603,-0.003827603,-0.1708618
8244,6.304529,0.009678973,0.09927728,-0.1857238,-0.005146493,-0.005146493,-0.1728127
8245,6.305232,0.009674433,0.09930395,-0.1857904,-0.005804132,-0.005804132,-0.1729281
8246,6.306053,0.009659324,0.09931561,-0.1860118,-0.006456842,-0.006456842,-0.1730284
8247,6.306808,0.009653298,0.09927392,-0.1861001,-0.006411312,-0.006411312,-0.1730084
8248,6.307522,0.009653298,0.09927392,-0.1861001,-0.006324194,-0.006324194,-0.1732245
8249,6.308219,0.009636713,0.09921742,-0.1863432,-0.009318969,-0.009318969,-0.174131
8250,6.308928,0.009632172,0.09924433,-0.1864097,-0.009251557,-0.009251557,-0.1741227
8251,6.309615,0.009617074,0.09925665,-0.186631,-0.008605209,-0.008605209,-0.1752795
8252,6.310315,0.009611054,0.09921509,-0.1867192,-0.006998044,-0.006998044,-0.1765805
8253,6.311144,0.009600499,0.09920059,-0.1868739,-0.009246273,-0.009246273,-0.177387
8254,6.311972,0.009589943,0.09918623,-0.1870286,-0.009177582,-0.009177582,-0.1773782
8255,6.312791,0.009579393,0.09917198,-0.1871832,-0.008882008,-0.008882008,-0.1766909
8256,6.313569,0.009644526,0.09915777,-0.187334,-0.009253246,-0.009253246,-0.1775096
8257,6.314294,0.009640017,0.09918506,-0.1874004,-0.009150264,-0.009150264,-0.1766269
8258,6.315027,0.00963404,0.09914369,-0.1874886,-0.009173054,-0.009173054,-0.1766132
8259,6.31576,0.009623557,0.09912972,-0.1876431,-0.01097792,-0.01097792,-0.1769848
8260,6.316477,0.009613076,0.09911583,-0.1877976,-0.01017182,-0.01017182,-0.1764373
8261,6.317227,0.009607103,0.09907457,-0.1878857,-0.01005796,-0.01005796,-0.176405
8262,6.318023,0.009590655,0.09901958,-0.1881282,-0.01313417,-0.01313417,-0.1767664
8263,6.318882,0.009586148,0.09904715,-0.1881946,-0.01302157,-0.01302157,-0.176733
8264,6.319617,0.009575673,0.09903356,-0.1883491,-0.01250246,-0.01250246,-0.1776764
8265,6.320342,0.009569707,0.09899241,-0.188437,-0.01230242,-0.01230242,-0.1766384
8266,6.321211,0.009559235,0.098979,-0.1885914,-0.01221267,-0.01221267,-0.1765889
8267,6.321901,0.009553274,0.09893789,-0.1886793,-0.01265841,-0.01265841,-0.1772122
8268,6.322683,0.009538299,0.09895245,-0.1889001,-0.01271946,-0.01271946,-0.1772942
8269,6.323419,0.009533796,0.09898031,-0.1889664,-0.01265129,-0.01265129,-0.1772846
8270,6.324123,0.009523331,0.0989672,-0.1891207,-0.01410578,-0.01410578,-0.176185
8271,6.324829,0.009517374,0.09892628,-0.1892086,-0.01406171,-0.01406171,-0.1761588
8272,6.325521,0.009506912,0.09891331,-0.1893628,-0.01613593,-0.01613593,-0.1738341
8273,6.326277,0.009499508,0.09880345,-0.1894719,-0.01609315,-0.01609315,-0.1738074
8274,6.327045,0.009490501,0.09885961,-0.1896047,-0.01773937,-0.01773937,-0.1739601
8275,6.327781,0.009484548,0.09881872,-0.1896925,-0.01769708,-0.01769708,-0.1739326
8276,6.328469,0.009478598,0.09877791,-0.1897802,-0.01651746,-0.01651746,-0.1719019
8277,6.329262,0.009469596,0.09883429,-0.1899129,-0.01640986,-0.01640986,-0.1718656
8278,6.330026,0.009462198,0.09872447,-0.190022,-0.01766788,-0.01766788,-0.1704061
8279,6.330826,0.009451752,0.09871195,-0.190176,-0.01996535,-0.01996535,-0.168086
8280,6.331585,0.009441306,0.09869955,-0.19033,-0.02071142,-0.02071142,-0.168532
8281,6.332311,0.009441306,0.09869955,-0.19033,-0.02071142,-0.02071142,-0.168532
8282,6.332937,0.009430865,0.09868728,-0.1904839,-0.02006715,-0.02006715,-0.1703899
8283,6.333815,0.009420424,0.09867508,-0.1906379,-0.02128812,-0.02128812,-0.1652736
8284,6.334602,0.009414484,0.09863444,-0.1907255,-0.02190884,-0.02190884,-0.1652972
8285,6.335431,0.009408545,0.09859383,-0.190813,-0.02187015,-0.02187015,-0.1652685
8286,6.336205,0.009398109,0.09858176,-0.1909669,-0.02494533,-0.02494533,-0.1598391
8287,6.336926,0.009393612,0.0986104,-0.1910332,-0.0250738,-0.0250738,-0.1593257
8288,6.337663,0.009381745,0.09852935,-0.1912081,-0.02482083,-0.02482083,-0.1570936
8289,6.338427,0.009377248,0.09855805,-0.1912744,-0.0247625,-0.0247625,-0.1570855
8290,6.339128,0.009371316,0.09851752,-0.1913619,-0.02595673,-0.02595673,-0.1565628
8291,6.339876,0.009365386,0.09847704,-0.1914493,-0.02525591,-0.02525591,-0.1549042
8292,6.340571,0.009354962,0.0984654,-0.191603,-0.02742372,-0.02742372,-0.150486
8293,6.341429,0.009353532,0.0983961,-0.1916241,-0.02739084,-0.02739084,-0.150457
8294,6.342149,0.009343111,0.09838453,-0.1917777,-0.02805243,-0.02805243,-0.1499267
8295,6.34285,0.009338615,0.09841345,-0.191844,-0.02776195,-0.02776195,-0.1502113
8296,6.343554,0.009332691,0.09837303,-0.1919313,-0.03002357,-0.03002357,-0.1437423
8297,6.344258,0.009326771,0.09833269,-0.1920186,-0.02999335,-0.02999335,-0.1437131
8298,6.344957,0.00932085,0.0982923,-0.1921059,-0.02981171,-0.02981171,-0.1437995
8299,6.345689,0.009314932,0.09825194,-0.1921932,-0.03114457,-0.03114457,-0.1434107
8300,6.346399,0.009310438,0.098281,-0.1922594,-0.03111479,-0.03111479,-0.1433811
8301,6.347116,0.009300027,0.09826981,-0.1924129,-0.03091227,-0.03091227,-0.1385597
8302,6.347906,0.009294113,0.09822953,-0.1925001,-0.03128285,-0.03128285,-0.1393824
8303,6.348685,0.009288198,0.09818927,-0.1925873,-0.03175842,-0.03175842,-0.1377305
8304,6.349405,0.009283705,0.09821847,-0.1926535,-0.03170884,-0.03170884,-0.1377239
8305,6.350142,0.00927638,0.09810877,-0.1927615,-0.03192888,-0.03192888,-0.1343134
8306,6.350947,0.009271885,0.09813803,-0.1928278,-0.03431063,-0.03431063,-0.1298965
8307,6.351725,0.009265977,0.0980978,-0.1929149,-0.03442475,-0.03442475,-0.1291614
8308,6.352434,0.009260071,0.09805761,-0.193002,-0.0343998,-0.0343998,-0.1291323
8309,6.353222,0.009255578,0.09808697,-0.1930682,-0.03365249,-0.03365249,-0.1287138
8310,6.353954,0.009249673,0.09804682,-0.1931552,-0.03425949,-0.03425949,-0.12734
8311,6.354698,0.00924377,0.09800665,-0.1932423,-0.03492781,-0.03492781,-0.1249616
8312,6.355411,0.009239278,0.09803608,-0.1933085,-0.03488374,-0.03488374,-0.124956
8313,6.356156,0.009310134,0.09792644,-0.1934125,-0.03257617,-0.03257617,-0.1262176
8314,6.356925,0.00930567,0.09795592,-0.1934787,-0.03478203,-0.03478203,-0.1215863
8315,6.357631,0.009298408,0.0978462,-0.1935864,-0.0327287,-0.0327287,-0.1215554
8316,6.358361,0.009293945,0.09787575,-0.1936526,-0.03268555,-0.03268555,-0.1215498
8317,6.359111,0.009288087,0.0978357,-0.1937395,-0.03400811,-0.03400811,-0.1207915
8318,6.359869,0.009283622,0.0978653,-0.1938057,-0.03467444,-0.03467444,-0.1186298
8319,6.36059,0.009277766,0.09782527,-0.1938926,-0.03333842,-0.03333842,-0.1169979
8320,6.361444,0.009276373,0.09775561,-0.1939132,-0.03329716,-0.03329716,-0.1169926
8321,6.362159,0.009348895,0.0977156,-0.1939963,-0.03477933,-0.03477933,-0.1126729
8322,6.362989,0.009344457,0.09774528,-0.1940625,-0.03543557,-0.03543557,-0.1121452
8323,6.363773,0.00933864,0.09770532,-0.1941493,-0.03383325,-0.03383325,-0.111109
8324,6.364633,0.009331445,0.09759559,-0.1942566,-0.03545031,-0.03545031,-0.1077133
8325,6.365395,0.00932701,0.09762535,-0.1943228,-0.03543135,-0.03543135,-0.1076862
8326,6.366143,0.009321199,0.09758545,-0.1944095,-0.0364064,-0.0364064,-0.1075955
8327,6.366872,0.009316763,0.09761527,-0.1944757,-0.03491695,-0.03491695,-0.1078384
8328,6.367645,0.009389578,0.09757534,-0.1945586,-0.03402337,-0.03402337,-0.107438
8329,6.368454,0.009389578,0.09757534,-0.1945586,-0.03402337,-0.03402337,-0.107438
8330,6.369083,0.009382443,0.09746565,-0.1946658,-0.0358464,-0.0358464,-0.1047618
8331,6.369771,0.009378035,0.09749557,-0.1947319,-0.0348533,-0.0348533,-0.1040609
8332,6.370451,0.009372262,0.0974557,-0.1948186,-0.03483505,-0.03483505,-0.1040341
8333,6.371273,0.009367855,0.09748568,-0.1948847,-0.03470686,-0.03470686,-0.1043118
8334,6.372493,0.009362087,0.09744585,-0.1949714,-0.03470753,-0.03470753,-0.1031206
8335,6.375198,0.009423667,0.09732639,-0.1952272,-0.03249426,-0.03249426,-0.09978928
8336,6.375957,0.00941794,0.09728661,-0.1953137,-0.03247623,-0.03247623,-0.09976373
8337,6.376703,0.009412213,0.09724686,-0.1954002,-0.0327105,-0.0327105,-0.09961753
8338,6.377496,0.009412213,0.09724686,-0.1954002,-0.03349066,-0.03349066,-0.09910114
8339,6.378164,0.009406492,0.09720708,-0.1954866,-0.03345615,-0.03345615,-0.09909696
8340,6.378891,0.009402112,0.09723729,-0.1955528,-0.0327757,-0.0327757,-0.09871186
8341,6.379587,0.009396391,0.09719758,-0.1956392,-0.03258744,-0.03258744,-0.09708594
8342,6.380388,0.009390672,0.09715783,-0.1957256,-0.03211153,-0.03211153,-0.0989
8343,6.381299,0.009384953,0.09711816,-0.1958119,-0.0305498,-0.0305498,-0.09822919
8344,6.382094,0.009459709,0.09714849,-0.1958742,-0.03051513,-0.03051513,-0.09822211
8345,6.382812,0.0094527,0.09703881,-0.1959808,-0.03128355,-0.03128355,-0.09684255
8346,6.383522,0.0094527,0.09703881,-0.1959808,-0.03263541,-0.03263541,-0.09614966
8347,6.384136,0.009448348,0.09706919,-0.1960469,-0.03263541,-0.03263541,-0.09614966
8348,6.384829,0.009442671,0.09702954,-0.1961332,-0.03231504,-0.03231504,-0.096706
8349,6.385564,0.009442671,0.09702954,-0.1961332,-0.03231504,-0.03231504,-0.096706
8350,6.386216,0.009431319,0.09695031,-0.1963057,-0.03059377,-0.03059377,-0.09532047
8351,6.386996,0.009431319,0.09695031,-0.1963057,-0.03301217,-0.03301217,-0.09505073
8352,6.387716,0.009425649,0.0969107,-0.1963919,-0.03260907,-0.03260907,-0.0946191
8353,6.388452,0.009421299,0.09694124,-0.196458,-0.0325923,-0.0325923,-0.09459361
8354,6.389274,0.009415628,0.09690167,-0.1965442,-0.03121141,-0.03121141,-0.09346644
8355,6.390084,0.009409958,0.09686211,-0.1966303,-0.03001969,-0.03001969,-0.09237403
8356,6.390898,0.00940561,0.09689272,-0.1966964,-0.03122051,-0.03122051,-0.09355348
8357,6.39176,0.009399944,0.09685321,-0.1967825,-0.03132062,-0.03132062,-0.0933262
8358,6.392682,0.009473838,0.09681372,-0.1968648,-0.03130056,-0.03130056,-0.09307157
8359,6.393461,0.009472531,0.09674354,-0.1968848,-0.03130056,-0.03130056,-0.09307157
8360,6.394218,0.009466903,0.09670405,-0.1969709,-0.02981846,-0.02981846,-0.09256832
8361,6.395095,0.009461277,0.09666458,-0.1970569,-0.03190884,-0.03190884,-0.09215389
8362,6.39597,0.009456957,0.09669533,-0.1971229,-0.03142969,-0.03142969,-0.0935773
8363,6.396728,0.009451333,0.09665586,-0.197209,-0.02979719,-0.02979719,-0.09204865
8364,6.397447,0.009447013,0.09668667,-0.197275,-0.02976477,-0.02976477,-0.09204395
8365,6.398183,0.009445712,0.0966164,-0.1972949,-0.03091003,-0.03091003,-0.0911689
8366,6.398902,0.009435773,0.09660791,-0.1974469,-0.03004738,-0.03004738,-0.09116536
8367,6.399615,0.009435773,0.09660791,-0.1974469,-0.03006263,-0.03006263,-0.09114512
8368,6.400257,0.009509957,0.0965685,-0.197529,-0.02954021,-0.02954021,-0.09163752
8369,6.401132,0.009504375,0.09652913,-0.1976149,-0.02965166,-0.02965166,-0.09101561
8370,6.401921,0.009498795,0.09648979,-0.1977007,-0.03015597,-0.03015597,-0.09079038
8371,6.402677,0.009498795,0.09648979,-0.1977007,-0.03015597,-0.03015597,-0.09079038
8372,6.403308,0.009493218,0.09645043,-0.1977866,-0.03051247,-0.03051247,-0.09136876
8373,6.404058,0.009488927,0.09648144,-0.1978526,-0.03151321,-0.03151321,-0.09098082
8374,6.404772,0.009483351,0.09644214,-0.1979384,-0.03100196,-0.03100196,-0.09064473
8375,6.405472,0.009482069,0.0963718,-0.1979581,-0.03101724,-0.03101724,-0.09062398
8376,6.406194,0.009477777,0.09640287,-0.1980241,-0.02972985,-0.02972985,-0.09043853
8377,6.406964,0.009472204,0.09636359,-0.1981099,-0.03096875,-0.03096875,-0.09015578
8378,6.407668,0.009472204,0.09636359,-0.1981099,-0.03096875,-0.03096875,-0.09015578
8379,6.408318,0.009461065,0.09628505,-0.1982813,-0.02981021,-0.02981021,-0.08973564
8380,6.409032,0.009461065,0.09628505,-0.1982813,-0.03020139,-0.03020139,-0.09053072
8381,6.40971,0.009451208,0.09627704,-0.198433,-0.0300793,-0.0300793,-0.09099175
8382,6.410636,0.009451208,0.09627704,-0.198433,-0.03004741,-0.03004741,-0.09098664
8383,6.411368,0.009525888,0.09623784,-0.1985148,-0.03051109,-0.03051109,-0.09036852
8384,6.41209,0.00952036,0.09619863,-0.1986004,-0.03003244,-0.03003244,-0.089129
8385,6.412812,0.009514832,0.09615947,-0.198686,-0.03072296,-0.03072296,-0.08922611
8386,6.413554,0.009514832,0.09615947,-0.198686,-0.03072296,-0.03072296,-0.08922611
8387,6.414322,0.009509308,0.09612031,-0.1987715,-0.03119324,-0.03119324,-0.08956566
8388,6.415066,0.009503782,0.09608115,-0.1988571,-0.02984166,-0.02984166,-0.08977579
8389,6.415812,0.009503782,0.09608115,-0.1988571,-0.03030575,-0.03030575,-0.08910998
8390,6.416536,0.009498262,0.09604204,-0.1989425,-0.03027444,-0.03027444,-0.08910505
8391,6.417337,0.00949274,0.09600289,-0.199028,-0.03098246,-0.03098246,-0.08833907
8392,6.418139,0.009488482,0.09603433,-0.199094,-0.03034488,-0.03034488,-0.08780687
8393,6.418923,0.009487224,0.09596378,-0.1991135,-0.02925872,-0.02925872,-0.08857355
8394,6.41969,0.009481708,0.09592468,-0.1991989,-0.0292276,-0.0292276,-0.08856831
8395,6.420502,0.009557927,0.09595618,-0.199261,-0.03147984,-0.03147984,-0.0878021
8396,6.421411,0.00955668,0.0958856,-0.1992804,-0.03142513,-0.03142513,-0.08796436
8397,6.422125,0.009551202,0.09584653,-0.1993658,-0.03145686,-0.03145686,-0.08624443
8398,6.422861,0.009545724,0.09580746,-0.1994511,-0.03214216,-0.03214216,-0.0861916
8399,6.423604,0.009541492,0.09583905,-0.1995171,-0.03211223,-0.03211223,-0.08618695
8400,6.424331,0.009540251,0.09576839,-0.1995364,-0.03189918,-0.03189918,-0.08630961
8401,6.425219,0.009534776,0.0957294,-0.1996217,-0.03214701,-0.03214701,-0.08528371
8402,6.425957,0.009530546,0.09576102,-0.1996876,-0.03080907,-0.03080907,-0.0849213
8403,6.426692,0.009529307,0.09569036,-0.1997069,-0.03082344,-0.03082344,-0.0849006
8404,6.42751,0.009604578,0.09565135,-0.1997883,-0.03067774,-0.03067774,-0.08344471
8405,6.428272,0.009599145,0.09561235,-0.1998735,-0.03172759,-0.03172759,-0.08431651
8406,6.428986,0.009599145,0.09561235,-0.1998735,-0.03306239,-0.03306239,-0.08124409
8407,6.429618,0.009594939,0.09564407,-0.1999394,-0.03303449,-0.03303449,-0.08123992
8408,6.43042,0.009593712,0.09557335,-0.1999587,-0.03333034,-0.03333034,-0.08167467
8409,6.431252,0.009588282,0.0955344,-0.2000438,-0.03408574,-0.03408574,-0.08021733
8410,6.432081,0.009582855,0.09549545,-0.2001289,-0.03395492,-0.03395492,-0.08020031
8411,6.432952,0.009662494,0.09542468,-0.2001442,-0.03421747,-0.03421747,-0.07852089
8412,6.436405,0.009647537,0.09537864,-0.2003802,-0.03522829,-0.03522829,-0.07628547
8413,6.437159,0.009723163,0.09533973,-0.2004613,-0.03544322,-0.03544322,-0.076102
8414,6.437888,0.009723163,0.09533973,-0.2004613,-0.03422972,-0.03422972,-0.07575276
8415,6.438601,0.009719011,0.09537166,-0.2005273,-0.03422972,-0.03422972,-0.07575276
8416,6.439325,0.009713663,0.0953328,-0.2006122,-0.03387922,-0.03387922,-0.07335764
8417,6.440073,0.009712465,0.09526196,-0.2006312,-0.03279331,-0.03279331,-0.0742364
8418,6.441045,0.009711268,0.09519111,-0.2006502,-0.03338057,-0.03338057,-0.07360319
8419,6.441785,0.009787065,0.09515221,-0.2007312,-0.03538563,-0.03538563,-0.0700933
8420,6.442517,0.009787065,0.09515221,-0.2007312,-0.03538563,-0.03538563,-0.07009003
8421,6.443144,0.009781756,0.09511337,-0.2008161,-0.0355977,-0.0355977,-0.07008752
8422,6.443894,0.009781756,0.09511337,-0.2008161,-0.0352948,-0.0352948,-0.06953859
8423,6.444623,0.00977645,0.0950745,-0.2009009,-0.03530795,-0.03530795,-0.06951731
8424,6.445403,0.00977645,0.0950745,-0.2009009,-0.03483387,-0.03483387,-0.06730621
8425,6.44614,0.009852343,0.09503566,-0.2009817,-0.0345045,-0.0345045,-0.06788421
8426,6.446929,0.009852343,0.09503566,-0.2009817,-0.03349898,-0.03349898,-0.0675919
8427,6.447578,0.009847074,0.09499682,-0.2010665,-0.03348905,-0.03348905,-0.06756849
8428,6.448406,0.009847074,0.09499682,-0.2010665,-0.03481116,-0.03481116,-0.06620246
8429,6.449035,0.009847074,0.09499682,-0.2010665,-0.03481116,-0.03481116,-0.06620246
8430,6.449669,0.009923071,0.09495799,-0.2011473,-0.03392975,-0.03392975,-0.06594315
8431,6.450375,0.009923071,0.09495799,-0.2011473,-0.03415943,-0.03415943,-0.06253673
8432,6.450999,0.00991784,0.09491922,-0.201232,-0.03417157,-0.03417157,-0.06251654
8433,6.451694,0.00991784,0.09491922,-0.201232,-0.03310006,-0.03310006,-0.06198922
8434,6.452409,0.009916678,0.09484823,-0.2012508,-0.03393096,-0.03393096,-0.0620865
8435,6.453032,0.009912608,0.09488041,-0.2013168,-0.03391056,-0.03391056,-0.06208409
8436,6.453762,0.009907381,0.09484166,-0.2014014,-0.03400629,-0.03400629,-0.06038944
8437,6.454479,0.009907381,0.09484166,-0.2014014,-0.03191396,-0.03191396,-0.06106359
8438,6.455311,0.009983579,0.09480288,-0.201482,-0.03208018,-0.03208018,-0.06096013
8439,6.456101,0.009983579,0.09480288,-0.201482,-0.03208018,-0.03208018,-0.06095491
8440,6.456728,0.009982429,0.09473182,-0.2015008,-0.0311669,-0.0311669,-0.06105385
8441,6.45745,0.009982429,0.09473182,-0.2015008,-0.03100717,-0.03100717,-0.06041293
8442,6.458223,0.00997724,0.09469311,-0.2015854,-0.0321447,-0.0321447,-0.05739227
8443,6.461001,0.01004838,0.09461561,-0.2017504,-0.03048131,-0.03048131,-0.05660193
8444,6.461925,0.01004838,0.09461561,-0.2017504,-0.03048131,-0.03048131,-0.05660193
8445,6.462583,0.01004323,0.09457687,-0.2018349,-0.03047647,-0.03047647,-0.05657519
8446,6.463308,0.01004323,0.09457687,-0.2018349,-0.03089509,-0.03089509,-0.05579512
8447,6.463939,0.01004323,0.09457687,-0.2018349,-0.03089509,-0.03089509,-0.05579512
8448,6.464558,0.01011968,0.09453815,-0.2019153,-0.02915156,-0.02915156,-0.05529811
8449,6.465262,0.01011968,0.09453815,-0.2019153,-0.02937781,-0.02937781,-0.05483535
8450,6.465882,0.01011855,0.09446706,-0.2019339,-0.02937781,-0.02937781,-0.05483535
8451,6.466615,0.01011457,0.09449945,-0.2019998,-0.02889254,-0.02889254,-0.05446859
8452,6.467455,0.01011457,0.09449945,-0.2019998,-0.02826392,-0.02826392,-0.05332657
8453,6.468111,0.01010946,0.09446076,-0.2020842,-0.02836565,-0.02836565,-0.05267569
8454,6.468859,0.01010946,0.09446076,-0.2020842,-0.02836565,-0.02836565,-0.05267569
8455,6.469479,0.01010435,0.09442212,-0.2021686,-0.02877818,-0.02877818,-0.05276347
8456,6.470295,0.01009924,0.09438343,-0.2022529,-0.02887756,-0.02887756,-0.05239704
8457,6.471058,0.01018095,0.09438343,-0.2022488,-0.02891811,-0.02891811,-0.05237614
8458,6.47179,0.01017984,0.09431227,-0.2022673,-0.02892823,-0.02892823,-0.05235888
8459,6.472507,0.01017588,0.09434478,-0.2023332,-0.02856721,-0.02856721,-0.0522392
8460,6.473334,0.01017477,0.09427363,-0.2023516,-0.02762645,-0.02762645,-0.05270955
8461,6.474098,0.01017081,0.09430617,-0.2024175,-0.02818111,-0.02818111,-0.05153621
8462,6.474802,0.01017081,0.09430617,-0.2024175,-0.02818111,-0.02818111,-0.05153621
8463,6.475528,0.01016575,0.09426755,-0.2025018,-0.02684163,-0.02684163,-0.05117214
8464,6.476327,0.01024756,0.09426755,-0.2024976,-0.02649065,-0.02649065,-0.05146526
8465,6.477046,0.01024253,0.09422895,-0.2025819,-0.02694513,-0.02694513,-0.05083671
8466,6.477797,0.01024253,0.09422895,-0.2025819,-0.02694513,-0.02694513,-0.05083671
8467,6.47848,0.0102375,0.09419036,-0.2026661,-0.02694513,-0.02694513,-0.05083671
8468,6.479216,0.0102375,0.09419036,-0.2026661,-0.02643672,-0.02643672,-0.05159765
8469,6.47984,0.0102364,0.09411911,-0.2026845,-0.02614359,-0.02614359,-0.05144399
8470,6.48053,0.01023137,0.09408052,-0.2027686,-0.02665152,-0.02665152,-0.05116975
8471,6.481392,0.01023137,0.09408052,-0.2027686,-0.02665152,-0.02665152,-0.05116975
8472,6.48201,0.01022635,0.09404194,-0.2028528,-0.02716644,-0.02716644,-0.05216821
8473,6.482748,0.01022635,0.09404194,-0.2028528,-0.02715684,-0.02715684,-0.0518845
8474,6.483398,0.01022242,0.09407467,-0.2029186,-0.02713941,-0.02713941,-0.05188205
8475,6.484124,0.01022133,0.09400339,-0.2029369,-0.02637845,-0.02637845,-0.05222185
8476,6.484861,0.01029944,0.09403612,-0.2029985,-0.02570111,-0.02570111,-0.05320717
8477,6.485587,0.01029445,0.0939976,-0.2030826,-0.02630579,-0.02630579,-0.05223165
8478,6.486306,0.01029445,0.0939976,-0.2030826,-0.02630579,-0.02630579,-0.05223165
8479,6.487015,0.01028947,0.09395906,-0.2031667,-0.02576011,-0.02576011,-0.05287668
8480,6.487823,0.01028947,0.09395906,-0.2031667,-0.02599051,-0.02599051,-0.05272018
8481,6.488475,0.01028947,0.09395906,-0.2031667,-0.02599051,-0.02599051,-0.05272018
8482,6.489111,0.01028448,0.09392062,-0.2032507,-0.02598221,-0.02598221,-0.05270108
8483,6.489807,0.0102834,0.09384924,-0.2032689,-0.0255799,-0.0255799,-0.05350683
8484,6.49055,0.0102795,0.09388211,-0.2033347,-0.02648831,-0.02648831,-0.0537567
8485,6.491364,0.01027452,0.09384365,-0.2034186,-0.02649813,-0.02649813,-0.05374
8486,6.492263,0.01027345,0.09377226,-0.2034367,-0.02659113,-0.02659113,-0.05427364
8487,6.493076,0.01026955,0.09380518,-0.2035025,-0.02618341,-0.02618341,-0.05457591
8488,6.493869,0.01026955,0.09380518,-0.2035025,-0.0260761,-0.0260761,-0.05546775
8489,6.49451,0.01026457,0.09376673,-0.2035864,-0.02499756,-0.02499756,-0.05582675
8490,6.495239,0.0102596,0.09372832,-0.2036703,-0.02500729,-0.02500729,-0.05581038
8491,6.495979,0.0102596,0.09372832,-0.2036703,-0.02603365,-0.02603365,-0.05647118
8492,6.496628,0.01025463,0.09368989,-0.2037541,-0.02596796,-0.02596796,-0.0565632
8493,6.497325,0.01025463,0.09368989,-0.2037541,-0.02596796,-0.02596796,-0.0565632
8494,6.497955,0.01025073,0.09372294,-0.2038199,-0.02649556,-0.02649556,-0.05705345
8495,6.498807,0.01024965,0.09365152,-0.2038379,-0.02529394,-0.02529394,-0.05860601
8496,6.499536,0.01024469,0.09361312,-0.2039217,-0.02634908,-0.02634908,-0.05795633
8497,6.500354,0.01032214,0.0935747,-0.2040013,-0.0263592,-0.0263592,-0.05794048
8498,6.501193,0.01032214,0.0935747,-0.2040013,-0.02727147,-0.02727147,-0.05832937
8499,6.501846,0.01031826,0.09360782,-0.204067,-0.02693253,-0.02693253,-0.05895853
8500,6.502592,0.01031721,0.09353639,-0.204085,-0.02631465,-0.02631465,-0.05850406
8501,6.503424,0.01031333,0.09356954,-0.2041507,-0.02629446,-0.02629446,-0.0585004
8502,6.504153,0.0103084,0.09353122,-0.2042344,-0.02570434,-0.02570434,-0.05880841
8503,6.504923,0.01030735,0.09345971,-0.2042523,-0.02514472,-0.02514472,-0.05894388
8504,6.505719,0.01030348,0.09349291,-0.204318,-0.02491361,-0.02491361,-0.06083222
8505,6.506423,0.01030242,0.09342138,-0.2043359,-0.02492386,-0.02492386,-0.06081514
8506,6.507122,0.01029855,0.09345461,-0.2044016,-0.02594363,-0.02594363,-0.06107147
8507,6.507806,0.0102975,0.0933831,-0.2044195,-0.02594363,-0.02594363,-0.06115426
8508,6.508505,0.01028871,0.09337809,-0.2045688,-0.02541952,-0.02541952,-0.06182426
8509,6.509235,0.01028871,0.09337809,-0.2045688,-0.0254299,-0.0254299,-0.06180681
8510,6.509881,0.01028871,0.09337809,-0.2045688,-0.02639597,-0.02639597,-0.06242258
8511,6.510656,0.01028379,0.09333985,-0.2046523,-0.02637151,-0.02637151,-0.06209362
8512,6.511362,0.01027992,0.09337319,-0.204718,-0.02637151,-0.02637151,-0.06209362
8513,6.512137,0.01027887,0.09330162,-0.2047358,-0.02566964,-0.02566964,-0.06309865
8514,6.512897,0.010275,0.09333499,-0.2048015,-0.02498098,-0.02498098,-0.06292836
8515,6.513676,0.01027395,0.0932634,-0.2048193,-0.02466042,-0.02466042,-0.06380359
8516,6.514498,0.01026904,0.09322517,-0.2049027,-0.02511358,-0.02511358,-0.06340612
8517,6.515359,0.01026517,0.09325862,-0.2049684,-0.02511358,-0.02511358,-0.06340612
8518,6.51614,0.01026413,0.09318701,-0.2049861,-0.02640302,-0.02640302,-0.06396732
8519,6.516887,0.01026026,0.09322046,-0.2050518,-0.02628582,-0.02628582,-0.06414878
8520,6.5176,0.01025921,0.09314884,-0.2050695,-0.02618909,-0.02618909,-0.06368647
8521,6.518304,0.01025535,0.09318233,-0.2051351,-0.02616686,-0.02616686,-0.06368183
8522,6.519046,0.01025044,0.09314418,-0.2052185,-0.02603545,-0.02603545,-0.06350989
8523,6.519765,0.0102494,0.09307252,-0.2052361,-0.02700414,-0.02700414,-0.0639912
8524,6.520492,0.01024553,0.09310608,-0.2053018,-0.02621895,-0.02621895,-0.06547855
8525,6.5214,0.01024449,0.09303438,-0.2053194,-0.02622976,-0.02622976,-0.06546018
8526,6.522104,0.01023959,0.09299628,-0.2054026,-0.02631727,-0.02631727,-0.06512961
8527,6.522835,0.01023959,0.09299628,-0.2054026,-0.02654375,-0.02654375,-0.06513824
8528,6.523475,0.01023959,0.09299628,-0.2054026,-0.02654375,-0.02654375,-0.06513824
8529,6.524095,0.01023469,0.09295815,-0.2054859,-0.02659453,-0.02659453,-0.06404955
8530,6.524842,0.01023082,0.09299178,-0.2055515,-0.02653536,-0.02653536,-0.06411657
8531,6.525571,0.01022592,0.09295376,-0.2056347,-0.02667279,-0.02667279,-0.06445473
8532,6.526326,0.01022592,0.09295376,-0.2056347,-0.02665025,-0.02665025,-0.06444994
8533,6.526958,0.01022489,0.09288201,-0.2056522,-0.02585704,-0.02585704,-0.06458915
8534,6.527747,0.01022102,0.09291571,-0.2057178,-0.0257969,-0.0257969,-0.06407949
8535,6.528554,0.0102151,0.0928059,-0.2058184,-0.02749993,-0.02749993,-0.06440344
8536,6.529337,0.0102151,0.0928059,-0.2058184,-0.02747749,-0.02747749,-0.06439869
8537,6.530073,0.01021123,0.09283967,-0.205884,-0.02848429,-0.02848429,-0.06384908
8538,6.53089,0.01021021,0.09276786,-0.2059015,-0.02669749,-0.02669749,-0.06391338
8539,6.53163,0.01020532,0.09272984,-0.2059845,-0.02624974,-0.02624974,-0.06326228
8540,6.532449,0.01020532,0.09272984,-0.2059845,-0.02624974,-0.02624974,-0.06326228
8541,6.533092,0.01020043,0.09269184,-0.2060675,-0.02622759,-0.02622759,-0.06325749
8542,6.533778,0.01020043,0.09269184,-0.2060675,-0.02707586,-0.02707586,-0.06272744
8543,6.534394,0.0101994,0.09262,-0.2060849,-0.02708638,-0.02708638,-0.06270886
8544,6.53517,0.01019554,0.09265383,-0.2061505,-0.02779794,-0.02779794,-0.0629786
8545,6.536036,0.01019452,0.092582,-0.2061678,-0.02936384,-0.02936384,-0.06127626
8546,6.536818,0.01019065,0.09261587,-0.2062334,-0.02908555,-0.02908555,-0.06069469
8547,6.537607,0.01018963,0.092544,-0.2062507,-0.02897075,-0.02897075,-0.06064612
8548,6.538435,0.01027301,0.092544,-0.2062466,-0.02897075,-0.02897075,-0.06064755
8549,6.539166,0.01026816,0.09250605,-0.2063295,-0.02914119,-0.02914119,-0.05884996
8550,6.54168,0.01026432,0.09253997,-0.206395,-0.02945053,-0.02945053,-0.05918483
8551,6.542609,0.01025847,0.09243011,-0.2064951,-0.03001036,-0.03001036,-0.05574711
8552,6.543392,0.01025746,0.09235823,-0.2065123,-0.03002045,-0.03002045,-0.05572811
8553,6.544152,0.01025262,0.09232029,-0.2065951,-0.03075889,-0.03075889,-0.05588292
8554,6.544873,0.01025161,0.09224835,-0.2066123,-0.03227125,-0.03227125,-0.05434373
8555,6.545608,0.01025161,0.09224835,-0.2066123,-0.03307801,-0.03307801,-0.05451375
8556,6.546224,0.01025161,0.09224835,-0.2066123,-0.03307801,-0.03307801,-0.05451375
8557,6.546825,0.01024678,0.09221041,-0.2066949,-0.03274146,-0.03274146,-0.05204642
8558,6.547577,0.01024678,0.09221041,-0.2066949,-0.03303939,-0.03303939,-0.05147205
8559,6.54822,0.01024294,0.09224446,-0.2067605,-0.03302283,-0.03302283,-0.05146926
8560,6.549058,0.01024194,0.09217246,-0.2067776,-0.03212122,-0.03212122,-0.05199786
8561,6.549789,0.01024194,0.09217246,-0.2067776,-0.03269733,-0.03269733,-0.05155683
8562,6.550439,0.01024194,0.09217246,-0.2067776,-0.03269733,-0.03269733,-0.05155683
8563,6.551049,0.01023711,0.09213455,-0.2068602,-0.03030835,-0.03030835,-0.05096948
8564,6.551761,0.01023711,0.09213455,-0.2068602,-0.03167547,-0.03167547,-0.04833877
8565,6.552399,0.01023611,0.09206257,-0.2068773,-0.03168492,-0.03168492,-0.0483199
8566,6.553083,0.01023511,0.09199058,-0.2068943,-0.03210963,-0.03210963,-0.0483991
8567,6.553937,0.01023128,0.09202465,-0.2069599,-0.03209416,-0.03209416,-0.04839654
8568,6.55474,0.01023028,0.09195265,-0.2069769,-0.03308238,-0.03308238,-0.04692236
8569,6.555501,0.01023028,0.09195265,-0.2069769,-0.03399019,-0.03399019,-0.04713638
8570,6.556252,0.01022929,0.0918806,-0.2069939,-0.03351275,-0.03351275,-0.04635523
8571,6.557005,0.01022929,0.0918806,-0.2069939,-0.03402319,-0.03402319,-0.04647533
8572,6.557701,0.01022546,0.09191471,-0.2070594,-0.03732256,-0.03732256,-0.0401293
8573,6.558573,0.01022447,0.09184271,-0.2070763,-0.0373204,-0.0373204,-0.04010814
8574,6.559453,0.01022348,0.09177065,-0.2070933,-0.0354322,-0.0354322,-0.03966465
8575,6.560174,0.01022348,0.09177065,-0.2070933,-0.03441653,-0.03441653,-0.0394051
8576,6.560965,0.01022348,0.09177065,-0.2070933,-0.03441653,-0.03441653,-0.0394051
8577,6.561605,0.01021865,0.09173271,-0.2071757,-0.03441377,-0.03441377,-0.03938497
8578,6.562312,0.01021865,0.09173271,-0.2071757,-0.0366376,-0.0366376,-0.03573614
8579,6.562958,0.01021767,0.09166066,-0.2071926,-0.03664628,-0.03664628,-0.03571676
8580,6.563715,0.01021669,0.09158854,-0.2072094,-0.03636649,-0.03636649,-0.03563014
8581,6.564415,0.01021669,0.09158854,-0.2072094,-0.03693554,-0.03693554,-0.03576276
8582,6.565049,0.0102157,0.09151648,-0.2072261,-0.03719954,-0.03719954,-0.03582429
8583,6.565743,0.0102157,0.09151648,-0.2072261,-0.03720828,-0.03720828,-0.03580467
8584,6.566362,0.01021187,0.09155063,-0.2072917,-0.0360833,-0.0360833,-0.0355447
8585,6.567109,0.01021187,0.09155063,-0.2072917,-0.03750876,-0.03750876,-0.03213254
8586,6.567738,0.01021089,0.09147853,-0.2073085,-0.03751714,-0.03751714,-0.03211323
8587,6.568455,0.01021089,0.09147853,-0.2073085,-0.03664108,-0.03664108,-0.03190982
8588,6.569167,0.01021089,0.09147853,-0.2073085,-0.03661047,-0.03661047,-0.03190272
8589,6.569853,0.01020991,0.09140642,-0.2073252,-0.03661869,-0.03661869,-0.03188381
8590,6.570585,0.01020991,0.09140642,-0.2073252,-0.03615412,-0.03615412,-0.03177617
8591,6.571314,0.01020893,0.09133427,-0.2073419,-0.03662293,-0.03662293,-0.03087625
8592,6.572032,0.01020893,0.09133427,-0.2073419,-0.03650562,-0.03650562,-0.03082843
8593,6.57268,0.01020893,0.09133427,-0.2073419,-0.03650562,-0.03650562,-0.03082843
8594,6.57338,0.01020796,0.0912621,-0.2073586,-0.03606883,-0.03606883,-0.03070702
8595,6.574122,0.01020698,0.09119,-0.2073752,-0.03574588,-0.03574588,-0.03061226
8596,6.574841,0.01020698,0.09119,-0.2073752,-0.03574588,-0.03574588,-0.03061226
8597,6.575472,0.01020698,0.09119,-0.2073752,-0.04617798,-0.04617798,-0.01063443
8598,6.576171,0.01020601,0.09111781,-0.2073918,-0.04541629,-0.04541629,-0.01043758
8599,6.576963,0.01020601,0.09111781,-0.2073918,-0.04541629,-0.04541629,-0.01043758
8600,6.57761,0.01020601,0.09111781,-0.2073918,-0.04397719,-0.04397719,-0.01010685
8601,6.578236,0.01020121,0.0910798,-0.207474,-0.04425737,-0.04425737,-0.01017432
8602,6.57894,0.01020121,0.0910798,-0.207474,-0.0442642,-0.0442642,-0.01015501
8603,6.579544,0.01020121,0.0910798,-0.207474,-0.03772034,-0.03772034,-0.02059339
8604,6.580157,0.01020121,0.0910798,-0.207474,-0.03799467,-0.03799467,-0.02065632
8605,6.580934,0.01020024,0.09100762,-0.2074905,-0.03800181,-0.03800181,-0.02063822
8606,6.581651,0.01020024,0.09100762,-0.2074905,-0.03708293,-0.03708293,-0.02042785
8607,6.582286,0.01020024,0.09100762,-0.2074905,-0.03725964,-0.03725964,-0.02046831
8608,6.582977,0.01019927,0.09093541,-0.207507,-0.03725964,-0.03725964,-0.02046831
8609,6.586372,0.01019734,0.09079097,-0.20754,-0.03523907,-0.03523907,-0.01995043
8610,6.58722,0.01019734,0.09079097,-0.20754,-0.04092867,-0.04092867,-0.009312553
8611,6.587959,0.01019639,0.09071876,-0.2075564,-0.04093494,-0.04093494,-0.009294691
8612,6.588767,0.01019639,0.09071876,-0.2075564,-0.04112617,-0.04112617,-0.009338113
8613,6.589532,0.01028021,0.09071876,-0.2075522,-0.04112617,-0.04112617,-0.009338333
8614,6.590297,0.01028021,0.09071876,-0.2075522,-0.04244308,-0.04244308,-0.009556565
8615,6.590947,0.01027926,0.0906465,-0.2075686,-0.04244957,-0.04244957,-0.009538031
8616,6.591685,0.01027926,0.0906465,-0.2075686,-0.03924954,-0.03924954,-0.008812923
8617,6.592381,0.01027831,0.09057423,-0.207585,-0.03924954,-0.03924954,-0.008812923
8618,6.593147,0.01027831,0.09057423,-0.207585,-0.03985542,-0.03985542,-0.008931428
8619,6.593789,0.01027831,0.09057423,-0.207585,-0.03985542,-0.03985542,-0.008931428
8620,6.594456,0.01027736,0.09050199,-0.2076013,-0.03898977,-0.03898977,-0.008735686
8621,6.595198,0.01027736,0.09050199,-0.2076013,-0.03772846,-0.03772846,-0.008432719
8622,6.595832,0.01027736,0.09050199,-0.2076013,-0.03772846,-0.03772846,-0.008432719
8623,6.596464,0.01027642,0.09042972,-0.2076176,-0.03773421,-0.03773421,-0.008416242
8624,6.597175,0.01027642,0.09042972,-0.2076176,-0.03748714,-0.03748714,-0.008360607
8625,6.597821,0.01027642,0.09042972,-0.2076176,-0.03748714,-0.03748714,-0.008360607
8626,6.598466,0.01027547,0.09035742,-0.2076338,-0.03748714,-0.03748714,-0.008441369
8627,6.599278,0.01027547,0.09035742,-0.2076338,-0.03742007,-0.03742007,-0.008408633
8628,6.599946,0.01027547,0.09035742,-0.2076338,-0.03742007,-0.03742007,-0.008408633
8629,6.600584,0.01027453,0.09028514,-0.2076501,-0.03742575,-0.03742575,-0.008392286
8630,6.601494,0.01027453,0.09028514,-0.2076501,-0.03742575,-0.03742575,-0.008392286
8631,6.602152,0.01027453,0.09028514,-0.2076501,-0.03742575,-0.03742575,-0.008392286
8632,6.602779,0.01027359,0.09021279,-0.2076663,-0.03742575,-0.03742575,-0.008392286
8633,6.603537,0.01027359,0.09021279,-0.2076663,-0.03668376,-0.03668376,-0.008208621
8634,6.604202,0.01027359,0.09021279,-0.2076663,-0.03668376,-0.03668376,-0.008208621
8635,6.604832,0.01027265,0.09014048,-0.2076824,-0.03668931,-0.03668931,-0.00819259
8636,6.605524,0.01027265,0.09014048,-0.2076824,-0.03648226,-0.03648226,-0.008146359
8637,6.606159,0.01027265,0.09014048,-0.2076824,-0.03550966,-0.03550966,-0.00792918
8638,6.606863,0.01027265,0.09014048,-0.2076824,-0.03550966,-0.03550966,-0.00792918
8639,6.607624,0.01027171,0.09006815,-0.2076986,-0.03551503,-0.03551503,-0.007913658
8640,6.608542,0.01027171,0.09006815,-0.2076986,-0.03430353,-0.03430353,-0.007643707
8641,6.609215,0.01027171,0.09006815,-0.2076986,-0.03430353,-0.03430353,-0.007643707
8642,6.609869,0.01027171,0.09006815,-0.2076986,-0.03430353,-0.03430353,-0.007643707
8643,6.610518,0.01027171,0.09006815,-0.2076986,-0.03457084,-0.03457084,-0.00770327
8644,6.611315,0.01027078,0.08999583,-0.2077147,-0.03336261,-0.03336261,-0.007418336
8645,6.611978,0.01027078,0.08999583,-0.2077147,-0.03336261,-0.03336261,-0.007418336
8646,6.612631,0.01026984,0.08992348,-0.2077308,-0.03354766,-0.03354766,-0.007459484
8647,6.613366,0.01026984,0.08992348,-0.2077308,-0.03374001,-0.03374001,-0.007486376
8648,6.61412,0.01026984,0.08992348,-0.2077308,-0.03365302,-0.03365302,-0.007467077
8649,6.614769,0.01026984,0.08992348,-0.2077308,-0.03365302,-0.03365302,-0.007467077
8650,6.615389,0.01026984,0.08992348,-0.2077308,-0.03365302,-0.03365302,-0.007467077
8651,6.616012,0.01026984,0.08992348,-0.2077308,-0.03365302,-0.03365302,-0.007467077
8652,6.61666,0.01026984,0.08992348,-0.2077308,-0.03271421,-0.03271421,-0.00725877
8653,6.61729,0.01026891,0.08985108,-0.2077468,-0.03210359,-0.03210359,-0.007123282
8654,6.618057,0.01026891,0.08985108,-0.2077468,-0.02886705,-0.02886705,-0.006391552
8655,6.61869,0.01026891,0.08985108,-0.2077468,-0.02886705,-0.02886705,-0.006391552
8656,6.619359,0.01026891,0.08985108,-0.2077468,-0.02886705,-0.02886705,-0.006391552
8657,6.619998,0.01026798,0.08977874,-0.2077628,-0.02886705,-0.02886705,-0.006391552
8658,6.620702,0.01026798,0.08977874,-0.2077628,-0.02881495,-0.02881495,-0.006366462
8659,6.621473,0.01026798,0.08977874,-0.2077628,-0.02881495,-0.02881495,-0.006366462
8660,6.622169,0.01026798,0.08977874,-0.2077628,-0.02881495,-0.02881495,-0.006366462
8661,6.624841,0.01026798,0.08977874,-0.2077628,-0.02881495,-0.02881495,-0.006366462
8662,6.625585,0.01026705,0.08970633,-0.2077788,-0.02632701,-0.02632701,-0.005804381
8663,6.626375,0.01026705,0.08970633,-0.2077788,-0.02632701,-0.02632701,-0.005804381
8664,6.627017,0.01026705,0.08970633,-0.2077788,-0.02632701,-0.02632701,-0.005804381
8665,6.62763,0.01026705,0.08970633,-0.2077788,-0.02632701,-0.02632701,-0.005804381
8666,6.628241,0.01026705,0.08970633,-0.2077788,-0.02632701,-0.02632701,-0.005804381
8667,6.628899,0.01026705,0.08970633,-0.2077788,-0.02632701,-0.02632701,-0.005804381
8668,6.629542,0.01026705,0.08970633,-0.2077788,-0.02632701,-0.02632701,-0.005804381
8669,6.630181,0.01026613,0.08963396,-0.2077947,-0.02632701,-0.02632701,-0.005804381
8670,6.631001,0.01026613,0.08963396,-0.2077947,-0.02129164,-0.02129164,-0.004684206
8671,6.631645,0.01026613,0.08963396,-0.2077947,-0.02129164,-0.02129164,-0.004684206
8672,6.632336,0.01026613,0.08963396,-0.2077947,-0.02129164,-0.02129164,-0.004684206
8673,6.632981,0.01026613,0.08963396,-0.2077947,-0.02129164,-0.02129164,-0.004684206
8674,6.633613,0.01026613,0.08963396,-0.2077947,-0.0200719,-0.0200719,-0.004415861
8675,6.634225,0.0102652,0.08956155,-0.2078106,-0.0200749,-0.0200749,-0.004407082
8676,6.63497,0.0102652,0.08956155,-0.2078106,-0.01981611,-0.01981611,-0.00435027
8677,6.635635,0.0102652,0.08956155,-0.2078106,-0.01981611,-0.01981611,-0.00435027
8678,6.636313,0.0102652,0.08956155,-0.2078106,-0.01981611,-0.01981611,-0.00435027
8679,6.636958,0.0102652,0.08956155,-0.2078106,-0.01981611,-0.01981611,-0.00435027
8680,6.637661,0.0102652,0.08956155,-0.2078106,-0.01981611,-0.01981611,-0.00435027
8681,6.638342,0.0102652,0.08956155,-0.2078106,-0.01981611,-0.01981611,-0.00435027
8682,6.639011,0.0102652,0.08956155,-0.2078106,-0.01981611,-0.01981611,-0.00435027
8683,6.639769,0.0102652,0.08956155,-0.2078106,-0.01923102,-0.01923102,-0.004221824
8684,6.640409,0.0102652,0.08956155,-0.2078106,-0.01923102,-0.01923102,-0.004221824
8685,6.641202,0.0102652,0.08956155,-0.2078106,-0.01923102,-0.01923102,-0.004221824
8686,6.641869,0.0102652,0.08956155,-0.2078106,-0.01923102,-0.01923102,-0.004221824
8687,6.642514,0.0102652,0.08956155,-0.2078106,0,0,0
8688,6.643204,0.0102652,0.08956155,-0.2078106,0,0,0
8689,6.643889,0.0102652,0.08956155,-0.2078106,0,0,0
8690,6.644533,0.0102652,0.08956155,-0.2078106,0,0,0
8691,6.645189,0.0102652,0.08956155,-0.2078106,0,0,0
8692,6.645827,0.0102652,0.08956155,-0.2078106,0,0,0
8693,6.646498,0.01026139,0.08959569,-0.2078764,0,0,0
8694,6.647268,0.01026139,0.08959569,-0.2078764,0,0,0
8695,6.647909,0.01026139,0.08959569,-0.2078764,0.0005011172,0.0005011172,-0.00096388
8696,6.648577,0.01026139,0.08959569,-0.2078764,0.0005011172,0.0005011172,-0.00096388
8697,6.649226,0.01026139,0.08959569,-0.2078764,0.0005011172,0.0005011172,-0.00096388
8698,6.649849,0.01026139,0.08959569,-0.2078764,0.0005011172,0.0005011172,-0.00096388
8699,6.65047,0.01026139,0.08959569,-0.2078764,0.0005011172,0.0005011172,-0.00096388
8700,6.651083,0.01026139,0.08959569,-0.2078764,0.0005011172,0.0005011172,-0.00096388
8701,6.651722,0.01026139,0.08959569,-0.2078764,0.0005011172,0.0005011172,-0.00096388
8702,6.652486,0.01026139,0.08959569,-0.2078764,0.0005011172,0.0005011172,-0.00096388
8703,6.653246,0.01026139,0.08959569,-0.2078764,0.0005011172,0.0005011172,-0.00096388
8704,6.65398,0.01026139,0.08959569,-0.2078764,0.0005011172,0.0005011172,-0.00096388
8705,6.654673,0.01026139,0.08959569,-0.2078764,0.0005011172,0.0005011172,-0.00096388
8706,6.655407,0.01026139,0.08959569,-0.2078764,0,0,0
8707,6.65605,0.01026139,0.08959569,-0.2078764,0,0,0
8708,6.656721,0.01026139,0.08959569,-0.2078764,0,0,0
8709,6.657396,0.01026139,0.08959569,-0.2078764,0,0,0
8710,6.658034,0.01026139,0.08959569,-0.2078764,0,0,0
8711,6.658671,0.01026139,0.08959569,-0.2078764,0,0,0
8712,6.659379,0.01026139,0.08959569,-0.2078764,0,0,0
8713,6.659996,0.01026139,0.08959569,-0.2078764,0,0,0
8714,6.660679,0.01026139,0.08959569,-0.2078764,0,0,0
8715,6.66151,0.01026139,0.08959569,-0.2078764,0,0,0
8716,6.662258,0.01026139,0.08959569,-0.2078764,0,0,0
8717,6.662952,0.01026139,0.08959569,-0.2078764,0,0,0
8718,6.663584,0.01026139,0.08959569,-0.2078764,0,0,0
8719,6.664242,0.01026139,0.08959569,-0.2078764,0,0,0
8720,6.664868,0.01026139,0.08959569,-0.2078764,0,0,0
8721,6.66547,0.01025757,0.08962987,-0.207942,0,0,0
8722,6.666238,0.01025757,0.08962987,-0.207942,0,0,0
8723,6.66695,0.01025757,0.08962987,-0.207942,0.0007824695,0.0007824695,-0.001503398
8724,6.667587,0.01025757,0.08962987,-0.207942,0.0007824695,0.0007824695,-0.001503398
8725,6.668264,0.01025757,0.08962987,-0.207942,0.0007824695,0.0007824695,-0.001503398
8726,6.668938,0.01025757,0.08962987,-0.207942,0.0007824695,0.0007824695,-0.001503398
8727,6.669684,0.01025831,0.08968778,-0.2079293,0.0007824695,0.0007824695,-0.001503398
8728,6.67045,0.01025831,0.08968778,-0.2079293,0.0007825168,0.0007825168,-0.001503297
8729,6.671081,0.01025831,0.08968778,-0.2079293,0.0007825168,0.0007825168,-0.001503297
8730,6.671729,0.01025831,0.08968778,-0.2079293,0.0007825168,0.0007825168,-0.001503297
8731,6.67248,0.01025922,0.08975875,-0.2079137,0.0007825168,0.0007825168,-0.001503297
8732,6.673601,0.01025922,0.08975875,-0.2079137,0.002654414,0.002654414,-0.00109042
8733,6.674298,0.01025922,0.08975875,-0.2079137,0.002654414,0.002654414,-0.00109042
8734,6.674918,0.01025922,0.08975875,-0.2079137,0.001871839,0.001871839,0.0004127527
8735,6.675666,0.01025922,0.08975875,-0.2079137,0.001871839,0.001871839,0.0004127527
8736,6.67634,0.01026014,0.08983098,-0.2078977,0.003464626,0.003464626,0.0007655997
8737,6.67713,0.01026014,0.08983098,-0.2078977,0.003464626,0.003464626,0.0007655997
8738,6.677863,0.01026107,0.08990335,-0.2078817,0.005019811,0.005019811,0.00111162
8739,6.67864,0.01026107,0.08990335,-0.2078817,0.005019811,0.005019811,0.00111162
8740,6.679275,0.01026107,0.08990335,-0.2078817,0.005019811,0.005019811,0.00111162
8741,6.679934,0.01026201,0.08997573,-0.2078657,0.02808529,0.02808529,0.006232612
8742,6.680652,0.01026201,0.08997573,-0.2078657,0.00627568,0.00627568,0.001392682
8743,6.68152,0.01026201,0.08997573,-0.2078657,0.02730808,0.02730808,0.006060136
8744,6.682143,0.01026294,0.0900481,-0.2078496,0.02730398,0.02730398,0.006072077
8745,6.683042,0.01026294,0.0900481,-0.2078496,0.02894222,0.02894222,0.006436403
8746,6.683759,0.01026294,0.0900481,-0.2078496,0.02894222,0.02894222,0.006436403
8747,6.684528,0.01026387,0.09012044,-0.2078335,0.03040755,0.03040755,0.006776591
8748,6.685325,0.01026387,0.09012044,-0.2078335,0.03040755,0.03040755,0.006776591
8749,6.685985,0.01026481,0.09019281,-0.2078173,0.03040296,0.03040296,0.006789886
8750,6.686745,0.01026481,0.09019281,-0.2078173,0.03112658,0.03112658,0.006951491
8751,6.687373,0.01026575,0.0902651,-0.2078012,0.03112187,0.03112187,0.006965092
8752,6.688083,0.01026575,0.0902651,-0.2078012,0.03112187,0.03112187,0.006965092
8753,6.688714,0.01026575,0.0902651,-0.2078012,0.03217743,0.03217743,0.007201326
8754,6.68937,0.01026669,0.09033743,-0.207785,0.03217743,0.03217743,0.007201326
8755,6.690183,0.01026669,0.09033743,-0.207785,0.03217255,0.03217255,0.007215389
8756,6.690837,0.01026763,0.09040973,-0.2077688,0.03237191,0.03237191,0.007275347
8757,6.691659,0.01026763,0.09040973,-0.2077688,0.03411383,0.03411383,0.007666831
8758,6.692299,0.01026858,0.09048204,-0.2077525,0.03411383,0.03411383,0.007666831
8759,6.693033,0.01026858,0.09048204,-0.2077525,0.03511231,0.03511231,0.007907781
8760,6.693715,0.01026953,0.09055431,-0.2077362,0.03511231,0.03511231,0.007907781
8761,6.694493,0.01027048,0.09062657,-0.2077198,0.03788346,0.03788346,0.008567584
8762,6.695241,0.01027048,0.09062657,-0.2077198,0.03788346,0.03788346,0.008567584
8763,6.695871,0.01026762,0.0907331,-0.2077691,0.04245634,0.04245634,0.009621783
8764,6.696594,0.01026762,0.0907331,-0.2077691,0.04474319,0.04474319,0.007199752
8765,6.697353,0.01026857,0.09080534,-0.2077527,0.04445914,0.04445914,0.007703767
8766,6.698283,0.01026857,0.09080534,-0.2077527,0.04445914,0.04445914,0.007703767
8767,6.698951,0.01026952,0.09087758,-0.2077363,0.04445914,0.04445914,0.007703767
8768,6.699664,0.01026952,0.09087758,-0.2077363,0.0443766,0.0443766,0.007705576
8769,6.700311,0.01027048,0.09094983,-0.2077198,0.04820727,0.04820727,0.008599971
8770,6.701198,0.01027048,0.09094983,-0.2077198,0.04820727,0.04820727,0.008599971
8771,6.701875,0.01027144,0.09102204,-0.2077033,0.04820011,0.04820011,0.008620713
8772,6.702655,0.0102724,0.09109426,-0.2076868,0.04970646,0.04970646,0.008988117
8773,6.703377,0.01020624,0.09116644,-0.2076735,0.04969905,0.04969905,0.009009337
8774,6.705959,0.01020624,0.09116644,-0.2076735,0.0492385,0.0492385,0.01130135
8775,6.706677,0.01004322,0.09138297,-0.2076318,0.05247718,0.05247718,0.01204894
8776,6.707421,0.01004322,0.09138297,-0.2076318,0.05247718,0.05247718,0.01204894
8777,6.708071,0.009960335,0.09145515,-0.2076192,0.0551144,0.0551144,0.01265073
8778,6.708795,0.009876431,0.09145515,-0.2076232,0.05512942,0.05512942,0.01265476
8779,6.709546,0.00979356,0.09152728,-0.2076104,0.05504772,0.05504772,0.0125981
8780,6.710259,0.009794572,0.0915994,-0.2075937,0.05503916,0.05503916,0.01262208
8781,6.710988,0.009707713,0.09170584,-0.2076464,0.05913751,0.05913751,0.01033506
8782,6.711728,0.009623824,0.09170584,-0.2076503,0.05958378,0.05958378,0.01040796
8783,6.712548,0.009540918,0.09177795,-0.2076373,0.06267601,0.06267601,0.00811631
8784,6.713279,0.009541957,0.09185004,-0.2076205,0.06266655,0.06266655,0.008142864
8785,6.714035,0.009375251,0.09192213,-0.2076113,0.06299647,0.06299647,0.008286797
8786,6.714748,0.009291349,0.09192213,-0.207615,0.06447483,0.06447483,0.00847663
8787,6.715486,0.009208541,0.09199421,-0.2076019,0.06468058,0.06468058,0.008528082
8788,6.716272,0.009209612,0.09206627,-0.2075849,0.06467077,0.06467077,0.00855546
8789,6.716983,0.009126802,0.09213831,-0.2075717,0.06615014,0.06615014,0.008518014
8790,6.717683,0.008960179,0.09221038,-0.207562,0.06923041,0.06923041,0.009285144
8791,6.718396,0.008961278,0.09228241,-0.2075449,0.06921985,0.06921985,0.009348915
8792,6.719181,0.008794666,0.09235442,-0.2075351,0.06915897,0.06915897,0.0125714
8793,6.719948,0.008706498,0.09238879,-0.207604,0.07187765,0.07187765,0.01295991
8794,6.720766,0.008623731,0.09246081,-0.2075905,0.07052862,0.07052862,0.008501432
8795,6.72175,0.008457116,0.09253278,-0.2075802,0.07380334,0.07380334,0.009196029
8796,6.722528,0.008290524,0.0926048,-0.2075699,0.07425507,0.07425507,0.009124751
8797,6.723283,0.008207839,0.09267676,-0.207556,0.0742437,0.0742437,0.009200621
8798,6.724023,0.008125138,0.09274876,-0.2075421,0.07395778,0.07395778,0.009014869
8799,6.724821,0.008042458,0.09282067,-0.2075281,0.07656649,0.07656649,0.009503064
8800,6.725532,0.00787595,0.09289262,-0.2075173,0.07656649,0.07656649,0.009472347
8801,6.726388,0.007793327,0.09296457,-0.2075031,0.0765429,0.0765429,0.009587206
8802,6.727137,0.007626869,0.09303646,-0.207492,0.07820591,0.07820591,0.009875039
8803,6.727863,0.007544281,0.0931084,-0.2074777,0.07904883,0.07904883,0.007931111
8804,6.728566,0.007377844,0.09318028,-0.2074663,0.07859971,0.07859971,0.01423972
8805,6.729303,0.007295293,0.09325217,-0.2074519,0.07859971,0.07859971,0.01423972
8806,6.730035,0.00721273,0.09332405,-0.2074373,0.07929731,0.07929731,0.01441905
8807,6.730742,0.00712895,0.09332405,-0.2074402,0.07909856,0.07909856,0.01444156
8808,6.731489,0.006963885,0.09346777,-0.2074109,0.0793368,0.0793368,0.01449703
8809,6.732228,0.006880091,0.09346777,-0.2074137,0.0793368,0.0793368,0.01455501
8810,6.73298,0.006881401,0.0935396,-0.2073962,0.08206416,0.08206416,0.01526628
8811,6.736533,0.006217807,0.09389862,-0.2073291,0.08421525,0.08421525,0.01642539
8812,6.737305,0.006134022,0.09389862,-0.2073316,0.08421525,0.08421525,0.01648353
8813,6.738028,0.005967873,0.09397039,-0.2073188,0.08420148,0.08420148,0.01657024
8814,6.738744,0.005969278,0.09404215,-0.207301,0.08237839,0.08237839,0.01620304
8815,6.739546,0.005719429,0.0941139,-0.2072903,0.08458745,0.08458745,0.01691137
8816,6.74025,0.005720861,0.09418564,-0.2072725,0.08457356,0.08457356,0.01700533
8817,6.741116,0.005554782,0.09425735,-0.2072592,0.08513324,0.08513324,0.01727534
8818,6.741912,0.005472509,0.09432904,-0.2072435,0.08523841,0.08523841,0.01737681
8819,6.742945,0.005306504,0.09440077,-0.20723,0.086675,0.086675,0.01789942
8820,6.743674,0.005142023,0.09454414,-0.2071983,0.08576474,0.08576474,0.01781005
8821,6.744457,0.005058316,0.09454414,-0.2072003,0.08575054,0.08575054,0.01790529
8822,6.745171,0.004892366,0.0946158,-0.2071864,0.08671042,0.08671042,0.01821983
8823,6.745873,0.004810213,0.09468743,-0.2071703,0.0859407,0.0859407,0.01811269
8824,6.746556,0.004644343,0.09475908,-0.207156,0.08734079,0.08734079,0.01862999
8825,6.747255,0.004562181,0.09483069,-0.2071398,0.08732625,0.08732625,0.01872743
8826,6.747973,0.004478498,0.09483069,-0.2071416,0.08725906,0.08725906,0.01872916
8827,6.748656,0.004314266,0.09497391,-0.2071089,0.08712325,0.08712325,0.01890467
8828,6.749372,0.004148472,0.09504551,-0.2070942,0.08712325,0.08712325,0.01896608
8829,6.750195,0.004066394,0.09511712,-0.2070776,0.08747842,0.08747842,0.01915045
8830,6.750988,0.003900678,0.09518863,-0.2070626,0.08818421,0.08818421,0.01954752
8831,6.751708,0.003820305,0.09533176,-0.2070275,0.08955739,0.08955739,0.01999241
8832,6.752448,0.003736664,0.09533176,-0.2070291,0.08954234,0.08954234,0.02009256
8833,6.753211,0.003571026,0.09540328,-0.2070137,0.09101406,0.09101406,0.02060178
8834,6.753944,0.00348737,0.09540328,-0.2070151,0.08940388,0.08940388,0.02024298
8835,6.754782,0.003323459,0.09554631,-0.2069811,0.09061687,0.09061687,0.02073341
8836,6.755505,0.003157906,0.09561785,-0.2069653,0.08993506,0.08993506,0.02069783
8837,6.756329,0.003076016,0.0956893,-0.2069481,0.08993506,0.08993506,0.02076311
8838,6.757084,0.002826864,0.09576077,-0.2069332,0.09005155,0.09005155,0.02103565
8839,6.757909,0.002743262,0.09576077,-0.2069343,0.09036221,0.09036221,0.02118398
8840,6.758687,0.002579586,0.09590366,-0.2068994,0.09066932,0.09066932,0.02144644
8841,6.759449,0.002497783,0.09597511,-0.2068819,0.09065387,0.09065387,0.02154937
8842,6.760259,0.002332405,0.09604654,-0.2068652,0.09160749,0.09160749,0.02200777
8843,6.761244,0.002167056,0.09611793,-0.2068484,0.09156421,0.09156421,0.02210078
8844,6.761986,0.00200358,0.09626072,-0.2068128,0.09097398,0.09097398,0.02218674
8845,6.762819,0.001921856,0.09633212,-0.2067948,0.09152699,0.09152699,0.02243927
8846,6.763572,0.001673052,0.09640346,-0.2067783,0.09131527,0.09131527,0.02259254
8847,6.764415,0.001673052,0.09640346,-0.2067783,0.09131527,0.09131527,0.0226592
8848,6.765122,0.00150975,0.09654616,-0.2067419,0.09191787,0.09191787,0.02303893
8849,6.765892,0.001344597,0.09661745,-0.2067243,0.09409642,0.09409642,0.02371878
8850,6.766667,0.001263013,0.09668879,-0.2067059,0.09307972,0.09307972,0.02362002
8851,6.767386,0.001097917,0.0967601,-0.206688,0.09307972,0.09307972,0.02375418
8852,6.768083,0.0009328539,0.09683137,-0.2066699,0.09302904,0.09302904,0.02394467
8853,6.768788,0.0008493352,0.09683137,-0.2066702,0.09350593,0.09350593,0.02408039
8854,6.769521,0.0006863123,0.0969739,-0.2066329,0.09478968,0.09478968,0.02471008
8855,6.770244,0.0006048456,0.09704517,-0.2066141,0.09477316,0.09477316,0.02481697
8856,6.770987,0.0004453933,0.09708877,-0.2065437,0.09453753,0.09453753,0.02491863
8857,6.771714,0.0002805247,0.09715997,-0.2065249,0.09478352,0.09478352,0.02509669
8858,6.772471,0.0002825759,0.09723122,-0.2065058,0.09476694,0.09476694,0.0252042
8859,6.773221,3.434209E-05,0.09730238,-0.2064869,0.09523733,0.09523733,0.02551059
8860,6.773961,-4.702079E-05,0.0973736,-0.2064677,0.09459694,0.09459694,0.02551965
8861,6.774676,-0.0002117655,0.09744476,-0.2064484,0.09458033,0.09458033,0.0256972
8862,6.775396,-0.0003673359,0.09755324,-0.2063462,0.09544223,0.09544223,0.02610031
8863,6.776386,-0.0004506998,0.09755324,-0.2063461,0.09508407,0.09508407,0.02744016
8864,6.777154,-0.0006965174,0.09769549,-0.2063068,0.09652501,0.09652501,0.02812721
8865,6.777899,-0.0007776904,0.09776661,-0.2062872,0.09650779,0.09650779,0.02816696
8866,6.778641,-0.0009422261,0.09783767,-0.2062671,0.09865803,0.09865803,0.02901388
8867,6.779425,-0.001023352,0.09790879,-0.2062474,0.09815988,0.09815988,0.02899981
8868,6.780275,-0.001178173,0.09801647,-0.2061431,0.09765065,0.09765065,0.03022391
8869,6.781182,-0.001342516,0.09808752,-0.2061226,0.09884091,0.09884091,0.03073459
8870,6.781924,-0.001506816,0.09815851,-0.2061019,0.098823,0.098823,0.0308459
8871,6.782662,-0.001663516,0.09819508,-0.2060164,0.09916569,0.09916569,0.03111534
8872,6.783429,-0.001744479,0.09826606,-0.2059962,0.09218323,0.09218323,0.04600908
8873,6.784166,-0.00190631,0.09840804,-0.2059555,0.09151932,0.09151932,0.04606212
8874,6.784867,-0.001989515,0.09840804,-0.2059547,0.09151932,0.09151932,0.04613252
8875,6.785573,-0.002151278,0.09854997,-0.2059138,0.09181181,0.09181181,0.04644184
8876,6.786345,-0.002315314,0.09862087,-0.2058923,0.09174041,0.09174041,0.04656262
8877,6.787079,-0.002481697,0.09862087,-0.2058904,0.09233497,0.09233497,0.04684361
8878,6.787889,-0.002562478,0.09869182,-0.2058696,0.09231608,0.09231608,0.0469536
8879,6.788668,-0.002716106,0.09879914,-0.2057634,0.09092642,0.09092642,0.04686969
8880,6.791328,-0.002877504,0.09894086,-0.2057215,0.09435267,0.09435267,0.04609416
8881,6.792157,-0.003275045,0.09918981,-0.2055711,0.09490326,0.09490326,0.04742669
8882,6.793006,-0.003521741,0.0992606,-0.205547,0.09652195,0.09652195,0.04814005
8883,6.79374,-0.003682753,0.09940217,-0.205504,0.09650217,0.09650217,0.04840034
8884,6.794505,-0.003765774,0.09940217,-0.2055025,0.09648238,0.09648238,0.0485128
8885,6.795224,-0.003918393,0.09950924,-0.2053948,0.09657432,0.09657432,0.04876558
8886,6.79592,-0.003998808,0.09957999,-0.2053731,0.09804592,0.09804592,0.04937469
8887,6.796664,-0.004081778,0.09957999,-0.2053715,0.09804592,0.09804592,0.04944635
8888,6.797359,-0.004325442,0.0997214,-0.205326,0.09622944,0.09622944,0.04917322
8889,6.798057,-0.004405774,0.0997921,-0.2053041,0.09774533,0.09774533,0.04972098
8890,6.798771,-0.004566373,0.09993345,-0.20526,0.09772857,0.09772857,0.05002484
8891,6.799461,-0.004646611,0.1000041,-0.2052378,0.09772857,0.09772857,0.05009646
8892,6.800209,-0.004809767,0.1000748,-0.2052137,0.09863557,0.09863557,0.05060968
8893,6.801094,-0.004972882,0.1001454,-0.2051894,0.09956088,0.09956088,0.05099837
8894,6.801919,-0.005133206,0.1002866,-0.2051446,0.1001649,0.1001649,0.05149733
8895,6.802819,-0.005213353,0.1003572,-0.2051221,0.09991198,0.09991198,0.05153449
8896,6.803658,-0.005376305,0.1004278,-0.2050973,0.09989113,0.09989113,0.05172019
8897,6.804399,-0.005527639,0.1005345,-0.2049876,0.1017683,0.1017683,0.05034851
8898,6.805112,-0.005690473,0.100605,-0.2049626,0.1025326,0.1025326,0.05065728
8899,6.805938,-0.005853283,0.1006755,-0.2049373,0.1020843,0.1020843,0.05077198
8900,6.806761,-0.005930378,0.1008165,-0.2048937,0.102042,0.102042,0.05100104
8901,6.807545,-0.006095956,0.1008165,-0.2048888,0.1039334,0.1039334,0.05178305
8902,6.808269,-0.006252818,0.101028,-0.2048219,0.1028074,0.1028074,0.0517592
8903,6.809014,-0.006335566,0.101028,-0.2048193,0.102786,0.102786,0.05180205
8904,6.809719,-0.006495205,0.1011688,-0.2047727,0.1043204,0.1043204,0.05250228
8905,6.810428,-0.006657717,0.1012393,-0.2047465,0.1042986,0.1042986,0.05261702
8906,6.811152,-0.006654748,0.1013096,-0.2047257,0.1042769,0.1042769,0.05273169
8907,6.811876,-0.006899897,0.1013801,-0.2046966,0.1138013,0.1138013,0.03982002
8908,6.812613,-0.006979638,0.1014505,-0.204673,0.1137796,0.1137796,0.04000958
8909,6.813388,-0.00713897,0.1015912,-0.2046254,0.1137205,0.1137205,0.04023958
8910,6.814136,-0.007218594,0.1016615,-0.2046016,0.1136987,0.1136987,0.04035693
8911,6.814885,-0.007377792,0.1018021,-0.2045537,0.1141338,0.1141338,0.04064475
8912,6.815591,-0.007460458,0.1018021,-0.2045507,0.114112,0.114112,0.04076178
8913,6.816308,-0.007619522,0.1019427,-0.2045025,0.1131999,0.1131999,0.04079375
8914,6.817029,-0.007699048,0.102013,-0.2044783,0.1131781,0.1131781,0.04091091
8915,6.817863,-0.007857995,0.1021535,-0.2044297,0.115528,0.115528,0.04184667
8916,6.818657,-0.008020032,0.1022237,-0.2044022,0.1160009,0.1160009,0.04216458
8917,6.819415,-0.008178825,0.1023641,-0.2043532,0.1183215,0.1183215,0.04304766
8918,6.820207,-0.008340775,0.1024343,-0.2043252,0.1181946,0.1181946,0.04328585
8919,6.821068,-0.00842009,0.1025045,-0.2043005,0.1181716,0.1181716,0.04340441
8920,6.821879,-0.00857868,0.1026448,-0.204251,0.1173948,0.1173948,0.04336347
8921,6.822641,-0.008657958,0.1027149,-0.2042261,0.1175878,0.1175878,0.04349323
8922,6.823368,-0.008816383,0.1028552,-0.2041762,0.1175096,0.1175096,0.04380475
8923,6.824115,-0.008898894,0.1028552,-0.2041726,0.1175096,0.1175096,0.04387596
8924,6.824901,-0.009057234,0.1029954,-0.2041224,0.1184186,0.1184186,0.04430836
8925,6.825737,-0.009215483,0.1031355,-0.204072,0.1190554,0.1190554,0.04478376
8926,6.826563,-0.009294554,0.1032055,-0.2040467,0.1196922,0.1196922,0.04507221
8927,6.82734,-0.00945266,0.1033455,-0.2039959,0.1230811,0.1230811,0.0463616
8928,6.82813,-0.009531708,0.1034155,-0.2039703,0.1230568,0.1230568,0.04648047
8929,6.828907,-0.009689673,0.1035555,-0.2039192,0.1209331,0.1209331,0.04600223
8930,6.82969,-0.009758465,0.1035909,-0.2038296,0.1213748,0.1213748,0.04624213
8931,6.830455,-0.009916238,0.1037308,-0.2037781,0.1201119,0.1201119,0.05034228
8932,6.831223,-0.01007742,0.1038007,-0.2037482,0.1226427,0.1226427,0.0513824
8933,6.831991,-0.01015622,0.1038706,-0.2037223,0.1226177,0.1226177,0.05149952
8934,6.832719,-0.01031377,0.1040103,-0.2036702,0.1205386,0.1205386,0.05100622
8935,6.833597,-0.01039253,0.1040802,-0.2036441,0.1214688,0.1214688,0.05145671
8936,6.834466,-0.01054994,0.1042198,-0.2035917,0.1220147,0.1220147,0.05169355
8937,6.835187,-0.0106286,0.1042896,-0.2035654,0.1219897,0.1219897,0.05180833
8938,6.835944,-0.01078589,0.1044292,-0.2035126,0.1244824,0.1244824,0.05133986
8939,6.83667,-0.0108645,0.104499,-0.2034862,0.1253455,0.1253455,0.05170645
8940,6.83742,-0.01102159,0.1046385,-0.203433,0.1268926,0.1268926,0.05237063
8941,6.838165,-0.01110012,0.1047082,-0.2034063,0.1268665,0.1268665,0.05248643
8942,6.83887,-0.01125709,0.1048477,-0.2033529,0.1268996,0.1268996,0.04983962
8943,6.839649,-0.01133553,0.1049174,-0.2033261,0.12817,0.12817,0.05034134
8944,6.840438,-0.01149235,0.1050567,-0.2032722,0.1282302,0.1282302,0.05046881
8945,6.841393,-0.01164908,0.105196,-0.2032181,0.1294559,0.1294559,0.05108482
8946,6.842162,-0.01172741,0.1052656,-0.203191,0.129403,0.129403,0.05125162
8947,6.842886,-0.0118019,0.1054047,-0.2031414,0.1294118,0.1294118,0.05142009
8948,6.843647,-0.01188402,0.1054047,-0.2031366,0.1300833,0.1300833,0.05157877
8949,6.844461,-0.01204047,0.1055439,-0.2030819,0.1292635,0.1292635,0.051532
8950,6.845266,-0.01219684,0.1056829,-0.203027,0.1317709,0.1317709,0.05258574
8951,6.846021,-0.01227111,0.105822,-0.2029768,0.1317437,0.1317437,0.05263769
8952,6.846796,-0.0123453,0.1059609,-0.2029265,0.1299599,0.1299599,0.05214746
8953,6.847567,-0.0124273,0.1059609,-0.2029215,0.1318162,0.1318162,0.05278813
8954,6.848413,-0.0125834,0.1060998,-0.202866,0.1286059,0.1286059,0.05178927
8955,6.849243,-0.01273939,0.1062387,-0.2028102,0.1310282,0.1310282,0.05277381
8956,6.849958,-0.01281733,0.1063081,-0.2027822,0.1310009,0.1310009,0.05288487
8957,6.85071,-0.01281334,0.1063774,-0.2027594,0.1309234,0.1309234,0.05315073
8958,6.851425,-0.01295799,0.1064816,-0.2026397,0.1291283,0.1291283,0.05566961
8959,6.852159,-0.01303587,0.1065509,-0.2026116,0.1291009,0.1291009,0.05577958
8960,6.853136,-0.01318739,0.1067588,-0.202532,0.1303325,0.1303325,0.05638313
8961,6.853858,-0.01326515,0.1068281,-0.2025037,0.1318617,0.1318617,0.05704161
8962,6.854593,-0.01334285,0.1068974,-0.2024752,0.1314365,0.1314365,0.05670217
8963,6.855295,-0.0134869,0.1070013,-0.2023548,0.1311756,0.1311756,0.05821491
8964,6.855991,-0.01356453,0.1070705,-0.2023261,0.1311474,0.1311474,0.05832394
8965,6.856808,-0.01363796,0.1072089,-0.2022743,0.1307358,0.1307358,0.05816514
8966,6.857555,-0.01379723,0.1072781,-0.20224,0.1308647,0.1308647,0.05829796
8967,6.858273,-0.01387476,0.1073472,-0.2022112,0.1294231,0.1294231,0.05805735
8968,6.859025,-0.01387055,0.1074164,-0.2021879,0.129395,0.129395,0.05810849
8969,6.859756,-0.01402547,0.1075546,-0.20213,0.1308462,0.1308462,0.05844839
8970,6.860458,-0.01410289,0.1076237,-0.202101,0.1305584,0.1305584,0.05857128
8971,6.861433,-0.01425768,0.1077619,-0.2020427,0.1299198,0.1299198,0.05999468
8972,6.862192,-0.01432342,0.1077963,-0.2019502,0.1298888,0.1298888,0.06008039
8973,6.862923,-0.01439642,0.1079344,-0.2018975,0.1281322,0.1281322,0.06079569
8974,6.863671,-0.01447366,0.1080034,-0.2018682,0.1295544,0.1295544,0.06130978
8975,6.864412,-0.01462808,0.1081414,-0.2018093,0.1307601,0.1307601,0.06184042
8976,6.865153,-0.01462372,0.1082104,-0.2017857,0.1307601,0.1307601,0.0618934
8977,6.865898,-0.01478239,0.1082793,-0.2017502,0.1297076,0.1297076,0.06167951
8978,6.866602,-0.01477361,0.1084172,-0.2017029,0.1279965,0.1279965,0.0612302
8979,6.867434,-0.01499744,0.1085204,-0.2015743,0.1282295,0.1282295,0.0624711
8980,6.868227,-0.01507442,0.1085892,-0.2015444,0.1268294,0.1268294,0.06223643
8981,6.869012,-0.0151514,0.1086581,-0.2015145,0.1268008,0.1268008,0.06228662
8982,6.86973,-0.01522385,0.1087958,-0.2014608,0.1272198,0.1272198,0.06239485
8983,6.870471,-0.01528883,0.10883,-0.2013676,0.1264056,0.1264056,0.06217998
8984,6.871219,-0.01544253,0.1089676,-0.2013074,0.1225373,0.1225373,0.06825086
8985,6.871937,-0.01544253,0.1089676,-0.2013074,0.1225084,0.1225084,0.06829993
8986,6.872571,-0.01551934,0.1090364,-0.2012772,0.120632,0.120632,0.06762461
8987,6.873288,-0.01566081,0.1091393,-0.2011536,0.1222322,0.1222322,0.07003546
8988,6.875984,-0.01588153,0.1094828,-0.2010142,0.1221862,0.1221862,0.07047348
8989,6.876723,-0.01595812,0.1095514,-0.2009836,0.1207213,0.1207213,0.06986265
8990,6.877447,-0.0161112,0.1096887,-0.2009223,0.1191383,0.1191383,0.06951982
8991,6.878199,-0.01618016,0.1096541,-0.2008528,0.1191118,0.1191118,0.06955015
8992,6.878973,-0.0162519,0.1097913,-0.2007978,0.1191557,0.1191557,0.06929845
8993,6.8797,-0.01632833,0.1098598,-0.2007669,0.11888,0.11888,0.06931715
8994,6.880391,-0.01639997,0.1099969,-0.2007117,0.1187242,0.1187242,0.06911881
8995,6.881239,-0.01647632,0.1100654,-0.2006807,0.1186955,0.1186955,0.06921299
8996,6.881965,-0.01653553,0.1101679,-0.2005624,0.1194289,0.1194289,0.06956245
8997,6.882668,-0.0166166,0.1101679,-0.2005557,0.1184726,0.1184726,0.06933294
8998,6.88342,-0.01668803,0.1103048,-0.2005001,0.1178295,0.1178295,0.0692768
8999,6.886859,-0.01705133,0.1106807,-0.2002559,0.1170125,0.1170125,0.06945293
9000,6.887661,-0.01712733,0.110749,-0.2002244,0.1160743,0.1160743,0.06924113
9001,6.888391,-0.01719841,0.1108857,-0.2001681,0.116092,0.116092,0.0692395
9002,6.889087,-0.01727434,0.110954,-0.2001364,0.1160633,0.1160633,0.0693295
9003,6.889829,-0.01735023,0.1110223,-0.2001047,0.1164633,0.1164633,0.06952991
9004,6.890578,-0.01742613,0.1110905,-0.2000729,0.1146091,0.1146091,0.06897398
9005,6.891331,-0.01748434,0.1111925,-0.1999535,0.1142719,0.1142719,0.06874271
9006,6.892091,-0.01756014,0.1112607,-0.1999216,0.1142175,0.1142175,0.06885962
9007,6.892908,-0.01763589,0.1113289,-0.1998896,0.1145958,0.1145958,0.06841072
9008,6.893805,-0.01770661,0.1114653,-0.1998327,0.1130225,0.1130225,0.06932142
9009,6.894557,-0.01778229,0.1115334,-0.1998006,0.1127563,0.1127563,0.06922245
9010,6.895304,-0.01785795,0.1116016,-0.1997684,0.112728,0.112728,0.06930946
9011,6.896063,-0.01792848,0.1117378,-0.1997112,0.1113106,0.1113106,0.06887644
9012,6.896919,-0.01800407,0.1118059,-0.1996789,0.111621,0.111621,0.06910698
9013,6.897751,-0.01807448,0.111942,-0.1996215,0.1122616,0.1122616,0.06938069
9014,6.898544,-0.01823064,0.1120101,-0.1995817,0.1116471,0.1116471,0.06967636
9015,6.899323,-0.01822547,0.1120781,-0.1995565,0.1116188,0.1116188,0.0697614
9016,6.900061,-0.01829572,0.1122141,-0.1994988,0.1120923,0.1120923,0.07013201
9017,6.900958,-0.01837114,0.1122821,-0.1994662,0.1194694,0.1194694,0.05468466
9018,6.901728,-0.0184465,0.1123501,-0.1994335,0.1190005,0.1190005,0.05446344
9019,6.902454,-0.01860242,0.112418,-0.1993933,0.1185727,0.1185727,0.0543847
9020,6.90317,-0.01859192,0.1125539,-0.1993427,0.1185174,0.1185174,0.0545163
9021,6.903888,-0.0186672,0.1126218,-0.1993098,0.1198767,0.1198767,0.05518989
9022,6.904639,-0.01874244,0.1126897,-0.1992768,0.1174938,0.1174938,0.05431871
9023,6.905471,-0.01881238,0.1128254,-0.1992184,0.1172998,0.1172998,0.05409845
9024,6.90628,-0.01888754,0.1128932,-0.1991853,0.1172723,0.1172723,0.05414323
9025,6.907047,-0.01895734,0.1130289,-0.1991267,0.1172883,0.1172883,0.05440531
9026,6.90786,-0.01903242,0.1130967,-0.1990935,0.1175547,0.1175547,0.05452246
9027,6.908809,-0.01910212,0.1132322,-0.1990346,0.117859,0.117859,0.05466259
9028,6.909774,-0.01917712,0.1133,-0.1990013,0.1173261,0.1173261,0.05449598
9029,6.910518,-0.01925213,0.1133677,-0.1989679,0.1161274,0.1161274,0.0541815
9030,6.911242,-0.01932707,0.1134354,-0.1989344,0.1161,0.1161,0.05426457
9031,6.911991,-0.019402,0.1135031,-0.1989009,0.1161832,0.1161832,0.05433603
9032,6.912742,-0.0194769,0.1135708,-0.1988674,0.114962,0.114962,0.05393016
9033,6.913472,-0.01954628,0.1137061,-0.198808,0.1144124,0.1144124,0.0537444
9034,6.914228,-0.01954078,0.1137737,-0.1987822,0.1144124,0.1144124,0.0537444
9035,6.915071,-0.0196156,0.1138413,-0.1987485,0.1150542,0.1150542,0.05413527
9036,6.915888,-0.0196793,0.1140441,-0.1986629,0.1139217,0.1139217,0.05368618
9037,6.916664,-0.01975958,0.1140441,-0.1986549,0.1156566,0.1156566,0.05442477
9038,6.917387,-0.0198287,0.1141792,-0.1985951,0.1130117,0.1130117,0.05333107
9039,6.918103,-0.0199034,0.1142467,-0.1985611,0.1129847,0.1129847,0.05341047
9040,6.918819,-0.0198978,0.1143142,-0.1985351,0.1129576,0.1129576,0.05345333
9041,6.919523,-0.0199724,0.1143817,-0.198501,0.114602,0.114602,0.0541741
9042,6.920239,-0.02004699,0.1144492,-0.1984669,0.1128194,0.1128194,0.0535115
9043,6.921122,-0.02012153,0.1145166,-0.1984327,0.1125208,0.1125208,0.05338678
9044,6.921895,-0.02019039,0.1146515,-0.1983723,0.1129813,0.1129813,0.05378006
9045,6.922733,-0.02027054,0.1146515,-0.1983641,0.1129813,0.1129813,0.05378006
9046,6.923497,-0.02033928,0.1147863,-0.1983036,0.1129316,0.1129316,0.05384656
9047,6.924293,-0.02033358,0.1148537,-0.1982774,0.1118718,0.1118718,0.053364
9048,6.925188,-0.02040799,0.114921,-0.198243,0.1108604,0.1108604,0.05303604
9049,6.925923,-0.02055669,0.1150557,-0.1981739,0.1108085,0.1108085,0.05312649
9050,6.926764,-0.02055093,0.115123,-0.1981476,0.1107815,0.1107815,0.05320307
9051,6.927498,-0.0206252,0.1151903,-0.1981129,0.1103344,0.1103344,0.05308642
9052,6.928248,-0.02069947,0.1152576,-0.1980782,0.1097991,0.1097991,0.05293986
9053,6.928986,-0.02076787,0.1153921,-0.198017,0.1100153,0.1100153,0.05301128
9054,6.929709,-0.02084206,0.1154593,-0.1979822,0.1099885,0.1099885,0.05308684
9055,6.930456,-0.0209162,0.1155265,-0.1979473,0.1092758,0.1092758,0.05301093
9056,6.931176,-0.02091034,0.1155937,-0.1979208,0.1092155,0.1092155,0.05290143
9057,6.931972,-0.02098447,0.1156609,-0.1978859,0.1087058,0.1087058,0.0527094
9058,6.932677,-0.02106442,0.1156609,-0.1978773,0.1087058,0.1087058,0.05274286
9059,6.9334,-0.02113258,0.1157952,-0.1978157,0.1056349,0.1056349,0.05164722
9060,6.934173,-0.02120658,0.1158623,-0.1977806,0.1091632,0.1091632,0.05308858
9061,6.934913,-0.02127463,0.1159965,-0.1977188,0.1063422,0.1063422,0.05207124
9062,6.935629,-0.02127463,0.1159965,-0.1977188,0.1063422,0.1063422,0.0521045
9063,6.93625,-0.02134854,0.1160636,-0.1976835,0.1066718,0.1066718,0.05219473
9064,6.936983,-0.02142243,0.1161307,-0.1976482,0.1067668,0.1067668,0.05236372
9065,6.93774,-0.02141644,0.1161977,-0.1976215,0.1067404,0.1067404,0.05240376
9066,6.938591,-0.0214843,0.1163317,-0.1975594,0.1047627,0.1047627,0.05166118
9067,6.939325,-0.02155809,0.1163987,-0.1975239,0.104508,0.104508,0.05169199
9068,6.94008,-0.02163187,0.1164657,-0.1974883,0.104979,0.104979,0.0519417
9069,6.940987,-0.0217056,0.1165327,-0.1974527,0.1040133,0.1040133,0.05157147
9070,6.941722,-0.02177932,0.1165996,-0.1974171,0.1039874,0.1039874,0.05164281
9071,6.942457,-0.02184689,0.1167335,-0.1973545,0.1043549,0.1043549,0.05187145
9072,6.943173,-0.02192665,0.1167335,-0.1973457,0.1033603,0.1033603,0.05157088
9073,6.943898,-0.02199411,0.1168672,-0.1972829,0.1019486,0.1019486,0.05098721
9074,6.944644,-0.02198797,0.1169341,-0.1972559,0.1018976,0.1018976,0.05106322
9075,6.94536,-0.0221474,0.1169341,-0.1972381,0.1034293,0.1034293,0.05177499
9076,6.946153,-0.02213507,0.1170678,-0.197184,0.1021722,0.1021722,0.05143174
9077,6.94696,-0.02221475,0.1170678,-0.1971751,0.1023887,0.1023887,0.0514783
9078,6.947681,-0.02228821,0.1171346,-0.197139,0.102363,0.102363,0.0515486
9079,6.948396,-0.02235541,0.1172682,-0.1970758,0.09767859,0.09767859,0.04978077
9080,6.949159,-0.02235541,0.1172682,-0.1970758,0.09803431,0.09803431,0.04998411
9081,6.949812,-0.02242882,0.1173349,-0.1970396,0.09800965,0.09800965,0.05005293
9082,6.950608,-0.02250216,0.1174017,-0.1970034,0.09802935,0.09802935,0.05019325
9083,6.951374,-0.02256922,0.1175351,-0.1969399,0.09501428,0.09501428,0.04912531
9084,6.952107,-0.02264878,0.1175351,-0.1969308,0.09612152,0.09612152,0.04953893
9085,6.952835,-0.02271575,0.1176685,-0.1968672,0.09606332,0.09606332,0.04957318
9086,6.953671,-0.02279528,0.1176685,-0.196858,0.09603903,0.09603903,0.04964109
9087,6.954424,-0.02286849,0.1177352,-0.1968215,0.09463187,0.09463187,0.04915553
9088,6.955135,-0.02286214,0.1178018,-0.1967942,0.09396008,0.09396008,0.04888213
9089,6.955899,-0.02292891,0.117935,-0.1967302,0.0941045,0.0941045,0.04898821
9090,6.956676,-0.02300841,0.117935,-0.1967209,0.0940806,0.0940806,0.04905511
9091,6.957438,-0.02308149,0.1180016,-0.1966843,0.09101546,0.09101546,0.04790132
9092,6.958179,-0.02307508,0.1180682,-0.1966569,0.09063001,0.09063001,0.04775535
9093,6.959006,-0.02322756,0.1181348,-0.1966107,0.09124759,0.09124759,0.04800585
9094,6.959745,-0.02322112,0.1182013,-0.1965833,0.09122429,0.09122429,0.04807134
9095,6.962424,-0.02328766,0.1183343,-0.1965189,0.09030793,0.09030793,0.04784714
9096,6.96336,-0.02349828,0.1184326,-0.1963739,0.08891202,0.08891202,0.0486182
9097,6.964075,-0.02357108,0.118499,-0.1963368,0.08714815,0.08714815,0.04792948
9098,6.964813,-0.02364388,0.1185654,-0.1962997,0.08712563,0.08712563,0.04796118
9099,6.965531,-0.02371662,0.1186319,-0.1962625,0.08741226,0.08741226,0.0481245
9100,6.966259,-0.02371006,0.1186983,-0.1962349,0.08712053,0.08712053,0.04805656
9101,6.966973,-0.02378277,0.1187647,-0.1961976,0.08614424,0.08614424,0.04774149
9102,6.967733,-0.02385544,0.118831,-0.1961603,0.08612189,0.08612189,0.04780502
9103,6.968487,-0.02392808,0.1188974,-0.1961229,0.08604946,0.08604946,0.04794259
9104,6.969209,-0.02400732,0.1188974,-0.1961133,0.08452027,0.08452027,0.04717864
9105,6.969953,-0.02407328,0.11903,-0.1960481,0.08609232,0.08609232,0.04795061
9106,6.970653,-0.02407328,0.11903,-0.1960481,0.08609232,0.08609232,0.04798276
9107,6.971284,-0.0241458,0.1190964,-0.1960106,0.08528072,0.08528072,0.04657147
9108,6.972032,-0.02421832,0.1191626,-0.195973,0.08477239,0.08477239,0.0464537
9109,6.972758,-0.02419683,0.1191941,-0.1958837,0.0847504,0.0847504,0.04648422
9110,6.973569,-0.02426925,0.1192604,-0.195846,0.08390188,0.08390188,0.04802427
9111,6.97438,-0.02426254,0.1193266,-0.1958182,0.08316669,0.08316669,0.04757287
9112,6.975121,-0.02441405,0.1193928,-0.1957706,0.08291829,0.08291829,0.04757839
9113,6.975858,-0.02441405,0.1193928,-0.1957706,0.08291829,0.08291829,0.04757839
9114,6.976579,-0.02448637,0.119459,-0.1957328,0.08127549,0.08127549,0.04697132
9115,6.977344,-0.0245587,0.1195252,-0.195695,0.08032388,0.08032388,0.04652344
9116,6.978116,-0.02463095,0.1195914,-0.1956571,0.08035648,0.08035648,0.04651767
9117,6.978944,-0.02461734,0.1197236,-0.1956011,0.08033519,0.08033519,0.04657743
9118,6.97971,-0.02469638,0.1197236,-0.1955912,0.08204294,0.08204294,0.04736358
9119,6.98053,-0.02484758,0.1197897,-0.1955431,0.0807938,0.0807938,0.04684018
9120,6.981456,-0.02484072,0.1198558,-0.195515,0.0802206,0.0802206,0.04480227
9121,6.982205,-0.02491284,0.1199219,-0.1954769,0.08140624,0.08140624,0.04524934
9122,6.982996,-0.02498494,0.119988,-0.1954387,0.08119002,0.08119002,0.04532697
9123,6.983791,-0.02497804,0.120054,-0.1954106,0.08116868,0.08116868,0.04535598
9124,6.984606,-0.02505006,0.12012,-0.1953723,0.08037511,0.08037511,0.04497033
9125,6.985352,-0.02511392,0.1200853,-0.1953009,0.07696362,0.07696362,0.05020627
9126,6.986104,-0.02518587,0.1201512,-0.1952625,0.07694233,0.07694233,0.05026385
9127,6.986816,-0.02517892,0.1202172,-0.1952344,0.07684513,0.07684513,0.05030574
9128,6.98764,-0.02524387,0.1203491,-0.1951677,0.07607677,0.07607677,0.05004372
9129,6.988367,-0.02532271,0.1203491,-0.1951575,0.07605564,0.07605564,0.05010103
9130,6.9891,-0.02538755,0.120481,-0.1950908,0.07646623,0.07646623,0.05022075
9131,6.98988,-0.02538755,0.120481,-0.1950908,0.07719396,0.07719396,0.05052737
9132,6.990616,-0.02545234,0.1206128,-0.1950238,0.07647295,0.07647295,0.05022329
9133,6.991399,-0.02553112,0.1206128,-0.1950135,0.07645164,0.07645164,0.05027999
9134,6.99213,-0.02560287,0.1206786,-0.1949748,0.07700631,0.07700631,0.05058445
9135,6.992843,-0.0255958,0.1207445,-0.1949464,0.07557534,0.07557534,0.04993173
9136,6.99354,-0.02566746,0.1208103,-0.1949077,0.07922765,0.07922765,0.04494064
9137,6.994271,-0.02573912,0.1208761,-0.1948689,0.07922765,0.07922765,0.04497014
9138,6.994963,-0.02581072,0.1209419,-0.19483,0.07927522,0.07927522,0.04493072
9139,6.995673,-0.02580358,0.1210077,-0.1948015,0.07945816,0.07945816,0.04499486
9140,6.996394,-0.02588231,0.1210077,-0.1947911,0.07945816,0.07945816,0.04502365
9141,6.997135,-0.02593847,0.1210387,-0.194691,0.07956247,0.07956247,0.04519613
9142,6.997837,-0.0259313,0.1211044,-0.1946624,0.07642382,0.07642382,0.05024448
9143,6.998684,-0.0259956,0.1212358,-0.1945949,0.07698283,0.07698283,0.05061139
9144,6.999524,-0.026067,0.1213015,-0.1945558,0.07728768,0.07728768,0.05071732
9145,7.000341,-0.0261384,0.1213672,-0.1945166,0.07779325,0.07779325,0.05101809
9146,7.001311,-0.02613116,0.1214328,-0.194488,0.07777134,0.07777134,0.05104615
9147,7.002046,-0.02620248,0.1214985,-0.1944487,0.07708587,0.07708587,0.05073515
9148,7.00279,-0.02627376,0.1215641,-0.1944094,0.07809489,0.07809489,0.05116379
9149,7.003486,-0.02634505,0.1216297,-0.1943701,0.07768197,0.07768197,0.05115658
9150,7.004233,-0.02633775,0.1216953,-0.1943414,0.07766001,0.07766001,0.05118454
9151,7.005008,-0.02640895,0.1217608,-0.194302,0.07794303,0.07794303,0.05106298
9152,7.005759,-0.02639342,0.1217261,-0.1942409,0.08031755,0.08031755,0.04568385
9153,7.006494,-0.02645728,0.1218571,-0.1941727,0.07712003,0.07712003,0.0513114
9154,7.007217,-0.02652836,0.1219226,-0.1941332,0.07709807,0.07709807,0.05136588
9155,7.007986,-0.02659945,0.1219881,-0.1940936,0.07896809,0.07896809,0.05221551
9156,7.008765,-0.02659945,0.1219881,-0.1940936,0.07887043,0.07887043,0.05218387
9157,7.009431,-0.02666307,0.122119,-0.1940251,0.07822907,0.07822907,0.05207852
9158,7.010153,-0.02674148,0.122119,-0.1940143,0.07822907,0.07822907,0.05207852
9159,7.010946,-0.02681244,0.1221845,-0.1939746,0.0782283,0.0782283,0.05204348
9160,7.011694,-0.02680501,0.1222499,-0.1939457,0.0784029,0.0784029,0.05219513
9161,7.012479,-0.02687593,0.1223153,-0.1939059,0.07915459,0.07915459,0.05238389
9162,7.013282,-0.02686847,0.1223806,-0.1938769,0.07913192,0.07913192,0.0524124
9163,7.014038,-0.02693932,0.122446,-0.193837,0.07946093,0.07946093,0.05272792
9164,7.014798,-0.02701016,0.1225114,-0.1937971,0.08242574,0.08242574,0.04706807
9165,7.015599,-0.02708093,0.1225767,-0.1937571,0.08196544,0.08196544,0.04692893
9166,7.016334,-0.02708093,0.1225767,-0.1937571,0.08196544,0.08196544,0.04692893
9167,7.016984,-0.02712839,0.1226725,-0.1936271,0.08138894,0.08138894,0.04671399
9168,7.017679,-0.02720662,0.1226725,-0.1936162,0.07873319,0.07873319,0.05269264
9169,7.018428,-0.02727727,0.1227378,-0.1935761,0.07882446,0.07882446,0.05284335
9170,7.019294,-0.0272697,0.122803,-0.193547,0.07880168,0.07880168,0.05287165
9171,7.020068,-0.02734033,0.1228683,-0.1935067,0.07826843,0.07826843,0.05270744
9172,7.021002,-0.02740328,0.1229987,-0.1934373,0.0773796,0.0773796,0.05235977
9173,7.021811,-0.02740328,0.1229987,-0.1934373,0.07809274,0.07809274,0.05277215
9174,7.02251,-0.02755197,0.1230639,-0.1933859,0.07662718,0.07662718,0.05194327
9175,7.023297,-0.02754431,0.123129,-0.1933566,0.07660487,0.07660487,0.05199574
9176,7.024077,-0.02760652,0.1230943,-0.1932847,0.07801579,0.07801579,0.05277289
9177,7.025002,-0.02766923,0.1232245,-0.193215,0.07565795,0.07565795,0.05245348
9178,7.025935,-0.0277396,0.1232897,-0.1931745,0.07726985,0.07726985,0.05325186
9179,7.026696,-0.02773189,0.1233548,-0.1931452,0.07499561,0.07499561,0.05222347
9180,7.027501,-0.02780992,0.1233548,-0.1931339,0.07617037,0.07617037,0.05265642
9181,7.028202,-0.02780992,0.1233548,-0.1931339,0.07617037,0.07617037,0.05265642
9182,7.028979,-0.02795824,0.1234198,-0.1930821,0.06893467,0.06893467,0.05020525
9183,7.029826,-0.02795047,0.1234849,-0.1930527,0.0684334,0.0684334,0.05010808
9184,7.030543,-0.02800463,0.1235152,-0.1929513,0.068107,0.068107,0.05071442
9185,7.031264,-0.02808258,0.1235152,-0.1929399,0.068107,0.068107,0.05071442
9186,7.032025,-0.02807479,0.1235802,-0.1929106,0.0670963,0.0670963,0.05043969
9187,7.032756,-0.02814491,0.1236452,-0.1928697,0.06711425,0.06711425,0.05041201
9188,7.033546,-0.02821502,0.1237101,-0.1928289,0.06709405,0.06709405,0.05048648
9189,7.037001,-0.02841676,0.1238053,-0.192675,0.06138838,0.06138838,0.04889916
9190,7.037781,-0.02848674,0.1238703,-0.1926339,0.06027599,0.06027599,0.0487765
9191,7.03858,-0.02855665,0.1239351,-0.1925929,0.0590196,0.0590196,0.0481579
9192,7.039451,-0.0286182,0.1239005,-0.1925207,0.0585969,0.0585969,0.04905527
9193,7.040234,-0.02869597,0.1239005,-0.1925092,0.0585969,0.0585969,0.04908125
9194,7.041109,-0.02868802,0.1239653,-0.1924796,0.05167698,0.05167698,0.04595834
9195,7.041977,-0.02875783,0.1240302,-0.1924384,0.05166069,0.05166069,0.04602912
9196,7.042749,-0.02883558,0.1240302,-0.1924268,0.04952202,0.04952202,0.045102
9197,7.043482,-0.02890535,0.124095,-0.1923856,0.04696661,0.04696661,0.0440084
9198,7.044232,-0.02888897,0.1240604,-0.192325,0.04696661,0.04696661,0.0440084
9199,7.044945,-0.02895865,0.1241252,-0.1922837,0.04672233,0.04672233,0.04444521
9200,7.045639,-0.02903635,0.1241252,-0.1922719,0.04661635,0.04661635,0.04440131
9201,7.046419,-0.02909758,0.1240905,-0.1921997,0.04494859,0.04494859,0.04729561
9202,7.047151,-0.02908954,0.1241553,-0.1921701,0.04493349,0.04493349,0.0473372
9203,7.049829,-0.02916717,0.1241553,-0.1921583,0.0413969,0.0413969,0.04580165
9204,7.050594,-0.02936735,0.1242502,-0.192003,0.03770113,0.03770113,0.04529437
9205,7.051446,-0.02944492,0.1242502,-0.1919911,0.03770113,0.03770113,0.04541863
9206,7.052246,-0.02942834,0.1242156,-0.1919305,0.03770592,0.03770592,0.04543598
9207,7.053058,-0.02950589,0.1242156,-0.1919187,0.03582945,0.03582945,0.04693776
9208,7.053916,-0.02955866,0.1242458,-0.1918165,0.03582206,0.03582206,0.04713567
9209,7.054719,-0.0296362,0.1242458,-0.1918046,0.02875107,0.02875107,0.04501403
9210,7.055502,-0.02971368,0.1242458,-0.1917926,0.02779786,0.02779786,0.0466643
9211,7.056284,-0.02971368,0.1242458,-0.1917926,0.02779786,0.02779786,0.0466908
9212,7.056942,-0.02976633,0.124276,-0.1916904,0.02617873,0.02617873,0.04699251
9213,7.057641,-0.02984379,0.124276,-0.1916783,0.02125592,0.02125592,0.04493405
9214,7.058347,-0.02982707,0.1242415,-0.1916178,0.019678,0.019678,0.04781074
9215,7.059113,-0.02990446,0.1242415,-0.1916058,0.019678,0.019678,0.04783801
9216,7.059876,-0.02995687,0.1242717,-0.1915035,0.01665363,0.01665363,0.05032138
9217,7.06061,-0.03003423,0.1242717,-0.1914914,0.0147949,0.0147949,0.04959547
9218,7.061504,-0.03009481,0.1242372,-0.1914188,0.01462844,0.01462844,0.04974924
9219,7.06225,-0.03009481,0.1242372,-0.1914188,0.01462844,0.01462844,0.04977591
9220,7.06291,-0.0301553,0.1242028,-0.1913461,0.01322665,0.01322665,0.04922168
9221,7.063637,-0.03023258,0.1242028,-0.1913339,0.01036783,0.01036783,0.05421076
9222,7.064348,-0.03029297,0.1241684,-0.1912611,0.007890493,0.007890493,0.05447436
9223,7.065073,-0.03029297,0.1241684,-0.1912611,0.007890493,0.007890493,0.05447436
9224,7.065716,-0.03035333,0.124134,-0.1911884,0.007574582,0.007574582,0.05496722
9225,7.066415,-0.03043064,0.124134,-0.1911761,0.007589028,0.007589028,0.05516866
9226,7.067138,-0.03049089,0.1240997,-0.1911033,0.007603484,0.007603484,0.05519052
9227,7.067862,-0.03056804,0.1240997,-0.191091,0.007050917,0.007050917,0.0562649
9228,7.068646,-0.03055103,0.1240654,-0.1910305,-0.01949278,-0.01949278,0.04692124
9229,7.069367,-0.03061121,0.1240311,-0.1909576,-0.01947578,-0.01947578,0.04694751
9230,7.070087,-0.03068835,0.1240311,-0.1909452,-0.02137796,-0.02137796,0.05036049
9231,7.07079,-0.03076554,0.1240311,-0.1909328,-0.02137796,-0.02137796,0.05051053
9232,7.071587,-0.03074844,0.1239968,-0.1908723,-0.0213593,-0.0213593,0.05050946
9233,7.072317,-0.03088552,0.1239626,-0.1907869,-0.0215726,-0.0215726,0.05098262
9234,7.073061,-0.03094541,0.1239285,-0.1907139,-0.02183487,-0.02183487,0.05150616
9235,7.073881,-0.03102246,0.1239285,-0.1907013,-0.02244047,-0.02244047,0.05271471
9236,7.074708,-0.03100528,0.1238943,-0.1906409,-0.02244047,-0.02244047,0.05274248
9237,7.075483,-0.03108234,0.1238943,-0.1906283,-0.02245911,-0.02245911,0.05288813
9238,7.076208,-0.03114212,0.1238601,-0.1905552,-0.02243943,-0.02243943,0.05303189
9239,7.076962,-0.0312018,0.123826,-0.1904821,-0.02258907,-0.02258907,0.0534827
9240,7.077733,-0.03127875,0.123826,-0.1904695,-0.02258907,-0.02258907,0.0534827
9241,7.078455,-0.03133839,0.123792,-0.1903963,-0.02355157,-0.02355157,0.05526174
9242,7.079159,-0.03139802,0.123758,-0.1903232,-0.02489075,-0.02489075,0.05781222
9243,7.079876,-0.03147491,0.123758,-0.1903105,-0.025428,-0.025428,0.05902553
9244,7.080668,-0.03153434,0.1237239,-0.1902373,-0.02533844,-0.02533844,0.05894144
9245,7.0816,-0.03159381,0.1236899,-0.190164,-0.02531613,-0.02531613,0.05896937
9246,7.082331,-0.03165317,0.123656,-0.1900907,-0.02560079,-0.02560079,0.0599699
9247,7.083037,-0.03173,0.123656,-0.1900779,-0.02615004,-0.02615004,0.06065305
9248,7.083745,-0.03171252,0.1236221,-0.1900174,-0.02612698,-0.02612698,0.06068118
9249,7.084485,-0.03177179,0.1235882,-0.1899441,-0.02765325,-0.02765325,0.06372939
9250,7.085225,-0.03184848,0.1235882,-0.1899312,-0.02787426,-0.02787426,0.06443589
9251,7.08598,-0.03190767,0.1235543,-0.1898578,-0.02811604,-0.02811604,0.06491312
9252,7.086724,-0.03196676,0.1235205,-0.1897844,-0.02809117,-0.02809117,0.06494214
9253,7.087463,-0.03202586,0.1234867,-0.189711,-0.02832829,-0.02832829,0.06547336
9254,7.088177,-0.03210252,0.1234867,-0.189698,-0.02845808,-0.02845808,0.06566468
9255,7.088896,-0.03216146,0.1234529,-0.1896245,-0.02841436,-0.02841436,0.06593194
9256,7.089649,-0.03216146,0.1234529,-0.1896245,-0.02841436,-0.02841436,0.06593194
9257,7.090297,-0.03222037,0.1234192,-0.189551,-0.0286969,-0.0286969,0.06657551
9258,7.091013,-0.03228612,0.1233338,-0.1895009,-0.02890867,-0.02890867,0.06702279
9259,7.091778,-0.03234498,0.1233001,-0.1894274,-0.02890867,-0.02890867,0.06705247
9260,7.092513,-0.03242151,0.1233001,-0.1894143,-0.02988005,-0.02988005,0.06892251
9261,7.093217,-0.03248861,0.1232031,-0.1893693,-0.02985347,-0.02985347,0.06917796
9262,7.093907,-0.03254733,0.1231695,-0.1892957,-0.03181221,-0.03181221,0.06845239
9263,7.094632,-0.03254733,0.1231695,-0.1892957,-0.03181221,-0.03181221,0.06845239
9264,7.095289,-0.03260593,0.1231359,-0.189222,-0.03205407,-0.03205407,0.06906494
9265,7.096018,-0.03266453,0.1231024,-0.1891483,-0.03259534,-0.03259534,0.07007468
9266,7.096828,-0.03279939,0.1230688,-0.1890613,-0.0325679,-0.0325679,0.07019699
9267,7.097628,-0.03280803,0.1230043,-0.1890904,-0.03256611,-0.03256611,0.07023893
9268,7.098374,-0.03286647,0.1229708,-0.1890167,-0.03408482,-0.03408482,0.06968828
9269,7.099132,-0.03300121,0.1229373,-0.1889295,-0.03408482,-0.03408482,0.06971915
9270,7.099836,-0.0330099,0.1228727,-0.1889587,-0.0352462,-0.0352462,0.06879333
9271,7.100548,-0.03306821,0.1228392,-0.1888848,-0.03521886,-0.03521886,0.06882445
9272,7.101418,-0.03320269,0.1228058,-0.1887975,-0.03526115,-0.03526115,0.06887864
9273,7.102222,-0.03320269,0.1228058,-0.1887975,-0.05373225,-0.05373225,0.06110245
9274,7.102907,-0.03326955,0.1227078,-0.1887526,-0.05394053,-0.05394053,0.06154625
9275,7.103678,-0.03326955,0.1227078,-0.1887526,-0.05394053,-0.05394053,0.06157804
9276,7.104374,-0.03338576,0.1226411,-0.1886047,-0.05209585,-0.05209585,0.06228262
9277,7.105124,-0.03339448,0.1225764,-0.1886337,-0.05239869,-0.05239869,0.06304628
9278,7.105889,-0.03352865,0.1225432,-0.1885461,-0.05407086,-0.05407086,0.06310516
9279,7.106596,-0.03352865,0.1225432,-0.1885461,-0.05407086,-0.05407086,0.06313657
9280,7.107219,-0.03358655,0.1225099,-0.188472,-0.05407086,-0.05407086,0.06336124
9281,7.107999,-0.0336532,0.122412,-0.1884269,-0.05389293,-0.05389293,0.0627588
9282,7.108731,-0.0336532,0.122412,-0.1884269,-0.05389293,-0.05389293,0.0627588
9283,7.109381,-0.03378706,0.1223788,-0.1883391,-0.05400854,-0.05400854,0.06293487
9284,7.110097,-0.03378706,0.1223788,-0.1883391,-0.05395957,-0.05395957,0.06291147
9285,7.110822,-0.03392964,0.122281,-0.1882801,-0.05367892,-0.05367892,0.06192725
9286,7.111638,-0.03392964,0.122281,-0.1882801,-0.05367892,-0.05367892,0.06195916
9287,7.112309,-0.03398731,0.1222479,-0.1882058,-0.05396678,-0.05396678,0.06253963
9288,7.113023,-0.03405372,0.12215,-0.1881604,-0.05416143,-0.05416143,0.06118153
9289,7.113789,-0.03405372,0.12215,-0.1881604,-0.05416143,-0.05416143,0.06118153
9290,7.114542,-0.03413853,0.1220853,-0.1881755,-0.05423969,-0.05423969,0.06166553
9291,7.11534,-0.03419603,0.1220522,-0.1881012,-0.05340363,-0.05340363,0.05859866
9292,7.116082,-0.03427205,0.1220522,-0.1880874,-0.05340363,-0.05340363,0.05841952
9293,7.116857,-0.03440547,0.1220192,-0.1879991,-0.05261403,-0.05261403,0.05716617
9294,7.117609,-0.03441431,0.1219544,-0.1880279,-0.05261867,-0.05261867,0.05721763
9295,7.118344,-0.03447162,0.1219214,-0.1879534,-0.05176107,-0.05176107,0.0564933
9296,7.119132,-0.03454757,0.1219214,-0.1879394,-0.05150364,-0.05150364,0.05604504
9297,7.119867,-0.0345378,0.1218237,-0.1879077,-0.0504682,-0.0504682,0.05334487
9298,7.12063,-0.03461373,0.1218237,-0.1878937,-0.0504682,-0.0504682,0.05337718
9299,7.121606,-0.03467097,0.1217908,-0.1878191,-0.05037387,-0.05037387,0.05317154
9300,7.122319,-0.03481283,0.1216931,-0.1877592,-0.05030958,-0.05030958,0.05309287
9301,7.123057,-0.03481283,0.1216931,-0.1877592,-0.04995739,-0.04995739,0.05208074
9302,7.123757,-0.03488871,0.1216931,-0.1877451,-0.04995739,-0.04995739,0.05211236
9303,7.124588,-0.03496455,0.1216931,-0.187731,-0.04946371,-0.04946371,0.05144755
9304,7.125348,-0.03503052,0.1215954,-0.187685,-0.04727633,-0.04727633,0.0474075
9305,7.126092,-0.03503052,0.1215954,-0.187685,-0.04727633,-0.04727633,0.04738318
9306,7.126722,-0.03510637,0.1215954,-0.1876708,-0.04727633,-0.04727633,0.04741521
9307,7.12746,-0.03517222,0.1214978,-0.1876248,-0.04693146,-0.04693146,0.04592523
9308,7.128172,-0.03517222,0.1214978,-0.1876248,-0.04693146,-0.04693146,0.04592469
9309,7.128826,-0.0352291,0.121465,-0.18755,-0.04717831,-0.04717831,0.04277107
9310,7.129524,-0.03530489,0.121465,-0.1875357,-0.04717831,-0.04717831,0.04280299
9311,7.130297,-0.03531382,0.1214001,-0.1875643,-0.04717831,-0.04717831,0.04237606
9312,7.131012,-0.03537068,0.1213674,-0.1874895,-0.04559461,-0.04559461,0.04269776
9313,7.131783,-0.03544643,0.1213674,-0.1874752,-0.04559461,-0.04559461,0.04269776
9314,7.132518,-0.03551209,0.1212698,-0.1874288,-0.04557485,-0.04557485,0.04249958
9315,7.133229,-0.03551209,0.1212698,-0.1874288,-0.04533479,-0.04533479,0.04180748
9316,7.13391,-0.03566354,0.1212698,-0.1874001,-0.04488439,-0.04488439,0.04129594
9317,7.136802,-0.03578575,0.1211396,-0.1872786,-0.04488025,-0.04488025,0.03890785
9318,7.137546,-0.0358704,0.1210747,-0.1872926,-0.04486796,-0.04486796,0.03895653
9319,7.138281,-0.03594608,0.1210747,-0.1872781,-0.04467677,-0.04467677,0.03857917
9320,7.139006,-0.03594608,0.1210747,-0.1872781,-0.04484746,-0.04484746,0.03831955
9321,7.139626,-0.03602174,0.1210747,-0.1872635,-0.04484746,-0.04484746,0.03834934
9322,7.140364,-0.03608724,0.1209771,-0.1872169,-0.04483516,-0.04483516,0.03845999
9323,7.141305,-0.0361629,0.1209771,-0.1872023,-0.04287406,-0.04287406,0.03546493
9324,7.142044,-0.0361629,0.1209771,-0.1872023,-0.04297019,-0.04297019,0.03525821
9325,7.142665,-0.0362385,0.1209771,-0.1871876,-0.04297019,-0.04297019,0.0352878
9326,7.143377,-0.03630386,0.1208796,-0.1871408,-0.04200159,-0.04200159,0.03361471
9327,7.144279,-0.03630386,0.1208796,-0.1871408,-0.04123805,-0.04123805,0.03370004
9328,7.144924,-0.03637948,0.1208796,-0.1871261,-0.04090389,-0.04090389,0.03294789
9329,7.145652,-0.03643576,0.1208471,-0.1870509,-0.04090389,-0.04090389,0.03294789
9330,7.146356,-0.03644482,0.1207822,-0.1870792,-0.0398912,-0.0398912,0.03221076
9331,7.147066,-0.03650101,0.1207496,-0.187004,-0.03933413,-0.03933413,0.03233479
9332,7.147779,-0.03657654,0.1207496,-0.1869892,-0.04016295,-0.04016295,0.03401054
9333,7.148534,-0.03665208,0.1207496,-0.1869744,-0.04016295,-0.04016295,0.03403962
9334,7.149326,-0.03673673,0.1206847,-0.1869878,-0.04010786,-0.04010786,0.03327119
9335,7.150052,-0.03673673,0.1206847,-0.1869878,-0.04010786,-0.04010786,0.03327119
9336,7.15075,-0.03679283,0.1206522,-0.1869124,-0.03984101,-0.03984101,0.03337049
9337,7.151556,-0.03686834,0.1206522,-0.1868976,-0.03831202,-0.03831202,0.03122868
9338,7.152284,-0.03687746,0.1205872,-0.1869258,-0.03831749,-0.03831749,0.03122421
9339,7.153028,-0.03685793,0.1205547,-0.1868653,-0.03830326,-0.03830326,0.03122274
9340,7.153749,-0.0369334,0.1205547,-0.1868504,-0.03824544,-0.03824544,0.03097874
9341,7.154458,-0.03700891,0.1205547,-0.1868355,-0.03780665,-0.03780665,0.03021681
9342,7.155161,-0.03709353,0.1204898,-0.1868487,-0.03780665,-0.03780665,0.03024494
9343,7.155905,-0.03714943,0.1204573,-0.1867732,-0.03767869,-0.03767869,0.03027944
9344,7.156618,-0.03714943,0.1204573,-0.1867732,-0.03720085,-0.03720085,0.03020504
9345,7.15728,-0.0372249,0.1204573,-0.1867582,-0.03720085,-0.03720085,0.030271
9346,7.157977,-0.0372249,0.1204573,-0.1867582,-0.03720085,-0.03720085,0.030271
9347,7.158607,-0.03730033,0.1204573,-0.1867431,-0.03657747,-0.03657747,0.03000712
9348,7.159351,-0.03735606,0.1204249,-0.1866676,-0.03624896,-0.03624896,0.02928501
9349,7.160087,-0.03736523,0.1203599,-0.1866957,-0.03625422,-0.03625422,0.02930025
9350,7.160993,-0.03744068,0.1203599,-0.1866806,-0.03464526,-0.03464526,0.02952523
9351,7.161814,-0.03757176,0.1203276,-0.1865898,-0.03463232,-0.03463232,0.02955098
9352,7.162597,-0.03757176,0.1203276,-0.1865898,-0.03453343,-0.03453343,0.02894572
9353,7.163263,-0.03764712,0.1203276,-0.1865746,-0.03453343,-0.03453343,0.02900359
9354,7.164025,-0.03765633,0.1202626,-0.1866027,-0.03453343,-0.03453343,0.02900359
9355,7.164876,-0.03771187,0.1202302,-0.186527,-0.032936,-0.032936,0.02876796
9356,7.165621,-0.03778724,0.1202302,-0.1865117,-0.032936,-0.032936,0.02845401
9357,7.166364,-0.03786266,0.1202302,-0.1864964,-0.03189036,-0.03189036,0.02838762
9358,7.167151,-0.03786266,0.1202302,-0.1864964,-0.03189036,-0.03189036,0.02841486
9359,7.16781,-0.03791808,0.1201979,-0.1864206,-0.03187837,-0.03187837,0.02835335
9360,7.168556,-0.03791808,0.1201979,-0.1864206,-0.03164688,-0.03164688,0.02800366
9361,7.169189,-0.03799336,0.1201979,-0.1864053,-0.03164688,-0.03164688,0.02803089
9362,7.169906,-0.03806869,0.1201979,-0.1863899,-0.03122227,-0.03122227,0.0282135
9363,7.170651,-0.03805799,0.1201006,-0.1863575,-0.02951561,-0.02951561,0.02886726
9364,7.171384,-0.03813327,0.1201006,-0.1863421,-0.02951561,-0.02951561,0.02876926
9365,7.17208,-0.0382086,0.1201006,-0.1863267,-0.02951561,-0.02951561,0.02879615
9366,7.172761,-0.03818859,0.1200684,-0.1862508,-0.02917108,-0.02917108,0.02930939
9367,7.173464,-0.03826385,0.1200684,-0.1862508,-0.02891161,-0.02891161,0.02991346
9368,7.174117,-0.03833907,0.1200684,-0.1862353,-0.02891161,-0.02891161,0.02991346
9369,7.174849,-0.03842361,0.1200033,-0.1862478,-0.02925585,-0.02925585,0.0297608
9370,7.175579,-0.03842361,0.1200033,-0.1862478,-0.02885533,-0.02885533,0.03007714
9371,7.176218,-0.03849887,0.1200033,-0.1862323,-0.02885533,-0.02885533,0.03007714
9372,7.176929,-0.03847875,0.1199711,-0.1861718,-0.0288434,-0.0288434,0.03019511
9373,7.177659,-0.03855399,0.1199711,-0.1861563,-0.02808443,-0.02808443,0.02862833
9374,7.17843,-0.03862921,0.1199711,-0.1861407,-0.02775532,-0.02775532,0.02905287
9375,7.179217,-0.03870439,0.1199711,-0.186125,-0.02775532,-0.02775532,0.0290802
9376,7.179982,-0.03877958,0.1199711,-0.1861094,-0.02727574,-0.02727574,0.02809997
9377,7.180795,-0.03883454,0.1199389,-0.1860333,-0.02727574,-0.02727574,0.02805671
9378,7.181729,-0.03883454,0.1199389,-0.1860333,-0.02626742,-0.02626742,0.02763089
9379,7.182424,-0.03890976,0.1199389,-0.1860176,-0.0104561,-0.0104561,0.03451943
9380,7.183172,-0.03890976,0.1199389,-0.1860176,-0.0104561,-0.0104561,0.03451943
9381,7.183959,-0.03906943,0.1198739,-0.186014,-0.01045523,-0.01045523,0.03445617
9382,7.187707,-0.03927451,0.1198417,-0.1859061,-0.02064487,-0.02064487,0.02762187
9383,7.188711,-0.03934963,0.1198417,-0.1858902,-0.02064487,-0.02064487,0.02780017
9384,7.189481,-0.03934963,0.1198417,-0.1858902,-0.02064487,-0.02064487,0.02803282
9385,7.190143,-0.0394247,0.1198417,-0.1858743,-0.02064487,-0.02064487,0.02806001
9386,7.190967,-0.0394998,0.1198417,-0.1858584,-0.02022641,-0.02022641,0.02729089
9387,7.191865,-0.0395749,0.1198417,-0.1858424,-0.01975,-0.01975,0.02750054
9388,7.19272,-0.0395749,0.1198417,-0.1858424,-0.008990698,-0.008990698,0.03216199
9389,7.193383,-0.03965,0.1198417,-0.1858264,-0.008990698,-0.008990698,0.03190911
9390,7.194106,-0.03965,0.1198417,-0.1858264,-0.008990698,-0.008990698,0.03190911
9391,7.194799,-0.03980013,0.1198417,-0.1857943,0,0,0.0150386
9392,7.195704,-0.03980013,0.1198417,-0.1857943,0,0,0.01526461
9393,7.196376,-0.0398847,0.1197767,-0.185806,-0.008058522,-0.008058522,0.01179524
9394,7.197118,-0.0398847,0.1197767,-0.185806,-0.008058522,-0.008058522,0.01179524
9395,7.1978,-0.03995978,0.1197767,-0.1857899,-0.008058522,-0.008058522,0.01167092
9396,7.198603,-0.0400349,0.1197767,-0.1857737,-0.008058522,-0.008058522,0.01165921
9397,7.199378,-0.0400349,0.1197767,-0.1857737,-0.008058522,-0.008058522,0.01164427
9398,7.200012,-0.04010996,0.1197767,-0.1857575,-0.008058522,-0.008058522,0.01167304
9399,7.200934,-0.04018497,0.1197767,-0.1857413,-0.008058522,-0.008058522,0.01179051
9400,7.201684,-0.04018497,0.1197767,-0.1857413,-0.00745501,-0.00745501,0.01213829
9401,7.202326,-0.04026004,0.1197767,-0.1857251,-0.00745501,-0.00745501,0.01201791
9402,7.203107,-0.04033507,0.1197767,-0.1857088,-0.00745501,-0.00745501,0.01204669
9403,7.203863,-0.04041013,0.1197767,-0.1856925,-0.00745501,-0.00745501,0.01210633
9404,7.204582,-0.04041013,0.1197767,-0.1856925,0,0,0.01523256
9405,7.205252,-0.04041013,0.1197767,-0.1856925,0,0,0.01523256
9406,7.205882,-0.04048517,0.1197767,-0.1856761,0,0,0.01528691
9407,7.206607,-0.04056016,0.1197767,-0.1856598,0,0,0.01525329
9408,7.207357,-0.04063516,0.1197767,-0.1856433,0,0,0.01520197
9409,7.208097,-0.04063516,0.1197767,-0.1856433,0,0,0.01520197
9410,7.208744,-0.04063516,0.1197767,-0.1856433,0,0,0.01524984
9411,7.209466,-0.04071016,0.1197767,-0.1856269,0,0,0.01473072
9412,7.210382,-0.04078519,0.1197767,-0.1856104,0,0,0.01477914
9413,7.211171,-0.04078519,0.1197767,-0.1856104,0,0,0.01477914
9414,7.211841,-0.04093516,0.1197767,-0.1855774,0,0,0.01470584
9415,7.212612,-0.04093516,0.1197767,-0.1855774,0,0,0.01498515
9416,7.213261,-0.04093516,0.1197767,-0.1855774,0,0,0.01504382
9417,7.21399,-0.04101012,0.1197767,-0.1855609,0,0,0.01507137
9418,7.214639,-0.04101012,0.1197767,-0.1855609,0,0,0.01482836
9419,7.215287,-0.04116013,0.1197767,-0.1855277,0,0,0.01463167
9420,7.216005,-0.04116013,0.1197767,-0.1855277,0,0,0.01465839
9421,7.21664,-0.04123508,0.1197767,-0.185511,0,0,0.01479245
9422,7.217399,-0.04131,0.1197767,-0.1854944,0,0,0.01499307
9423,7.218139,-0.04131972,0.1197116,-0.1855221,0,0,0.01502384
9424,7.218866,-0.04139468,0.1197116,-0.1855054,-0.003830818,-0.003830818,0.01350637
9425,7.219639,-0.04146963,0.1197116,-0.1854887,-0.003830818,-0.003830818,0.01356905
9426,7.220344,-0.04146963,0.1197116,-0.1854887,-0.003830818,-0.003830818,0.01363866
9427,7.221192,-0.04154461,0.1197116,-0.1854719,-0.003830818,-0.003830818,0.0136665
9428,7.224038,-0.04161955,0.1197116,-0.1854551,-0.003830818,-0.003830818,0.01351586
9429,7.224835,-0.04184427,0.1197116,-0.1854045,-0.003830818,-0.003830818,0.01377778
9430,7.225789,-0.04191922,0.1197116,-0.1853876,-0.003830818,-0.003830818,0.01386909
9431,7.226544,-0.04191922,0.1197116,-0.1853876,-0.003830818,-0.003830818,0.01389709
9432,7.227319,-0.04199414,0.1197116,-0.1853706,0,0,0.0156221
9433,7.227993,-0.042069,0.1197116,-0.1853536,0,0,0.01575095
9434,7.22878,-0.0421537,0.1196466,-0.1853643,0,0,0.01577899
9435,7.229575,-0.0422286,0.1196466,-0.1853472,-0.003993012,-0.003993012,0.01419327
9436,7.230322,-0.0422286,0.1196466,-0.1853472,-0.003993012,-0.003993012,0.01422175
9437,7.230972,-0.04230354,0.1196466,-0.1853301,-0.003993012,-0.003993012,0.01437917
9438,7.231724,-0.04237841,0.1196466,-0.185313,-0.003993012,-0.003993012,0.01441869
9439,7.232498,-0.04237841,0.1196466,-0.185313,-0.003993012,-0.003993012,0.01441869
9440,7.233147,-0.04245323,0.1196466,-0.1852959,-0.003993012,-0.003993012,0.01435363
9441,7.233916,-0.04252813,0.1196466,-0.1852787,-0.003993012,-0.003993012,0.01461972
9442,7.234649,-0.04260298,0.1196466,-0.1852615,-0.003993012,-0.003993012,0.01489405
9443,7.235386,-0.04261287,0.1195814,-0.1852892,-0.003994107,-0.003994107,0.0148994
9444,7.236234,-0.04276261,0.1195814,-0.1852547,-0.005045408,-0.005045408,0.01448297
9445,7.237,-0.04276261,0.1195814,-0.1852547,-0.005045408,-0.005045408,0.0144914
9446,7.237664,-0.04283743,0.1195814,-0.1852374,-0.005045408,-0.005045408,0.01461434
9447,7.238379,-0.04292221,0.1195163,-0.1852476,-0.005046789,-0.005046789,0.0146201
9448,7.239157,-0.04299705,0.1195163,-0.1852303,-0.009675678,-0.009675678,0.01279869
9449,7.239951,-0.04307192,0.1195163,-0.1852129,-0.009675678,-0.009675678,0.0128169
9450,7.24076,-0.04315671,0.1194512,-0.185223,-0.009675678,-0.009675678,0.01349568
9451,7.241776,-0.04323152,0.1194512,-0.1852056,-0.0113695,-0.0113695,0.01284012
9452,7.242548,-0.04323152,0.1194512,-0.1852056,-0.0113695,-0.0113695,0.01287141
9453,7.243235,-0.04330634,0.1194512,-0.1851881,-0.0113695,-0.0113695,0.01300795
9454,7.244,-0.04338117,0.1194512,-0.1851706,-0.0113695,-0.0113695,0.01295658
9455,7.244867,-0.04346603,0.119386,-0.1851805,-0.0113695,-0.0113695,0.01303336
9456,7.245584,-0.04361559,0.119386,-0.1851454,-0.01638507,-0.01638507,0.01153517
9457,7.246328,-0.04361559,0.119386,-0.1851454,-0.01638507,-0.01638507,0.01156786
9458,7.246992,-0.04370789,0.1194117,-0.1851757,-0.01638562,-0.01638562,0.01194304
9459,7.247746,-0.04379271,0.1193466,-0.1851855,-0.01786321,-0.01786321,0.01136965
9460,7.248489,-0.0438776,0.1192814,-0.1851952,-0.01786808,-0.01786808,0.01138065
9461,7.249237,-0.04395241,0.1192814,-0.1851775,-0.02047325,-0.02047325,0.01033356
9462,7.249959,-0.04395241,0.1192814,-0.1851775,-0.02047325,-0.02047325,0.01094475
9463,7.250579,-0.04411206,0.1192162,-0.1851693,-0.02576132,-0.02576132,0.009090278
9464,7.251306,-0.04411206,0.1192162,-0.1851693,-0.02576132,-0.02576132,0.009090278
9465,7.251925,-0.04418687,0.1192162,-0.1851514,-0.02576132,-0.02576132,0.009000788
9466,7.252622,-0.04427177,0.119151,-0.1851609,-0.0265543,-0.0265543,0.009114516
9467,7.253418,-0.0443466,0.119151,-0.1851431,-0.0265543,-0.0265543,0.009150405
9468,7.254162,-0.04443143,0.1190857,-0.1851525,-0.02656152,-0.02656152,0.009184316
9469,7.254875,-0.04450623,0.1190857,-0.1851345,-0.0275274,-0.0275274,0.009149211
9470,7.255631,-0.04459113,0.1190205,-0.1851438,-0.02888815,-0.02888815,0.008797888
9471,7.256405,-0.04466599,0.1190205,-0.1851258,-0.02888815,-0.02888815,0.008797888
9472,7.257121,-0.04475088,0.1189552,-0.185135,-0.02889599,-0.02889599,0.008788814
9473,7.257867,-0.04482563,0.1189552,-0.1851169,-0.02977138,-0.02977138,0.009067129
9474,7.258615,-0.04491057,0.1188899,-0.185126,-0.03263373,-0.03263373,0.007954039
9475,7.259336,-0.04498535,0.1188899,-0.1851079,-0.03263373,-0.03263373,0.007954039
9476,7.260037,-0.04507031,0.1188246,-0.1851169,-0.04013169,-0.04013169,0.005285325
9477,7.260888,-0.04507031,0.1188246,-0.1851169,-0.04013169,-0.04013169,0.004954039
9478,7.261536,-0.04515521,0.1187593,-0.1851258,-0.04014255,-0.04014255,0.005012362
9479,7.262234,-0.04531491,0.1186939,-0.1851164,-0.0406268,-0.0406268,0.005749831
9480,7.262919,-0.04531491,0.1186939,-0.1851164,-0.0422695,-0.0422695,0.004969755
9481,7.263549,-0.04539984,0.1186286,-0.1851252,-0.0422809,-0.0422809,0.005030414
9482,7.264315,-0.04555963,0.1185632,-0.1851156,-0.04301135,-0.04301135,0.005102495
9483,7.265044,-0.04555963,0.1185632,-0.1851156,-0.0439278,-0.0439278,0.005090333
9484,7.265797,-0.04564454,0.1184977,-0.1851242,-0.04411025,-0.04411025,0.004849838
9485,7.266573,-0.04579413,0.1184977,-0.1850873,-0.04411025,-0.04411025,0.005465252
9486,7.267286,-0.04587915,0.1184323,-0.1850958,-0.04412211,-0.04412211,0.005528507
9487,7.268009,-0.04588931,0.1183669,-0.1851228,-0.04457271,-0.04457271,0.005315903
9488,7.268754,-0.04603883,0.1183669,-0.1850856,-0.04805835,-0.04805835,0.004008932
9489,7.269598,-0.04613403,0.118236,-0.1851209,-0.04879497,-0.04879497,0.003821001
9490,7.270494,-0.04620881,0.118236,-0.1851023,-0.04880806,-0.04880806,0.003886357
9491,7.271302,-0.04629382,0.1181705,-0.1851105,-0.04984301,-0.04984301,0.003742543
9492,7.272044,-0.0463686,0.1181705,-0.1850918,-0.04983605,-0.04983605,0.004190477
9493,7.27279,-0.04645357,0.118105,-0.1850999,-0.05071019,-0.05071019,0.003539004
9494,7.273514,-0.04653857,0.1180395,-0.1851079,-0.05071019,-0.05071019,0.003581376
9495,7.274263,-0.04669839,0.1179739,-0.1850971,-0.05282842,-0.05282842,0.003401547
9496,7.274987,-0.04677318,0.1179739,-0.1850782,-0.05344443,-0.05344443,0.003610901
9497,7.275766,-0.04685817,0.1179083,-0.1850861,-0.0542207,-0.0542207,0.003296033
9498,7.276628,-0.04694318,0.1178428,-0.1850939,-0.05636707,-0.05636707,0.002435644
9499,7.277449,-0.04702821,0.1177772,-0.1851016,-0.05638208,-0.05638208,0.002506296
9500,7.278222,-0.04711327,0.1177116,-0.1851093,-0.05704554,-0.05704554,0.002766224
9501,7.278946,-0.04727305,0.1176459,-0.1850978,-0.06215945,-0.06215945,0.0005490251
9502,7.279679,-0.04735809,0.1175803,-0.1851054,-0.0612219,-0.0612219,0.001465576
9503,7.28044,-0.04744316,0.1175147,-0.1851128,-0.06416227,-0.06416227,0.0005548672
9504,7.281323,-0.04751799,0.1175147,-0.1850936,-0.06416227,-0.06416227,0.0006007681
9505,7.282063,-0.04760303,0.117449,-0.185101,-0.06208249,-0.06208249,0.00214234
9506,7.282808,-0.04768804,0.1173833,-0.1851083,-0.06259122,-0.06259122,0.001535379
9507,7.283588,-0.04784791,0.1173176,-0.1850962,-0.06436066,-0.06436066,0.0009775842
9508,7.284323,-0.04785817,0.1172518,-0.1851227,-0.06437767,-0.06437767,0.001053654
9509,7.28506,-0.04801809,0.1171861,-0.1851104,-0.06690886,-0.06690886,0.0002944067
9510,7.285887,-0.04810312,0.1171203,-0.1851174,-0.06702917,-0.06702917,0.0006227166
9511,7.286681,-0.04818818,0.1170546,-0.1851243,-0.06744422,-0.06744422,0.0005457737
9512,7.287408,-0.04826299,0.1170546,-0.1851048,-0.06744422,-0.06744422,0.0005928713
9513,7.288126,-0.0483584,0.1169229,-0.185138,-0.06744376,-0.06744376,0.001148474
9514,7.288918,-0.04843319,0.1169229,-0.1851185,-0.07108847,-0.07108847,-0.0004003643
9515,7.28965,-0.04859304,0.1168571,-0.1851056,-0.07090614,-0.07090614,-5.240367E-05
9516,7.29039,-0.04860334,0.1167912,-0.1851319,-0.07092474,-0.07092474,-1.989779E-05
9517,7.291209,-0.0487633,0.1167254,-0.1851188,-0.07229679,-0.07229679,-0.0005926316
9518,7.291938,-0.04883808,0.1167254,-0.185099,-0.07229679,-0.07229679,-7.614985E-05
9519,7.292675,-0.04893348,0.1165935,-0.1851317,-0.07271733,-0.07271733,-0.0002544108
9520,7.293455,-0.04901861,0.1165276,-0.1851381,-0.07271733,-0.07271733,-0.0002060547
9521,7.294154,-0.0491037,0.1164617,-0.1851444,-0.07250518,-0.07250518,0.0003256305
9522,7.294887,-0.04917854,0.1164617,-0.1851245,-0.07250518,-0.07250518,0.0003744736
9523,7.295587,-0.04933845,0.1163957,-0.1851108,-0.0741993,-0.0741993,-0.0002565324
9524,7.296304,-0.04934877,0.1163297,-0.1851369,-0.07318593,-0.07318593,0.0003722138
9525,7.297147,-0.04951903,0.1161977,-0.185149,-0.07300532,-0.07300532,0.0003927062
9526,7.297884,-0.04959385,0.1161977,-0.185129,-0.07300532,-0.07300532,0.000441352
9527,7.298605,-0.04968932,0.1160657,-0.1851608,-0.07503388,-0.07503388,0.0002081537
9528,7.299362,-0.0497641,0.1160657,-0.1851407,-0.07736644,-0.07736644,-0.0007107533
9529,7.300143,-0.04992405,0.1159996,-0.1851264,-0.07762479,-0.07762479,-0.0007186499
9530,7.301022,-0.04993439,0.1159335,-0.1851523,-0.0776449,-0.0776449,-0.0006339196
9531,7.301746,-0.0500944,0.1158674,-0.1851377,-0.07710911,-0.07710911,3.715449E-05
9532,7.3024,-0.05017952,0.1158013,-0.1851433,-0.07733073,-0.07733073,0.0002847794
9533,7.303102,-0.05033947,0.1157352,-0.1851284,-0.08001775,-0.08001775,-0.0005516784
9534,7.303801,-0.05042468,0.1156691,-0.1851339,-0.08003839,-0.08003839,-0.0004647416
9535,7.304525,-0.05043505,0.1156029,-0.1851597,-0.07793017,-0.07793017,0.0008043685
9536,7.305336,-0.05059499,0.1155367,-0.1851445,-0.07889193,-0.07889193,-8.909704E-05
9537,7.306107,-0.05069049,0.1154043,-0.1851754,-0.07953074,-0.07953074,9.899431E-05
9538,7.30684,-0.05076532,0.1154043,-0.1851549,-0.07955115,-0.07955115,0.0001857713
9539,7.309673,-0.05118085,0.1151393,-0.1851542,-0.08101568,-0.08101568,0.0001713052
9540,7.310406,-0.05119121,0.115073,-0.1851797,-0.0811331,-0.0811331,0.0005157218
9541,7.3111,-0.05135127,0.1150067,-0.1851638,-0.08200385,-0.08200385,0.0001988112
9542,7.311831,-0.05143643,0.1149403,-0.1851685,-0.08202475,-0.08202475,0.0002872208
9543,7.312644,-0.05159644,0.114874,-0.1851522,-0.08451787,-0.08451787,-0.0005272754
9544,7.313416,-0.05159644,0.114874,-0.1851522,-0.08353608,-0.08353608,-0.0001049097
9545,7.314066,-0.05168166,0.1148076,-0.1851567,-0.08355733,-0.08355733,-1.571188E-05
9546,7.314778,-0.05184164,0.1147413,-0.1851403,-0.083757,-0.083757,0.0002360947
9547,7.315489,-0.05185203,0.1146748,-0.1851656,-0.08417292,-0.08417292,0.000268689
9548,7.316395,-0.05201203,0.1146084,-0.1851489,-0.08323407,-0.08323407,0.0009038837
9549,7.317142,-0.05218248,0.1144755,-0.1851573,-0.08345895,-0.08345895,0.0007056626
9550,7.317943,-0.05225726,0.1144755,-0.1851362,-0.08348005,-0.08348005,0.0007433627
9551,7.318695,-0.05235286,0.1143426,-0.1851655,-0.08413194,-0.08413194,0.001086608
9552,7.319443,-0.05243808,0.1142761,-0.1851694,-0.08628637,-0.08628637,0.0004488356
9553,7.320184,-0.05252335,0.1142096,-0.1851733,-0.08506625,-0.08506625,0.001017132
9554,7.321046,-0.05260854,0.114143,-0.1851772,-0.0851091,-0.0851091,0.001146582
9555,7.321762,-0.05276855,0.1140765,-0.1851596,-0.08626845,-0.08626845,0.0009590774
9556,7.32259,-0.05292861,0.1140099,-0.185142,-0.08709407,-0.08709407,0.001139684
9557,7.323328,-0.05301385,0.1139433,-0.1851456,-0.08711592,-0.08711592,0.001178531
9558,7.324077,-0.05302425,0.1138767,-0.1851705,-0.08711592,-0.08711592,0.001178531
9559,7.324776,-0.05318424,0.1138101,-0.1851525,-0.08668385,-0.08668385,0.001647881
9560,7.325546,-0.05325904,0.1138101,-0.185131,-0.08744698,-0.08744698,0.001464418
9561,7.326268,-0.05342953,0.1136768,-0.1851377,-0.08542866,-0.08542866,0.002535214
9562,7.326996,-0.05342953,0.1136768,-0.1851377,-0.08542866,-0.08542866,0.002535214
9563,7.327653,-0.05359996,0.1135435,-0.1851441,-0.08802272,-0.08802272,0.00180159
9564,7.328414,-0.05368519,0.1134768,-0.1851472,-0.08845174,-0.08845174,0.001945541
9565,7.329159,-0.05384526,0.1134101,-0.1851285,-0.08787965,-0.08787965,0.001853097
9566,7.329906,-0.05384526,0.1134101,-0.1851285,-0.0879015,-0.0879015,0.001946185
9567,7.330595,-0.05401571,0.1132766,-0.1851344,-0.08661096,-0.08661096,0.003042044
9568,7.331359,-0.0540905,0.1132766,-0.1851125,-0.08682884,-0.08682884,0.003626792
9569,7.332097,-0.0541862,0.113143,-0.1851399,-0.08733496,-0.08733496,0.002945861
9570,7.332807,-0.054261,0.113143,-0.185118,-0.08733496,-0.08733496,0.002999871
9571,7.333529,-0.05434618,0.1130763,-0.1851206,-0.08795563,-0.08795563,0.00295091
9572,7.334327,-0.05450623,0.1130094,-0.1851013,-0.08678862,-0.08678862,0.003303824
9573,7.337797,-0.05492196,0.112742,-0.1850887,-0.08804637,-0.08804637,0.003523776
9574,7.33855,-0.05500727,0.1126751,-0.1850909,-0.0866212,-0.0866212,0.004282249
9575,7.339274,-0.05510293,0.1125412,-0.1851174,-0.0887585,-0.0887585,0.003569933
9576,7.340012,-0.05526293,0.1124743,-0.1850971,-0.08864807,-0.08864807,0.004022953
9577,7.341036,-0.05534816,0.1124074,-0.1850991,-0.08864807,-0.08864807,0.004077545
9578,7.341769,-0.05550821,0.1123403,-0.1850785,-0.08757078,-0.08757078,0.004722322
9579,7.342532,-0.05559342,0.1122733,-0.1850803,-0.0882126,-0.0882126,0.004487915
9580,7.343311,-0.05567867,0.1122063,-0.1850821,-0.08726996,-0.08726996,0.005062941
9581,7.344035,-0.05575343,0.1122063,-0.1850596,-0.08729126,-0.08729126,0.005212015
9582,7.344799,-0.05591348,0.1121393,-0.1850386,-0.08708515,-0.08708515,0.005261111
9583,7.345554,-0.05599869,0.1120723,-0.1850401,-0.08690808,-0.08690808,0.005691606
9584,7.346267,-0.05609439,0.1119381,-0.1850657,-0.08774084,-0.08774084,0.005596737
9585,7.346957,-0.05616917,0.1119381,-0.185043,-0.08774084,-0.08774084,0.0056517
9586,7.347676,-0.05625446,0.111871,-0.1850443,-0.08818408,-0.08818408,0.005853662
9587,7.348434,-0.05633968,0.1118039,-0.1850456,-0.08799391,-0.08799391,0.005658735
9588,7.349151,-0.05649966,0.1117368,-0.185024,-0.08751154,-0.08751154,0.005986878
9589,7.349864,-0.05658488,0.1116696,-0.1850251,-0.08751154,-0.08751154,0.006041656
9590,7.350602,-0.05659535,0.1116025,-0.1850491,-0.08656586,-0.08656586,0.006365818
9591,7.35136,-0.05675537,0.1115353,-0.1850272,-0.08670939,-0.08670939,0.006869786
9592,7.352082,-0.05683009,0.1115353,-0.1850042,-0.08670939,-0.08670939,0.006924877
9593,7.352801,-0.05700056,0.1114009,-0.1850059,-0.08615538,-0.08615538,0.00716791
9594,7.353549,-0.05707534,0.1114009,-0.1849829,-0.08476614,-0.08476614,0.007608479
9595,7.354281,-0.05717107,0.1112664,-0.1850074,-0.08561788,-0.08561788,0.007453454
9596,7.35504,-0.05724578,0.1112664,-0.1849843,-0.08561788,-0.08561788,0.007508123
9597,7.355758,-0.05740574,0.1111991,-0.1849617,-0.08646852,-0.08646852,0.007082396
9598,7.356491,-0.05749103,0.1111319,-0.1849622,-0.08507823,-0.08507823,0.007762369
9599,7.357276,-0.05757623,0.1110646,-0.1849626,-0.08558289,-0.08558289,0.008038939
9600,7.358155,-0.05766143,0.1109973,-0.184963,-0.08437745,-0.08437745,0.007921226
9601,7.358914,-0.05774666,0.11093,-0.1849633,-0.08439762,-0.08439762,0.008013641
9602,7.359625,-0.05782139,0.11093,-0.1849399,-0.08469495,-0.08469495,0.008034588
9603,7.360349,-0.05790664,0.1108626,-0.1849401,-0.08471518,-0.08471518,0.008181503
9604,7.361155,-0.05806654,0.1107953,-0.1849169,-0.08440866,-0.08440866,0.008442539
9605,7.361891,-0.05815176,0.1107279,-0.1849169,-0.08442875,-0.08442875,0.008480967
9606,7.36263,-0.05824745,0.1105931,-0.1849403,-0.08364533,-0.08364533,0.008521079
9607,7.363359,-0.05832221,0.1105931,-0.1849168,-0.08412568,-0.08412568,0.008745858
9608,7.364094,-0.05839694,0.1105931,-0.1848932,-0.08412568,-0.08412568,0.008799856
9609,7.364809,-0.05856732,0.1104583,-0.1848928,-0.0828024,-0.0828024,0.009268549
9610,7.365553,-0.05864203,0.1104583,-0.1848691,-0.0828024,-0.0828024,0.009268549
9611,7.366281,-0.05872728,0.1103909,-0.1848687,-0.08356722,-0.08356722,0.009549326
9612,7.367036,-0.05881248,0.1103233,-0.1848683,-0.08259851,-0.08259851,0.009528436
9613,7.367788,-0.05897231,0.1102558,-0.1848441,-0.08387113,-0.08387113,0.009531443
9614,7.368519,-0.05898282,0.1101884,-0.1848674,-0.08389094,-0.08389094,0.009623781
9615,7.369275,-0.05914279,0.1101208,-0.1848429,-0.08298786,-0.08298786,0.009995003
9616,7.370056,-0.05922796,0.1100533,-0.1848421,-0.08350262,-0.08350262,0.01014218
9617,7.370864,-0.05931313,0.1099858,-0.1848414,-0.08281295,-0.08281295,0.01056999
9618,7.371607,-0.05938783,0.1099858,-0.1848174,-0.08281295,-0.08281295,0.01062429
9619,7.372321,-0.05955823,0.1098506,-0.1848157,-0.08208096,-0.08208096,0.01060082
9620,7.37303,-0.05963291,0.1098506,-0.1847916,-0.08223708,-0.08223708,0.01072466
9621,7.373765,-0.05972857,0.1097155,-0.1848136,-0.08061384,-0.08061384,0.011544
9622,7.374518,-0.05980323,0.1097155,-0.1847895,-0.08061384,-0.08061384,0.01159784
9623,7.375243,-0.05996314,0.1096478,-0.1847641,-0.08141636,-0.08141636,0.01130778
9624,7.376136,-0.06012291,0.1095802,-0.1847386,-0.08112995,-0.08112995,0.01161344
9625,7.376874,-0.06013344,0.1095125,-0.1847615,-0.08198161,-0.08198161,0.01159204
9626,7.377573,-0.06021858,0.1094448,-0.1847602,-0.08198161,-0.08198161,0.01164609
9627,7.378384,-0.06037847,0.1093772,-0.1847343,-0.08030111,-0.08030111,0.01221916
9628,7.37913,-0.0605382,0.1093094,-0.1847084,-0.08022534,-0.08022534,0.01201885
9629,7.379899,-0.06054872,0.1092417,-0.1847312,-0.08117455,-0.08117455,0.01254013
9630,7.380644,-0.06070856,0.109174,-0.184705,-0.08166962,-0.08166962,0.01220074
9631,7.381535,-0.06079376,0.1091063,-0.1847033,-0.08168855,-0.08168855,0.01229209
9632,7.382284,-0.06087892,0.1090384,-0.1847014,-0.08064592,-0.08064592,0.01268304
9633,7.383115,-0.06096403,0.1089707,-0.1846995,-0.08088001,-0.08088001,0.01246886
9634,7.383943,-0.06112377,0.1089029,-0.1846729,-0.08131747,-0.08131747,0.01258702
9635,7.384653,-0.06120893,0.1088351,-0.1846708,-0.08126112,-0.08126112,0.01276189
9636,7.38542,-0.06129407,0.1087672,-0.1846687,-0.08127986,-0.08127986,0.01285288
9637,7.386171,-0.06145381,0.1086994,-0.1846417,-0.0809783,-0.0809783,0.01306081
9638,7.38692,-0.06153895,0.1086316,-0.1846394,-0.08005326,-0.08005326,0.0137428
9639,7.38764,-0.06162408,0.1085636,-0.1846371,-0.08172236,-0.08172236,0.01305138
9640,7.388407,-0.06169869,0.1085636,-0.1846122,-0.08172236,-0.08172236,0.01310513
9641,7.389221,-0.06186891,0.1084279,-0.1846072,-0.08252243,-0.08252243,0.01304286
9642,7.389975,-0.06194347,0.1084279,-0.1845822,-0.08303219,-0.08303219,0.01322823
9643,7.390832,-0.06211375,0.108292,-0.1845769,-0.08181465,-0.08181465,0.01453206
9644,7.391774,-0.06227341,0.108224,-0.184549,-0.08302142,-0.08302142,0.01405057
9645,7.392521,-0.06227341,0.108224,-0.184549,-0.08302142,-0.08302142,0.01405057
9646,7.393171,-0.06244362,0.1080881,-0.1845433,-0.08319482,-0.08319482,0.01401939
9647,7.393893,-0.06252873,0.1080201,-0.1845404,-0.08400281,-0.08400281,0.01401593
9648,7.394605,-0.06252873,0.1080201,-0.1845404,-0.08402195,-0.08402195,0.01405434
9649,7.395247,-0.06269882,0.107884,-0.1845343,-0.08363327,-0.08363327,0.01454665
9650,7.398158,-0.06318823,0.1076117,-0.1844702,-0.08554124,-0.08554124,0.01486439
9651,7.398942,-0.06330078,0.1075747,-0.1845243,-0.08477012,-0.08477012,0.01452928
9652,7.399672,-0.06338589,0.1075065,-0.1845208,-0.08878593,-0.08878593,0.01383554
9653,7.400383,-0.06347092,0.1074384,-0.1845172,-0.08878593,-0.08878593,0.01389172
9654,7.401305,-0.06363052,0.1073702,-0.1844878,-0.08634292,-0.08634292,0.01447972
9655,7.402034,-0.06371559,0.1073021,-0.184484,-0.08885659,-0.08885659,0.01430295
9656,7.402793,-0.06380066,0.1072339,-0.1844802,-0.08696869,-0.08696869,0.01522188
9657,7.403582,-0.06388569,0.1071657,-0.1844763,-0.08698829,-0.08698829,0.01531806
9658,7.404294,-0.0640453,0.1070975,-0.1844465,-0.0902598,-0.0902598,0.01441688
9659,7.405003,-0.06413034,0.1070292,-0.1844424,-0.09012751,-0.09012751,0.01453477
9660,7.405744,-0.06432866,0.1069243,-0.1844926,-0.09211668,-0.09211668,0.01370776
9661,7.406534,-0.06441372,0.106856,-0.1844884,-0.09213737,-0.09213737,0.01380625
9662,7.407318,-0.06450923,0.1067194,-0.1845057,-0.09272959,-0.09272959,0.01431647
9663,7.40804,-0.06458382,0.1067194,-0.1844796,-0.09520125,-0.09520125,0.01317133
9664,7.408791,-0.06475388,0.1065827,-0.1844707,-0.0952622,-0.0952622,0.01355695
9665,7.409543,-0.06483892,0.1065144,-0.1844661,-0.0952622,-0.0952622,0.01355695
9666,7.410277,-0.06499849,0.106446,-0.1844352,-0.09759233,-0.09759233,0.01360998
9667,7.411115,-0.0650835,0.1063776,-0.1844304,-0.09762169,-0.09762169,0.01338997
9668,7.411907,-0.06524296,0.1063092,-0.1843993,-0.09782947,-0.09782947,0.01394164
9669,7.412667,-0.0653566,0.1062725,-0.1844529,-0.09793708,-0.09793708,0.01369342
9670,7.413441,-0.06545217,0.1061356,-0.1844694,-0.09798062,-0.09798062,0.01383988
9671,7.414225,-0.06565082,0.1060303,-0.1845177,-0.09464055,-0.09464055,0.00599131
9672,7.415006,-0.06572538,0.1060303,-0.1844912,-0.09626091,-0.09626091,0.002996781
9673,7.415753,-0.06583133,0.1058248,-0.1845285,-0.0964165,-0.0964165,0.003106526
9674,7.416561,-0.06590594,0.1058248,-0.1845019,-0.09643946,-0.09643946,0.003211701
9675,7.417306,-0.06607588,0.1056877,-0.184491,-0.09966846,-0.09966846,0.002620863
9676,7.418094,-0.06616089,0.1056191,-0.1844855,-0.1017327,-0.1017327,0.002176388
9677,7.41887,-0.06634936,0.1055822,-0.1845116,-0.1012573,-0.1012573,0.001717165
9678,7.419631,-0.06635981,0.1053764,-0.1845481,-0.1018219,-0.1018219,0.00178111
9679,7.420382,-0.06652978,0.1053764,-0.1845212,-0.101846,-0.101846,0.00188921
9680,7.421258,-0.06671836,0.1053394,-0.1845469,-0.1057556,-0.1057556,0.0007727127
9681,7.422007,-0.06680337,0.1052708,-0.1845409,-0.1009552,-0.1009552,0.0009176098
9682,7.422748,-0.06697335,0.1051334,-0.1845289,-0.104432,-0.104432,0.000542737
9683,7.423462,-0.06698378,0.1050646,-0.1845498,-0.1044567,-0.1044567,0.0006527233
9684,7.424193,-0.06715371,0.1049272,-0.1845374,-0.1071603,-0.1071603,-0.0003085279
9685,7.424911,-0.06726792,0.1048902,-0.1845895,-0.1072917,-0.1072917,-0.000559069
9686,7.425677,-0.06742742,0.1048214,-0.1845559,-0.1080759,-0.1080759,-0.0005328197
9687,7.426398,-0.06755208,0.1047156,-0.1846285,-0.1080989,-0.1080989,-0.0003453656
9688,7.427144,-0.0677117,0.1046467,-0.1845946,-0.106332,-0.106332,-0.003819112
9689,7.427848,-0.06772209,0.1045779,-0.1846153,-0.1064628,-0.1064628,-0.003738406
9690,7.428606,-0.06783641,0.1045408,-0.184667,-0.1064884,-0.1064884,-0.003625996
9691,7.429357,-0.0680167,0.1043341,-0.184674,-0.1061289,-0.1061289,-0.004752299
9692,7.430122,-0.06809132,0.1043341,-0.1846464,-0.1115174,-0.1115174,-0.0057772
9693,7.430858,-0.06829074,0.1042281,-0.1846908,-0.1069044,-0.1069044,-0.008818557
9694,7.43158,-0.0683011,0.1041592,-0.1847113,-0.106924,-0.106924,-0.008690616
9695,7.432317,-0.06850055,0.1040531,-0.1847553,-0.1074752,-0.1074752,-0.00860908
9696,7.43302,-0.06857521,0.1040531,-0.1847276,-0.1073258,-0.1073258,-0.01013809
9697,7.433742,-0.06874519,0.1039151,-0.1847129,-0.1073787,-0.1073787,-0.009974021
9698,7.434457,-0.06884047,0.103777,-0.1847258,-0.1073848,-0.1073848,-0.009514202
9699,7.435311,-0.06895509,0.1037398,-0.1847766,-0.110492,-0.110492,-0.01081333
9700,7.436213,-0.06912506,0.1036017,-0.1847613,-0.1089821,-0.1089821,-0.01007601
9701,7.437018,-0.06916506,0.1035644,-0.1848398,-0.1090014,-0.1090014,-0.01001155
9702,7.437788,-0.06940968,0.1034261,-0.1847962,-0.1102163,-0.1102163,-0.01124
9703,7.438544,-0.06941998,0.103357,-0.1848163,-0.1102431,-0.1102431,-0.0111247
9704,7.439292,-0.06961973,0.1032505,-0.1848586,-0.111505,-0.111505,-0.01126446
9705,7.440107,-0.06981952,0.103144,-0.1849005,-0.1095984,-0.1095984,-0.01456696
9706,7.44105,-0.06981952,0.103144,-0.1849005,-0.1095984,-0.1095984,-0.01456696
9707,7.441697,-0.06999969,0.1029364,-0.184904,-0.110612,-0.110612,-0.01497346
9708,7.44242,-0.07011465,0.102899,-0.1849537,-0.1106297,-0.1106297,-0.01484268
9709,7.443157,-0.07020983,0.1027604,-0.1849652,-0.1129037,-0.1129037,-0.01506492
9710,7.443977,-0.07032474,0.1027231,-0.1850148,-0.1143175,-0.1143175,-0.01657985
9711,7.444709,-0.07048449,0.1026537,-0.1849777,-0.1143455,-0.1143455,-0.01646203
9712,7.445453,-0.07057974,0.102515,-0.1849887,-0.1137371,-0.1137371,-0.01597033
9713,7.446186,-0.070705,0.1024083,-0.1850577,-0.1142407,-0.1142407,-0.01594272
9714,7.446886,-0.07078993,0.1023389,-0.1850488,-0.1142686,-0.1142686,-0.01582509
9715,7.447629,-0.07078993,0.1023389,-0.1850488,-0.1177619,-0.1177619,-0.01674566
9716,7.448364,-0.07098998,0.102232,-0.1850889,-0.1176458,-0.1176458,-0.01679738
9717,7.449092,-0.07107501,0.1021626,-0.1850798,-0.1176742,-0.1176742,-0.01667842
9718,7.449802,-0.07117009,0.1020236,-0.1850902,-0.1142892,-0.1142892,-0.01568435
9719,7.450546,-0.07137022,0.1019166,-0.1851297,-0.1176389,-0.1176389,-0.01656175
9720,7.451367,-0.07145517,0.1018471,-0.1851202,-0.1179625,-0.1179625,-0.01638136
9721,7.452108,-0.07150574,0.10174,-0.1852171,-0.1179813,-0.1179813,-0.01631361
9722,7.452841,-0.07166554,0.1016705,-0.1851786,-0.1179554,-0.1179554,-0.01661968
9723,7.453674,-0.07183538,0.1015313,-0.1851593,-0.1165378,-0.1165378,-0.01772496
9724,7.454427,-0.07188598,0.1014241,-0.1852559,-0.1177195,-0.1177195,-0.01791565
9725,7.455236,-0.07207624,0.1013866,-0.185275,-0.1172701,-0.1172701,-0.01859839
9726,7.455966,-0.07216119,0.1013169,-0.185265,-0.1172983,-0.1172983,-0.01848113
9727,7.45669,-0.07225617,0.1011775,-0.1852742,-0.1159372,-0.1159372,-0.01906791
9728,7.457449,-0.07237164,0.1011399,-0.1853221,-0.116401,-0.116401,-0.01908669
9729,7.458241,-0.07246663,0.1010005,-0.185331,-0.1176247,-0.1176247,-0.01892686
9730,7.458938,-0.07255156,0.1009308,-0.1853207,-0.1176247,-0.1176247,-0.01886348
9731,7.459749,-0.07275199,0.1008233,-0.185358,-0.1173119,-0.1173119,-0.01935728
9732,7.460447,-0.07283687,0.1007536,-0.1853475,-0.1185728,-0.1185728,-0.01911542
9733,7.461339,-0.07296248,0.1006461,-0.1854138,-0.1168786,-0.1168786,-0.01848292
9734,7.462059,-0.07304745,0.1005763,-0.1854032,-0.1169063,-0.1169063,-0.01836693
9735,7.462827,-0.07317305,0.1004687,-0.1854692,-0.1184958,-0.1184958,-0.01978875
9736,7.463548,-0.07324795,0.1004687,-0.1854397,-0.1178744,-0.1178744,-0.01998267
9737,7.464313,-0.07342774,0.1002591,-0.1854367,-0.1183238,-0.1183238,-0.01991999
9738,7.465034,-0.07350272,0.1002591,-0.185407,-0.1183518,-0.1183518,-0.01986595
9739,7.465812,-0.07362843,0.1001514,-0.1854725,-0.1180715,-0.1180715,-0.01973837
9740,7.466575,-0.07363838,0.1000814,-0.1854911,-0.1174333,-0.1174333,-0.01904125
9741,7.467297,-0.07383896,0.09997371,-0.1855266,-0.1188094,-0.1188094,-0.01978518
9742,7.468002,-0.07392386,0.09990369,-0.1855154,-0.1188373,-0.1188373,-0.01966933
9743,7.468695,-0.07401865,0.09976369,-0.1855225,-0.1190237,-0.1190237,-0.01923905
9744,7.469398,-0.07410353,0.09969366,-0.1855111,-0.1193386,-0.1193386,-0.01983637
9745,7.470103,-0.07421937,0.09965583,-0.1855574,-0.1193554,-0.1193554,-0.01970752
9746,7.470807,-0.0743141,0.09951571,-0.1855642,-0.1182204,-0.1182204,-0.01904387
9747,7.471632,-0.07443003,0.09947783,-0.1856103,-0.1197138,-0.1197138,-0.01849357
9748,7.472461,-0.07458991,0.09940773,-0.1855685,-0.1183558,-0.1183558,-0.01826867
9749,7.473211,-0.0747157,0.09929976,-0.1856327,-0.1186953,-0.1186953,-0.01805947
9750,7.473943,-0.0748104,0.09915943,-0.185639,-0.1187498,-0.1187498,-0.01789121
9751,7.474774,-0.07489518,0.09908929,-0.1856269,-0.1188534,-0.1188534,-0.01855617
9752,7.475549,-0.07498007,0.09901908,-0.1856148,-0.117138,-0.117138,-0.01748926
9753,7.476323,-0.07510594,0.09891096,-0.1856785,-0.1184404,-0.1184404,-0.01751273
9754,7.477049,-0.07519072,0.09884074,-0.1856662,-0.1184942,-0.1184942,-0.01740554
9755,7.477831,-0.07531659,0.09873253,-0.1857297,-0.1179524,-0.1179524,-0.01765903
9756,7.47859,-0.07539165,0.09873253,-0.1856992,-0.11749,-0.11749,-0.01741742
9757,7.47928,-0.07548622,0.09859195,-0.1857047,-0.1165349,-0.1165349,-0.01737517
9758,7.479997,-0.07557104,0.09852165,-0.1856921,-0.1165613,-0.1165613,-0.01726366
9759,7.480724,-0.07569692,0.09841335,-0.1857551,-0.1180805,-0.1180805,-0.0176162
9760,7.481595,-0.07578165,0.09834301,-0.1857424,-0.1164324,-0.1164324,-0.01683399
9761,7.482315,-0.07587614,0.09820226,-0.1857474,-0.1166153,-0.1166153,-0.01824647
9762,7.483041,-0.07599243,0.09816422,-0.1857921,-0.1166312,-0.1166312,-0.01812405
9763,7.483866,-0.07616187,0.09802343,-0.1857661,-0.1165606,-0.1165606,-0.01618389
9764,7.484662,-0.07627817,0.09798538,-0.1858107,-0.1182293,-0.1182293,-0.01630763
9765,7.493149,-0.07718374,0.09709522,-0.1859493,-0.116554,-0.116554,-0.01664545
9766,7.494201,-0.07739448,0.09691569,-0.1859962,-0.1155444,-0.1155444,-0.01504211
9767,7.495114,-0.07756381,0.09677435,-0.185968,-0.1157753,-0.1157753,-0.01513688
9768,7.495873,-0.07768983,0.09666538,-0.1860284,-0.115625,-0.115625,-0.01478732
9769,7.49661,-0.07777449,0.09659468,-0.1860141,-0.117152,-0.117152,-0.01549827
9770,7.497317,-0.07786855,0.0964532,-0.1860167,-0.1159965,-0.1159965,-0.01565957
9771,7.49804,-0.07790998,0.09641491,-0.1860913,-0.1160463,-0.1160463,-0.01550181
9772,7.4989,-0.07800408,0.09627332,-0.1860937,-0.1167595,-0.1167595,-0.01534206
9773,7.499622,-0.0780887,0.09620254,-0.186079,-0.1174669,-0.1174669,-0.015708
9774,7.500358,-0.07821472,0.09609337,-0.1861387,-0.1162244,-0.1162244,-0.0157375
9775,7.501227,-0.07838386,0.09595166,-0.1861091,-0.1162618,-0.1162618,-0.0161065
9776,7.502053,-0.07839324,0.09588081,-0.1861259,-0.1162618,-0.1162618,-0.01605326
9777,7.502757,-0.07850998,0.09584244,-0.1861684,-0.1164532,-0.1164532,-0.01590849
9778,7.503632,-0.07859457,0.09577155,-0.1861534,-0.1174927,-0.1174927,-0.01578081
9779,7.50441,-0.0787636,0.09562972,-0.1861232,-0.1181521,-0.1181521,-0.01580804
9780,7.505238,-0.07888969,0.09552035,-0.186182,-0.1167994,-0.1167994,-0.01480672
9781,7.506077,-0.07889899,0.09544939,-0.1861986,-0.1168238,-0.1168238,-0.01470279
9782,7.506846,-0.07899285,0.09530742,-0.1861998,-0.1187539,-0.1187539,-0.01523839
9783,7.507627,-0.07911888,0.09519798,-0.1862583,-0.1182204,-0.1182204,-0.01543298
9784,7.508355,-0.07920334,0.09512693,-0.1862427,-0.1180172,-0.1180172,-0.0153463
9785,7.509073,-0.07922181,0.09498485,-0.1862756,-0.1180417,-0.1180417,-0.01529406
9786,7.509788,-0.07941393,0.09494633,-0.1862852,-0.119591,-0.119591,-0.01599891
9787,7.510524,-0.07942312,0.09487526,-0.1863015,-0.1200976,-0.1200976,-0.01557181
9788,7.511287,-0.07959208,0.09473306,-0.1862699,-0.1195361,-0.1195361,-0.01544441
9789,7.51205,-0.07963366,0.09469453,-0.1863435,-0.1195606,-0.1195606,-0.01539177
9790,7.512832,-0.07981171,0.0944811,-0.1863277,-0.121312,-0.121312,-0.01599176
9791,7.513593,-0.07981171,0.0944811,-0.1863277,-0.1215343,-0.1215343,-0.01537311
9792,7.514246,-0.07993776,0.09437136,-0.1863851,-0.121042,-0.121042,-0.01586862
9793,7.51497,-0.08002219,0.09430017,-0.1863688,-0.1210579,-0.1210579,-0.01575414
9794,7.515715,-0.08003129,0.09422895,-0.1863849,-0.1210824,-0.1210824,-0.01570102
9795,7.516426,-0.08012479,0.09408648,-0.1863846,-0.1213497,-0.1213497,-0.0155943
9796,7.51713,-0.0802417,0.09404787,-0.1864255,-0.1235186,-0.1235186,-0.01514485
9797,7.517834,-0.08033514,0.09390534,-0.1864249,-0.1222524,-0.1222524,-0.01542156
9798,7.518664,-0.08041951,0.09383405,-0.1864083,-0.1222769,-0.1222769,-0.01531804
9799,7.519402,-0.08054554,0.09372409,-0.1864648,-0.1218118,-0.1218118,-0.01618904
9800,7.520134,-0.0806389,0.09358142,-0.1864638,-0.123042,-0.123042,-0.01617911
9801,7.521054,-0.08073215,0.0934387,-0.1864627,-0.1243482,-0.1243482,-0.01618911
9802,7.521773,-0.08085815,0.09332861,-0.1865187,-0.1260233,-0.1260233,-0.01633122
9803,7.522525,-0.08094241,0.09325723,-0.1865017,-0.1260481,-0.1260481,-0.01622663
9804,7.523261,-0.08102676,0.0931858,-0.1864846,-0.1264055,-0.1264055,-0.0152537
9805,7.52397,-0.08107735,0.09307563,-0.186573,-0.1259726,-0.1259726,-0.015736
9806,7.524691,-0.08116165,0.09300417,-0.1865558,-0.1259972,-0.1259972,-0.01563196
9807,7.525396,-0.0812547,0.09286122,-0.186554,-0.1287005,-0.1287005,-0.01666416
9808,7.526131,-0.08126356,0.09278975,-0.1865694,-0.1281293,-0.1281293,-0.01634792
9809,7.527011,-0.08138954,0.09267944,-0.1866246,-0.1281665,-0.1281665,-0.01622692
9810,7.527749,-0.08148254,0.09253638,-0.1866224,-0.1296253,-0.1296253,-0.01620854
9811,7.528574,-0.08159969,0.09249752,-0.186662,-0.1296424,-0.1296424,-0.01609451
9812,7.529316,-0.0816927,0.09235442,-0.1866595,-0.1294877,-0.1294877,-0.01650131
9813,7.530101,-0.08170146,0.09228281,-0.1866748,-0.1319996,-0.1319996,-0.01688591
9814,7.53083,-0.08191147,0.09210072,-0.1867114,-0.1317624,-0.1317624,-0.01710794
9815,7.531563,-0.08192017,0.09202909,-0.1867266,-0.1317624,-0.1317624,-0.01710794
9816,7.532294,-0.08201303,0.09188579,-0.1867236,-0.1324812,-0.1324812,-0.01626768
9817,7.533114,-0.08209721,0.09181409,-0.1867054,-0.1344112,-0.1344112,-0.01622614
9818,7.533968,-0.08222303,0.09170347,-0.1867595,-0.1344838,-0.1344838,-0.01670027
9819,7.535201,-0.08231571,0.09156007,-0.1867561,-0.1367729,-0.1367729,-0.01728308
9820,7.536331,-0.08245015,0.09137757,-0.1868246,-0.1345507,-0.1345507,-0.01676236
9821,7.537107,-0.08254278,0.09123402,-0.1868208,-0.1347875,-0.1347875,-0.01697418
9822,7.53788,-0.08263545,0.09109045,-0.1868169,-0.1350968,-0.1350968,-0.01696687
9823,7.538626,-0.08271944,0.09101863,-0.1867983,-0.1351218,-0.1351218,-0.01686263
9824,7.539402,-0.08276967,0.09090776,-0.1868847,-0.1357841,-0.1357841,-0.01659266
9825,7.540121,-0.08286213,0.09076402,-0.1868805,-0.1366755,-0.1366755,-0.01651343
9826,7.541097,-0.08295458,0.09062026,-0.1868761,-0.137103,-0.137103,-0.0172947
9827,7.54189,-0.08308027,0.09050924,-0.1869287,-0.137661,-0.137661,-0.01708815
9828,7.542683,-0.08308868,0.09043734,-0.1869432,-0.1376859,-0.1376859,-0.01702971
9829,7.543406,-0.08318102,0.09029344,-0.1869384,-0.1408136,-0.1408136,-0.01768322
9830,7.544127,-0.08326494,0.09022149,-0.1869191,-0.1407508,-0.1407508,-0.01749834
9831,7.544866,-0.08339054,0.09011035,-0.1869713,-0.1414636,-0.1414636,-0.01711145
9832,7.545584,-0.08339888,0.09003834,-0.1869855,-0.1414888,-0.1414888,-0.01705162
9833,7.546316,-0.08356665,0.08989434,-0.1869466,-0.140666,-0.140666,-0.01715694
9834,7.547052,-0.08357496,0.08982227,-0.1869607,-0.1402549,-0.1402549,-0.01731801
9835,7.547769,-0.08370882,0.08963898,-0.1870265,-0.1435515,-0.1435515,-0.01746028
9836,7.548499,-0.08379264,0.08956689,-0.1870067,-0.1435767,-0.1435767,-0.01735474
9837,7.549215,-0.08380089,0.08949481,-0.1870208,-0.1433445,-0.1433445,-0.0166489
9838,7.549964,-0.08390107,0.0892785,-0.1870289,-0.1436186,-0.1436186,-0.01620739
9839,7.550669,-0.08394277,0.08923919,-0.1871,-0.1436374,-0.1436374,-0.01613956
9840,7.551388,-0.08411027,0.08909491,-0.1870599,-0.1444751,-0.1444751,-0.01599463
9841,7.552116,-0.08411845,0.08902274,-0.1870738,-0.1448618,-0.1448618,-0.01590473
9842,7.552877,-0.08421843,0.08880617,-0.1870812,-0.1450579,-0.1450579,-0.01617527
9843,7.553616,-0.08430215,0.08873396,-0.1870609,-0.1450828,-0.1450828,-0.01611447
9844,7.554374,-0.08439379,0.08858952,-0.1870542,-0.1480944,-0.1480944,-0.01728118
9845,7.555097,-0.08440187,0.08851727,-0.1870679,-0.1462765,-0.1462765,-0.01670168
9846,7.555803,-0.08452725,0.08840561,-0.1871181,-0.1472006,-0.1472006,-0.01468647
9847,7.556514,-0.08453527,0.08833331,-0.1871317,-0.1472252,-0.1472252,-0.01462519
9848,7.557286,-0.08462682,0.08818874,-0.1871246,-0.1488739,-0.1488739,-0.01455486
9849,7.558041,-0.08471049,0.08811639,-0.1871039,-0.1488709,-0.1488709,-0.01453206
9850,7.558758,-0.08480994,0.08789943,-0.18711,-0.1497943,-0.1497943,-0.01419444
9851,7.559613,-0.08481786,0.08782706,-0.1871234,-0.149819,-0.149819,-0.01413222
9852,7.560346,-0.08490922,0.08768234,-0.1871157,-0.149976,-0.149976,-0.01326827
9853,7.561211,-0.08499267,0.08760995,-0.1870947,-0.1491396,-0.1491396,-0.01360078
9854,7.56193,-0.08508401,0.08746515,-0.1870869,-0.1506872,-0.1506872,-0.01334594
9855,7.56268,-0.08509184,0.08739272,-0.1871001,-0.1507118,-0.1507118,-0.01324097
9856,7.56341,-0.08519092,0.08717541,-0.1871051,-0.149804,-0.149804,-0.01311865
9857,7.56416,-0.08527429,0.08710296,-0.1870838,-0.1604706,-0.1604706,0.004791203
9858,7.564906,-0.08528981,0.08695801,-0.1871099,-0.1606246,-0.1606246,0.005178348
9859,7.56562,-0.0853731,0.08688551,-0.1870885,-0.1606479,-0.1606479,0.005279019
9860,7.566335,-0.08546413,0.08674052,-0.1870799,-0.160693,-0.160693,0.004945276
9861,7.567038,-0.08547185,0.08666797,-0.1870928,-0.1609436,-0.1609436,0.00545487
9862,7.567762,-0.0855628,0.08652292,-0.187084,-0.1609899,-0.1609899,0.005261896
9863,7.568552,-0.08565375,0.0863778,-0.187075,-0.161013,-0.161013,0.005325548
9864,7.569271,-0.08573693,0.08630519,-0.1870532,-0.1614104,-0.1614104,0.005561895
9865,7.569985,-0.08575214,0.08616004,-0.1870787,-0.1615463,-0.1615463,0.005115717
9866,7.570827,-0.08583529,0.08608744,-0.1870568,-0.1615958,-0.1615958,0.005204359
9867,7.571651,-0.08585042,0.08594216,-0.1870821,-0.1616188,-0.1616188,0.005268142
9868,7.5745,-0.08612225,0.08550622,-0.187053,-0.1592867,-0.1592867,0.0064558
9869,7.575376,-0.08621273,0.08536082,-0.1870431,-0.1576259,-0.1576259,0.006876958
9870,7.576099,-0.08629569,0.08528812,-0.1870206,-0.1579218,-0.1579218,0.006409936
9871,7.57689,-0.08638611,0.08514263,-0.1870104,-0.1537381,-0.1537381,0.007870525
9872,7.577689,-0.08646167,0.08514263,-0.1869755,-0.1537381,-0.1537381,0.007870525
9873,7.578465,-0.08648381,0.08492436,-0.1870122,-0.1561788,-0.1561788,0.007591269
9874,7.579216,-0.08656672,0.08485158,-0.1869895,-0.1538519,-0.1538519,0.008003413
9875,7.579928,-0.08665694,0.08470599,-0.1869788,-0.1494735,-0.1494735,0.008619132
9876,7.580651,-0.08673976,0.08463319,-0.1869559,-0.1498429,-0.1498429,0.008730398
9877,7.581488,-0.08674705,0.08456037,-0.186968,-0.1498634,-0.1498634,0.008825047
9878,7.582231,-0.08683711,0.0844147,-0.186957,-0.1479331,-0.1479331,0.009198163
9879,7.582935,-0.08684437,0.08434186,-0.1869691,-0.1491528,-0.1491528,0.00921566
9880,7.583643,-0.08692715,0.084269,-0.1869459,-0.1491731,-0.1491731,0.009309993
9881,7.584383,-0.08701716,0.08412322,-0.1869346,-0.146704,-0.146704,0.009324404
9882,7.585095,-0.08709985,0.08405036,-0.1869113,-0.1455358,-0.1455358,0.009477364
9883,7.585804,-0.08718969,0.08390453,-0.1868998,-0.1456574,-0.1456574,0.009873454
9884,7.586514,-0.08719684,0.08383164,-0.1869116,-0.1456574,-0.1456574,0.009908246
9885,7.587283,-0.08727955,0.0837587,-0.1868881,-0.1442083,-0.1442083,0.01053604
9886,7.58796,-0.08736927,0.08361283,-0.1868763,-0.1424589,-0.1424589,0.01083328
9887,7.588694,-0.08736927,0.08361283,-0.1868763,-0.142478,-0.142478,0.01092445
9888,7.589362,-0.08742423,0.08351374,-0.1868071,-0.142702,-0.142702,0.0110231
9889,7.590209,-0.08743837,0.08336779,-0.1868304,-0.1427211,-0.1427211,0.01107958
9890,7.590998,-0.08752093,0.08329482,-0.1868066,-0.1394864,-0.1394864,0.01114962
9891,7.591733,-0.08752794,0.08322182,-0.1868182,-0.1392596,-0.1392596,0.01114674
9892,7.592452,-0.08768587,0.08314882,-0.186759,-0.1334981,-0.1334981,0.01218181
9893,7.59316,-0.08769286,0.08307582,-0.1867704,-0.1335158,-0.1335158,0.01223473
9894,7.593858,-0.08774827,0.08289778,-0.1867021,-0.1329848,-0.1329848,0.0128181
9895,7.594633,-0.08783068,0.08282477,-0.186678,-0.1345685,-0.1345685,0.01446472
9896,7.595387,-0.08784456,0.08267865,-0.1867008,-0.1298588,-0.1298588,0.01556658
9897,7.596148,-0.08792,0.08267865,-0.1866652,-0.1298588,-0.1298588,0.01556658
9898,7.596873,-0.08796757,0.08257309,-0.1865842,-0.1324429,-0.1324429,0.0145675
9899,7.597589,-0.08798134,0.08242693,-0.1866068,-0.1270227,-0.1270227,0.01750886
9900,7.598404,-0.08806364,0.08235383,-0.1865824,-0.1297104,-0.1297104,0.01663527
9901,7.599117,-0.08806364,0.08235383,-0.1865824,-0.1297104,-0.1297104,0.01663527
9902,7.599794,-0.08811788,0.08217508,-0.1865123,-0.1249382,-0.1249382,0.01794756
9903,7.60056,-0.08820006,0.08210199,-0.1864878,-0.1282049,-0.1282049,0.01853465
9904,7.601472,-0.08828224,0.08202887,-0.1864633,-0.1326334,-0.1326334,0.03214081
9905,7.602286,-0.08833618,0.0818501,-0.1863928,-0.1283429,-0.1283429,0.0329822
9906,7.603144,-0.08834295,0.08177695,-0.1864038,-0.1283429,-0.1283429,0.0329822
9907,7.60399,-0.08842503,0.08170377,-0.1863791,-0.1286875,-0.1286875,0.03397128
9908,7.604766,-0.08850708,0.08163062,-0.1863543,-0.1263922,-0.1263922,0.0343057
9909,7.605478,-0.08847877,0.081525,-0.1863083,-0.1263924,-0.1263924,0.03422114
9910,7.606235,-0.08855405,0.081525,-0.1862725,-0.1263924,-0.1263924,0.03424994
9911,7.606999,-0.08864275,0.08137859,-0.1862585,-0.1247709,-0.1247709,0.03388729
9912,7.6078,-0.08872464,0.08130538,-0.1862335,-0.1219237,-0.1219237,0.03470989
9913,7.608528,-0.08877143,0.08119981,-0.1861516,-0.1220795,-0.1220795,0.03493479
9914,7.609258,-0.08885331,0.08112657,-0.1861264,-0.1224035,-0.1224035,0.03544087
9915,7.609965,-0.08885995,0.08105334,-0.1861372,-0.1224168,-0.1224168,0.03551525
9916,7.610805,-0.08890659,0.08094773,-0.1860551,-0.118654,-0.118654,0.03599524
9917,7.611536,-0.08898839,0.0808745,-0.1860298,-0.1120897,-0.1120897,0.03751793
9918,7.612319,-0.08903485,0.08076893,-0.1859476,-0.1163743,-0.1163743,0.03850426
9919,7.613176,-0.08903485,0.08076893,-0.1859476,-0.1163743,-0.1163743,0.03853168
9920,7.613853,-0.0891231,0.08062239,-0.1859328,-0.1127572,-0.1127572,0.03916311
9921,7.614693,-0.08916291,0.08059014,-0.18584,-0.1125331,-0.1125331,0.03900655
9922,7.615418,-0.0892446,0.08051682,-0.1858144,-0.1117637,-0.1117637,0.04046145
9923,7.616189,-0.08925115,0.08044355,-0.185825,-0.1117752,-0.1117752,0.04050325
9924,7.616975,-0.08929734,0.08033804,-0.1857425,-0.1092787,-0.1092787,0.04102407
9925,7.617727,-0.08929734,0.08033804,-0.1857425,-0.1120172,-0.1120172,0.04043105
9926,7.61839,-0.08934994,0.0801592,-0.1856705,-0.1063522,-0.1063522,0.04127153
9927,7.619097,-0.08942498,0.0801592,-0.1856343,-0.1063629,-0.1063629,0.04133809
9928,7.619856,-0.08950646,0.08008587,-0.1856086,-0.106333,-0.106333,0.04253747
9929,7.620627,-0.08955891,0.07990705,-0.1855362,-0.106392,-0.106392,0.04265502
9930,7.621454,-0.08963388,0.07990705,-0.1855,-0.1038464,-0.1038464,0.04414687
9931,7.62218,-0.08964033,0.07983371,-0.1855103,-0.1038566,-0.1038566,0.04418545
9932,7.623004,-0.08968612,0.07972825,-0.1854275,-0.1036402,-0.1036402,0.0444304
9933,7.623709,-0.089761,0.07972825,-0.1853912,-0.103713,-0.103713,0.046674
9934,7.624453,-0.08980674,0.07962278,-0.1853084,-0.1030539,-0.1030539,0.04648479
9935,7.625173,-0.08981312,0.07954942,-0.1853186,-0.1030637,-0.1030637,0.04652281
9936,7.625897,-0.08985873,0.07944402,-0.1852356,-0.1032704,-0.1032704,0.04712503
9937,7.626702,-0.08993358,0.07944402,-0.1851993,-0.1045165,-0.1045165,0.04903599
9938,7.627409,-0.08997904,0.07933863,-0.1851163,-0.1011735,-0.1011735,0.05024808
9939,7.628127,-0.08998538,0.07926522,-0.1851263,-0.1011827,-0.1011827,0.0502851
9940,7.628839,-0.09013498,0.07926522,-0.1850536,-0.0991049,-0.0991049,0.05091392
9941,7.629572,-0.09010556,0.07915986,-0.1850068,-0.09911384,-0.09911384,0.05139143
9942,7.630271,-0.09018664,0.07908645,-0.1849804,-0.09804771,-0.09804771,0.0516413
9943,7.630971,-0.09026769,0.07901305,-0.184954,-0.09805646,-0.09805646,0.05170355
9944,7.631723,-0.09023188,0.07898112,-0.1848972,-0.09721234,-0.09721234,0.05295793
9945,7.63254,-0.09031285,0.07890768,-0.1848707,-0.09471691,-0.09471691,0.05332222
9946,7.633262,-0.09043257,0.07880238,-0.1847508,-0.09367754,-0.09367754,0.05428122
9947,7.634007,-0.09039666,0.0787705,-0.184694,-0.09365892,-0.09365892,0.05430195
9948,7.634795,-0.09047761,0.07869704,-0.1846674,-0.09459215,-0.09459215,0.05688548
9949,7.638198,-0.09065427,0.07833964,-0.1844833,-0.09412663,-0.09412663,0.05808922
9950,7.639003,-0.09072876,0.07833964,-0.1844467,-0.09468408,-0.09468408,0.05834888
9951,7.639835,-0.09084795,0.07823441,-0.1843263,-0.09515774,-0.09515774,0.05940934
9952,7.640604,-0.09092858,0.07816096,-0.1842993,-0.09293747,-0.09293747,0.05959896
9953,7.641491,-0.09097303,0.07805574,-0.1842155,-0.09299635,-0.09299635,0.05969224
9954,7.642262,-0.09094299,0.07795057,-0.1841684,-0.09387343,-0.09387343,0.06156737
9955,7.643024,-0.09101742,0.07795057,-0.1841316,-0.09387343,-0.09387343,0.06159391
9956,7.643748,-0.09102354,0.07787707,-0.1841412,-0.09386662,-0.09386662,0.06089776
9957,7.644507,-0.09114224,0.07777189,-0.1840205,-0.09284617,-0.09284617,0.06139921
9958,7.645248,-0.09114224,0.07777189,-0.1840205,-0.09285344,-0.09285344,0.0614324
9959,7.646077,-0.09122264,0.07769842,-0.1839932,-0.09209297,-0.09209297,0.06217063
9960,7.646921,-0.09126677,0.0775933,-0.1839091,-0.09204364,-0.09204364,0.06247396
9961,7.647724,-0.09134716,0.07751979,-0.1838817,-0.09182885,-0.09182885,0.06191269
9962,7.64844,-0.0913912,0.07741466,-0.1837975,-0.09143113,-0.09143113,0.06357262
9963,7.649156,-0.09146541,0.07741466,-0.1837606,-0.09143802,-0.09143802,0.06363154
9964,7.650033,-0.09150928,0.07730959,-0.1836764,-0.09205738,-0.09205738,0.0639528
9965,7.650784,-0.09158951,0.07723606,-0.1836487,-0.09062324,-0.09062324,0.0638287
9966,7.651516,-0.09166372,0.07723606,-0.1836117,-0.08970846,-0.08970846,0.06417578
9967,7.652225,-0.09163327,0.07713098,-0.1835644,-0.08971515,-0.08971515,0.06423454
9968,7.65477,-0.09178759,0.07705745,-0.1834995,-0.08923768,-0.08923768,0.06378419
9969,7.655541,-0.09187464,0.0768474,-0.1833306,-0.08872187,-0.08872187,0.06470937
9970,7.656251,-0.09195469,0.07677381,-0.1833027,-0.08872187,-0.08872187,0.06473608
9971,7.656949,-0.09203469,0.07670026,-0.1832747,-0.08840176,-0.08840176,0.06542087
9972,7.657754,-0.09210874,0.07670026,-0.1832375,-0.08780234,-0.08780234,0.0652863
9973,7.658663,-0.09215199,0.07659526,-0.1831528,-0.08740849,-0.08740849,0.06423233
9974,7.659439,-0.09223191,0.07652165,-0.1831247,-0.0874311,-0.0874311,0.06386311
9975,7.66015,-0.09227502,0.0764167,-0.1830399,-0.08724497,-0.08724497,0.06374091
9976,7.66106,-0.09234902,0.0764167,-0.1830026,-0.08724497,-0.08724497,0.06374091
9977,7.661976,-0.09235491,0.07634309,-0.1830116,-0.08727274,-0.08727274,0.06431387
9978,7.662733,-0.09250861,0.07626948,-0.182946,-0.08742201,-0.08742201,0.06411491
9979,7.663514,-0.09247764,0.07616454,-0.1828984,-0.08616582,-0.08616582,0.06267333
9980,7.664272,-0.09255154,0.07616454,-0.182861,-0.08617234,-0.08617234,0.06273296
9981,7.664971,-0.09263706,0.07601723,-0.1828415,-0.08678471,-0.08678471,0.06207372
9982,7.66566,-0.09267407,0.07598597,-0.1827475,-0.0874378,-0.0874378,0.06266773
9983,7.666359,-0.09275373,0.07591231,-0.1827189,-0.08672031,-0.08672031,0.06197934
9984,7.667079,-0.09282751,0.07591231,-0.1826814,-0.08672031,-0.08672031,0.06197934
9985,7.667841,-0.09291287,0.075765,-0.1826616,-0.08690286,-0.08690286,0.06244289
9986,7.668567,-0.09291287,0.075765,-0.1826616,-0.08686595,-0.08686595,0.06277464
9987,7.669209,-0.09299244,0.07569132,-0.1826328,-0.08687248,-0.08687248,0.06283455
9988,7.66994,-0.09303498,0.07558641,-0.1825475,-0.08704256,-0.08704256,0.06264217
9989,7.670671,-0.0931087,0.07558641,-0.1825099,-0.08487949,-0.08487949,0.05987497
9990,7.671405,-0.09318814,0.07551274,-0.182481,-0.08645179,-0.08645179,0.05924628
9991,7.672245,-0.0932676,0.07543904,-0.182452,-0.08645865,-0.08645865,0.05930781
9992,7.673046,-0.09334134,0.07543904,-0.1824143,-0.08534837,-0.08534837,0.05957947
9993,7.673831,-0.0934265,0.07529163,-0.1823939,-0.08425574,-0.08425574,0.05973933
9994,7.674598,-0.09350015,0.07529163,-0.1823561,-0.08425574,-0.08425574,0.05976972
9995,7.675479,-0.09354226,0.07518669,-0.1822706,-0.08489116,-0.08489116,0.06031598
9996,7.676256,-0.09362158,0.07511298,-0.1822414,-0.08276041,-0.08276041,0.05486681
9997,7.67711,-0.09370086,0.07503927,-0.182212,-0.0840199,-0.0840199,0.05467423
9998,7.67785,-0.09378012,0.07496552,-0.1821827,-0.08381483,-0.08381483,0.05552883
9999,7.678591,-0.09385374,0.07496552,-0.1821447,-0.08381483,-0.08381483,0.0555613
10000,7.679307,-0.09389558,0.07486062,-0.182059,-0.08359734,-0.08359734,0.05568058
10001,7.680033,-0.09397475,0.07478689,-0.1820295,-0.08258588,-0.08258588,0.05552534
10002,7.68088,-0.09405389,0.07471311,-0.1819999,-0.08364805,-0.08364805,0.05401303
10003,7.681601,-0.09413301,0.07463935,-0.1819703,-0.08364805,-0.08364805,0.05401303
10004,7.682291,-0.09420654,0.07463935,-0.1819322,-0.08414784,-0.08414784,0.05395452
10005,7.683024,-0.09428559,0.07456557,-0.1819025,-0.08458465,-0.08458465,0.05388335
10006,7.683826,-0.09436464,0.07449177,-0.1818727,-0.08416775,-0.08416775,0.05445699
10007,7.684577,-0.09437016,0.07441797,-0.181881,-0.084175,-0.084175,0.05448868
10008,7.685352,-0.09452266,0.07434417,-0.181813,-0.0843911,-0.0843911,0.05471741
10009,7.686088,-0.09459613,0.07434417,-0.1817748,-0.08503873,-0.08503873,0.05438059
10010,7.686784,-0.09467505,0.07427037,-0.1817448,-0.0853753,-0.0853753,0.05565421
10011,7.687498,-0.094754,0.07419653,-0.1817147,-0.08538263,-0.08538263,0.0556864
10012,7.688226,-0.094754,0.07419653,-0.1817147,-0.07574603,-0.07574603,0.03854851
10013,7.688886,-0.09483285,0.07412273,-0.1816846,-0.07514218,-0.07514218,0.0382821
10014,7.689602,-0.09490631,0.07412273,-0.1816463,-0.07514218,-0.07514218,0.0382821
10015,7.690344,-0.09498519,0.07404886,-0.1816161,-0.07549831,-0.07549831,0.03836298
10016,7.691053,-0.09506398,0.07397502,-0.1815858,-0.07491582,-0.07491582,0.03927511
10017,7.691889,-0.09514276,0.07390118,-0.1815555,-0.07534596,-0.07534596,0.03973733
10018,7.692706,-0.09522152,0.07382733,-0.1815251,-0.07534596,-0.07534596,0.03973733
10019,7.693568,-0.09529492,0.07382733,-0.1814865,-0.07571605,-0.07571605,0.03966279
10020,7.694323,-0.09537902,0.07367955,-0.1814641,-0.07558682,-0.07558682,0.04030961
10021,7.695161,-0.0954523,0.07367955,-0.1814256,-0.07640764,-0.07640764,0.03942498
10022,7.695887,-0.09553099,0.07360569,-0.1813949,-0.0755948,-0.0755948,0.04098298
10023,7.696582,-0.09560429,0.07360569,-0.1813563,-0.0755948,-0.0755948,0.04098298
10024,7.697281,-0.09568299,0.07353182,-0.1813256,-0.07500762,-0.07500762,0.04006652
10025,7.697986,-0.09576157,0.07345793,-0.1812949,-0.07501551,-0.07501551,0.04116387
10026,7.69872,-0.09579679,0.07342687,-0.1812,-0.07501261,-0.07501261,0.04114867
10027,7.699482,-0.09587537,0.07335295,-0.1811692,-0.07737411,-0.07737411,0.0457652
10028,7.700204,-0.09595388,0.07327903,-0.1811383,-0.07738169,-0.07738169,0.04630673
10029,7.70108,-0.09602708,0.07327903,-0.1810995,-0.07545662,-0.07545662,0.0464018
10030,7.701784,-0.09610557,0.07320513,-0.1810685,-0.07588319,-0.07588319,0.04633579
10031,7.702511,-0.09618399,0.07313119,-0.1810375,-0.07588319,-0.07588319,0.04633579
10032,7.70321,-0.09618399,0.07313119,-0.1810375,-0.07459725,-0.07459725,0.04658733
10033,7.703835,-0.09633556,0.07305728,-0.1809674,-0.07501377,-0.07501377,0.04660362
10034,7.704596,-0.09633556,0.07305728,-0.1809674,-0.07501377,-0.07501377,0.04660362
10035,7.705335,-0.09648707,0.07298332,-0.1808972,-0.07580143,-0.07580143,0.04690183
10036,7.706066,-0.09656539,0.07290935,-0.1808659,-0.07514969,-0.07514969,0.04691667
10037,7.7069,-0.09657062,0.07283542,-0.1808736,-0.07260063,-0.07260063,0.04283712
10038,7.70772,-0.09664366,0.07283542,-0.1808346,-0.07260811,-0.07260811,0.04290675
10039,7.708477,-0.09671673,0.07283542,-0.1807955,-0.07063417,-0.07063417,0.04283068
10040,7.709383,-0.0968681,0.07276146,-0.1807249,-0.06744467,-0.06744467,0.04299
10041,7.710227,-0.0968681,0.07276146,-0.1807249,-0.06744467,-0.06744467,0.04312226
10042,7.710878,-0.09701932,0.07268748,-0.1806542,-0.06537105,-0.06537105,0.04290307
10043,7.711676,-0.09701932,0.07268748,-0.1806542,-0.06537105,-0.06537105,0.04290307
10044,7.712331,-0.09717049,0.07261348,-0.1805833,-0.06537775,-0.06537775,0.04331803
10045,7.713103,-0.09717568,0.07253949,-0.1805908,-0.06023209,-0.06023209,0.04407379
10046,7.713935,-0.09732157,0.07253949,-0.1805122,-0.06226485,-0.06226485,0.04441111
10047,7.714729,-0.09732157,0.07253949,-0.1805122,-0.06226485,-0.06226485,0.04441111
10048,7.715414,-0.09747259,0.07246552,-0.1804411,-0.06226485,-0.06226485,0.04451463
10049,7.716146,-0.09747259,0.07246552,-0.1804411,-0.0553829,-0.0553829,0.04578228
10050,7.716786,-0.09762355,0.07239152,-0.1803697,-0.05405935,-0.05405935,0.04593614
10051,7.717576,-0.09769639,0.07239152,-0.1803302,-0.05406485,-0.05406485,0.04599864
10052,7.718274,-0.09769639,0.07239152,-0.1803302,-0.05465497,-0.05465497,0.04535546
10053,7.719026,-0.09784211,0.07239152,-0.1802512,-0.05387046,-0.05387046,0.04558739
10054,7.7198,-0.09792015,0.0723175,-0.1802191,-0.04825472,-0.04825472,0.04745086
10055,7.720502,-0.09799293,0.0723175,-0.1801795,-0.04825472,-0.04825472,0.04749108
10056,7.72141,-0.09807085,0.07224349,-0.1801473,-0.04867164,-0.04867164,0.04780598
10057,7.722203,-0.09814363,0.07224349,-0.1801077,-0.04867164,-0.04867164,0.04779376
10058,7.723041,-0.09829432,0.07216944,-0.1800357,-0.04867164,-0.04867164,0.04782316
10059,7.723778,-0.09836707,0.07216944,-0.1799959,-0.04560774,-0.04560774,0.04900567
10060,7.724504,-0.09843975,0.07216944,-0.1799562,-0.04560774,-0.04560774,0.04904651
10061,7.725229,-0.09851248,0.07216944,-0.1799164,-0.04560774,-0.04560774,0.04988461
10062,7.725998,-0.09858517,0.07216944,-0.1798766,-0.04560774,-0.04560774,0.0509986
10063,7.72677,-0.09865785,0.07216944,-0.1798367,-0.04560774,-0.04560774,0.05104082
10064,7.727505,-0.09873567,0.07209542,-0.1798042,-0.04561233,-0.04561233,0.05119526
10065,7.728153,-0.09880827,0.07209542,-0.1797643,-0.03823836,-0.03823836,0.05183639
10066,7.728924,-0.09895349,0.07209542,-0.1796844,-0.03719489,-0.03719489,0.05110073
10067,7.729692,-0.09895862,0.07202139,-0.1796917,-0.03719863,-0.03719863,0.05111716
10068,7.730463,-0.09910386,0.07202139,-0.1796116,-0.03575962,-0.03575962,0.0522337
10069,7.731181,-0.09910386,0.07202139,-0.1796116,-0.03465031,-0.03465031,0.05392896
10070,7.731822,-0.09925406,0.07194732,-0.1795387,-0.03465379,-0.03465379,0.05434172
10071,7.732576,-0.09932657,0.07194732,-0.1794986,-0.03465379,-0.03465379,0.05438486
10072,7.733369,-0.09947166,0.07194732,-0.1794183,-0.03410617,-0.03410617,0.05475366
10073,7.734092,-0.09947166,0.07194732,-0.1794183,-0.03130141,-0.03130141,0.05570302
10074,7.734717,-0.09954412,0.07194732,-0.1793781,-0.03130141,-0.03130141,0.0557467
10075,7.735445,-0.09968902,0.07194732,-0.1792976,-0.03130141,-0.03130141,0.05534808
10076,7.738167,-0.1000511,0.07194732,-0.1790958,-0.03130141,-0.03130141,0.05677662
10077,7.738931,-0.1000511,0.07194732,-0.1790958,-0.03130141,-0.03130141,0.05779517
10078,7.739571,-0.1001234,0.07194732,-0.1790553,-0.03130141,-0.03130141,0.05784006
10079,7.740276,-0.1002732,0.07187328,-0.1789816,-0.01972269,-0.01972269,0.05882608
10080,7.741153,-0.1004179,0.07187328,-0.1789005,-0.01798851,-0.01798851,0.06011194
10081,7.741878,-0.1004179,0.07187328,-0.1789005,-0.01798851,-0.01798851,0.06108526
10082,7.74251,-0.1004902,0.07187328,-0.1788599,-0.01798851,-0.01798851,0.061131
10083,7.743242,-0.1006346,0.07187328,-0.1787787,-0.01798851,-0.01798851,0.06150079
10084,7.743956,-0.1007069,0.07187328,-0.178738,-0.01798851,-0.01798851,0.06169782
10085,7.744816,-0.100779,0.07187328,-0.1786973,-0.01798851,-0.01798851,0.0618664
10086,7.745531,-0.1008513,0.07187328,-0.1786565,-0.01798851,-0.01798851,0.06191251
10087,7.746308,-0.1009956,0.07187328,-0.178575,-0.01798851,-0.01798851,0.06245133
10088,7.747062,-0.1010677,0.07187328,-0.1785342,-0.01798851,-0.01798851,0.06241492
10089,7.747927,-0.1011399,0.07187328,-0.1784933,0,0,0.06504821
10090,7.748667,-0.1012841,0.07187328,-0.1784115,0,0,0.06617469
10091,7.749372,-0.1013562,0.07187328,-0.1783706,0,0,0.06622177
10092,7.750124,-0.1015003,0.07187328,-0.1782886,0,0,0.06618299
10093,7.750853,-0.1015724,0.07187328,-0.1782476,0,0,0.06627703
10094,7.751679,-0.1016444,0.07187328,-0.1782065,0,0,0.06695545
10095,7.752436,-0.1017883,0.07187328,-0.1781244,0,0,0.06700287
10096,7.753181,-0.1018603,0.07187328,-0.1780832,0,0,0.06752621
10097,7.754017,-0.1019323,0.07187328,-0.178042,0,0,0.0675272
10098,7.75479,-0.1020761,0.07187328,-0.1779596,0,0,0.06860987
10099,7.755576,-0.102148,0.07187328,-0.1779183,0,0,0.0686582
10100,7.756314,-0.1022199,0.07187328,-0.177877,0,0,0.06907912
10101,7.757133,-0.1023636,0.07187328,-0.1777944,0,0,0.06864961
10102,7.757897,-0.1024354,0.07187328,-0.177753,0,0,0.06869776
10103,7.758639,-0.102579,0.07187328,-0.1776702,0,0,0.06904565
10104,7.759353,-0.1026508,0.07187328,-0.1776287,0,0,0.06914236
10105,7.760072,-0.1027226,0.07187328,-0.1775872,0,0,0.07014577
10106,7.761003,-0.1027943,0.07187328,-0.1775457,0,0,0.07029133
10107,7.761719,-0.1029378,0.07187328,-0.1774626,0,0,0.07038941
10108,7.762424,-0.1030095,0.07187328,-0.1774209,0,0,0.07075228
10109,7.763157,-0.1031528,0.07187328,-0.1773376,0,0,0.07121264
10110,7.763923,-0.1031528,0.07187328,-0.1773376,0,0,0.07126212
10111,7.764537,-0.1032961,0.07187328,-0.1772542,0,0,0.0712072
10112,7.765241,-0.1033677,0.07187328,-0.1772125,0,0,0.07125659
10113,7.765972,-0.1034393,0.07187328,-0.1771707,0,0,0.07130593
10114,7.766668,-0.1035824,0.07187328,-0.1770871,0,0,0.07197919
10115,7.767482,-0.103654,0.07187328,-0.1770452,0,0,0.07312375
10116,7.768199,-0.103797,0.07187328,-0.1769613,0,0,0.07250213
10117,7.768919,-0.1038685,0.07187328,-0.1769194,0,0,0.07255208
10118,7.769603,-0.10394,0.07187328,-0.1768774,0,0,0.07316077
10119,7.770324,-0.1040115,0.07187328,-0.1768354,0,0,0.07299679
10120,7.771039,-0.1040829,0.07187328,-0.1767934,0,0,0.07304695
10121,7.771761,-0.1042257,0.07187328,-0.1767092,0,0,0.07371861
10122,7.772574,-0.1042971,0.07187328,-0.1766671,0,0,0.07355906
10123,7.773382,-0.1044399,0.07187328,-0.1765827,0,0,0.07401208
10124,7.774169,-0.1045825,0.07187328,-0.1764982,0,0,0.07427579
10125,7.774909,-0.1045783,0.07193252,-0.1764926,0,0,0.07432646
10126,7.775631,-0.1047209,0.07193252,-0.176408,0,0,0.07474986
10127,7.776346,-0.1048634,0.07193252,-0.1763233,0,0,0.07496175
10128,7.77705,-0.1048634,0.07193252,-0.1763233,0,0,0.07501273
10129,7.777718,-0.105077,0.07193252,-0.1761961,0,0,0.07549894
10130,7.778457,-0.1050718,0.07200509,-0.1761892,0.001924409,0.001924409,0.07671329
10131,7.77917,-0.1052142,0.07200509,-0.1761041,0.001924409,0.001924409,0.07593665
10132,7.779943,-0.1052853,0.07200509,-0.1760616,0.001924409,0.001924409,0.0759878
10133,7.780746,-0.1054222,0.07207897,-0.1759694,0.001924216,0.001924216,0.07652413
10134,7.781673,-0.105559,0.07215299,-0.175877,0.003651422,0.003651422,0.0776757
10135,7.782393,-0.10563,0.07215299,-0.1758344,0.0052442,0.0052442,0.07727529
10136,7.783243,-0.1057721,0.07215299,-0.175749,0.0052442,0.0052442,0.07774131
10137,7.783985,-0.1058377,0.07222704,-0.175699,0.00524367,0.00524367,0.07779093
10138,7.784828,-0.1059741,0.07230103,-0.1756063,0.006702718,0.006702718,0.07831851
10139,7.788303,-0.106394,0.07237506,-0.1753417,0.03573547,0.03573547,0.08363344
10140,7.789066,-0.1064594,0.07244909,-0.1752915,0.03573183,0.03573183,0.08369423
10141,7.789787,-0.106601,0.07244909,-0.1752054,0.03714091,0.03714091,0.08357905
10142,7.790488,-0.1066662,0.07252304,-0.1751551,0.03713712,0.03713712,0.08315147
10143,7.791214,-0.1068077,0.07252304,-0.1750688,0.03853555,0.03853555,0.08358772
10144,7.791932,-0.1068729,0.07259706,-0.1750184,0.03853161,0.03853161,0.08364888
10145,7.792629,-0.1070086,0.07267101,-0.1749247,0.03978973,0.03978973,0.08421482
10146,7.793328,-0.1070086,0.07267101,-0.1749247,0.04110571,0.04110571,0.08378036
10147,7.793959,-0.1070793,0.07267101,-0.1748814,0.04110571,0.04110571,0.08383176
10148,7.794647,-0.107215,0.07274502,-0.1747876,0.04110149,0.04110149,0.0838687
10149,7.795348,-0.1072856,0.07274502,-0.1747442,0.04078566,0.04078566,0.08443528
10150,7.796081,-0.1073562,0.07274502,-0.1747009,0.04078566,0.04078566,0.08443528
10151,7.796807,-0.1074916,0.07281896,-0.1746068,0.04078146,0.04078146,0.08407783
10152,7.797515,-0.1075565,0.07289292,-0.174556,0.04134458,0.04134458,0.08465658
10153,7.798276,-0.1076213,0.0729669,-0.1745052,0.04294278,0.04294278,0.08460756
10154,7.799121,-0.1077623,0.0729669,-0.1744182,0.04731124,0.04731124,0.08523774
10155,7.799876,-0.107827,0.07304081,-0.1743672,0.04730635,0.04730635,0.08530125
10156,7.800707,-0.1079621,0.07311478,-0.1742726,0.04797005,0.04797005,0.08540779
10157,7.801643,-0.1080267,0.07318871,-0.1742216,0.04898113,0.04898113,0.08551935
10158,7.802361,-0.1080971,0.07318871,-0.174178,0.05081183,0.05081183,0.085729
10159,7.803055,-0.1081675,0.07318871,-0.1741343,0.05081183,0.05081183,0.08577988
10160,7.803769,-0.1083023,0.0732626,-0.1740393,0.05160882,0.05160882,0.08567293
10161,7.804521,-0.1083668,0.07333651,-0.1739881,0.05323897,0.05323897,0.08560722
10162,7.805264,-0.1085074,0.07333651,-0.1739005,0.05323897,0.05323897,0.08547608
10163,7.806015,-0.1085015,0.07341042,-0.173893,0.0532334,0.0532334,0.0855406
10164,7.80676,-0.1086361,0.07348435,-0.1737978,0.05311583,0.05311583,0.08586714
10165,7.80749,-0.1087062,0.07348435,-0.1737539,0.05398282,0.05398282,0.08601704
10166,7.808203,-0.1088407,0.07355823,-0.1736585,0.05383604,0.05383604,0.08502971
10167,7.808957,-0.1089109,0.07355823,-0.1736145,0.05383604,0.05383604,0.08502971
10168,7.809709,-0.1090452,0.07363209,-0.1735189,0.05383036,0.05383036,0.08532759
10169,7.810526,-0.1090452,0.07363209,-0.1735189,0.05323767,0.05323767,0.08655091
10170,7.811169,-0.1091793,0.07370598,-0.1734232,0.05503864,0.05503864,0.08559062
10171,7.811866,-0.1092435,0.07377984,-0.1733714,0.05503281,0.05503281,0.08565494
10172,7.812559,-0.1093135,0.07377984,-0.1733273,0.0558676,0.0558676,0.08567175
10173,7.81328,-0.1094474,0.0738537,-0.1732313,0.05588298,0.05588298,0.08578913
10174,7.814024,-0.1095174,0.0738537,-0.1731871,0.05588298,0.05588298,0.08583847
10175,7.814782,-0.1096513,0.07392756,-0.1730909,0.05596649,0.05596649,0.08629031
10176,7.81559,-0.1097212,0.07392756,-0.1730466,0.05774633,0.05774633,0.08600395
10177,7.816324,-0.109785,0.07400136,-0.1729946,0.05541817,0.05541817,0.08529477
10178,7.81912,-0.1101158,0.07422286,-0.1727494,0.05598998,0.05598998,0.08640893
10179,7.819864,-0.1101856,0.07422286,-0.1727049,0.05850344,0.05850344,0.08489566
10180,7.820588,-0.1103189,0.07429669,-0.1726081,0.05915919,0.05915919,0.08565436
10181,7.821437,-0.1104521,0.07437049,-0.1725112,0.05915281,0.05915281,0.08563009
10182,7.822147,-0.1104521,0.07437049,-0.1725112,0.05915281,0.05915281,0.0856782
10183,7.822797,-0.1105156,0.0744443,-0.1724587,0.05930041,0.05930041,0.08570812
10184,7.82349,-0.1106487,0.07451804,-0.1723616,0.06066152,0.06066152,0.08557785
10185,7.824231,-0.1107182,0.07451804,-0.1723169,0.06066152,0.06066152,0.08562553
10186,7.824952,-0.1108511,0.07459185,-0.1722196,0.06075021,0.06075021,0.0862745
10187,7.825717,-0.1109144,0.07466564,-0.1721669,0.05994882,0.05994882,0.08583564
10188,7.826541,-0.1110535,0.07466564,-0.1720772,0.06217195,0.06217195,0.08621918
10189,7.827244,-0.1110535,0.07466564,-0.1720772,0.06217195,0.06217195,0.08626688
10190,7.828048,-0.1111861,0.07473935,-0.1719796,0.06141084,0.06141084,0.08671241
10191,7.828798,-0.1112493,0.07481316,-0.1719268,0.06202767,0.06202767,0.08630055
10192,7.829523,-0.1113817,0.07488687,-0.171829,0.06152926,0.06152926,0.08612603
10193,7.830262,-0.1114511,0.07488687,-0.171784,0.06152926,0.06152926,0.08617341
10194,7.831,-0.1115141,0.07496062,-0.171731,0.06183406,0.06183406,0.08742329
10195,7.83171,-0.1116464,0.07503435,-0.1716329,0.06215603,0.06215603,0.08658201
10196,7.832456,-0.1117785,0.07510807,-0.1715347,0.0623331,0.0623331,0.08772725
10197,7.833193,-0.1118478,0.07510807,-0.1714895,0.0623331,0.0623331,0.08777522
10198,7.833951,-0.1119799,0.07518182,-0.1713911,0.0626604,0.0626604,0.08823084
10199,7.834683,-0.1120425,0.07525548,-0.1713379,0.06253771,0.06253771,0.08864655
10200,7.835447,-0.1121117,0.07525548,-0.1712926,0.06274579,0.06274579,0.08902073
10201,7.836159,-0.1121743,0.0753292,-0.1712393,0.06273882,0.06273882,0.08908596
10202,7.836884,-0.1123061,0.07540289,-0.1711405,0.06274993,0.06274993,0.08949105
10203,7.8376,-0.1123752,0.07540289,-0.1710952,0.06382997,0.06382997,0.08972602
10204,7.838332,-0.1124377,0.07547656,-0.1710417,0.06382285,0.06382285,0.089743
10205,7.839072,-0.1125692,0.07555024,-0.1709427,0.06345133,0.06345133,0.0890725
10206,7.839782,-0.1126383,0.07555024,-0.1708972,0.06496839,0.06496839,0.09002928
10207,7.840493,-0.1127696,0.0756239,-0.1707981,0.06434688,0.06434688,0.08964914
10208,7.841401,-0.1128319,0.07569756,-0.1707444,0.06553368,0.06553368,0.08996431
10209,7.842157,-0.1128942,0.07577121,-0.1706906,0.06553368,0.06553368,0.09001251
10210,7.842973,-0.1130253,0.07584482,-0.1705912,0.06537259,0.06537259,0.090467
10211,7.843839,-0.1130942,0.07584482,-0.1705455,0.06519368,0.06519368,0.09025258
10212,7.844577,-0.1132252,0.0759185,-0.1704459,0.0655136,0.0655136,0.09016036
10213,7.845313,-0.1132872,0.07599209,-0.170392,0.0655062,0.0655062,0.09022561
10214,7.846053,-0.1134248,0.07599209,-0.1703004,0.0664544,0.0664544,0.09093124
10215,7.84677,-0.1134868,0.07606572,-0.1702463,0.06600273,0.06600273,0.09088869
10216,7.847523,-0.1135487,0.07613935,-0.1701923,0.06733174,0.06733174,0.0915278
10217,7.848351,-0.1136105,0.07621291,-0.1701381,0.06733174,0.06733174,0.09157611
10218,7.849143,-0.113748,0.07621291,-0.1700463,0.0674688,0.0674688,0.09134069
10219,7.849869,-0.1138784,0.07628652,-0.169946,0.06789466,0.06789466,0.09153841
10220,7.85064,-0.1140087,0.07636008,-0.1698457,0.06750911,0.06750911,0.09287892
10221,7.851372,-0.1140773,0.07636008,-0.1697996,0.06750911,0.06750911,0.09297638
10222,7.852114,-0.1141389,0.07643367,-0.1697452,0.0671143,0.0671143,0.09327003
10223,7.852877,-0.1142076,0.07643367,-0.169699,0.06725432,0.06725432,0.09343376
10224,7.853689,-0.1144061,0.07650725,-0.1695522,0.06763033,0.06763033,0.09397237
10225,7.854766,-0.1144676,0.07658079,-0.1694976,0.06697448,0.06697448,0.09411604
10226,7.855527,-0.1145975,0.07665437,-0.1693967,0.06669496,0.06669496,0.09423645
10227,7.856273,-0.1146587,0.07672786,-0.169342,0.06668726,0.06668726,0.09430269
10228,7.856985,-0.1147955,0.07672786,-0.1692493,0.06822117,0.06822117,0.09537593
10229,7.857725,-0.1148568,0.07680142,-0.1691945,0.06686984,0.06686984,0.0951902
10230,7.85849,-0.1149863,0.07687494,-0.1690932,0.06891526,0.06891526,0.09577211
10231,7.85932,-0.1150546,0.07687494,-0.1690468,0.06891526,0.06891526,0.09582159
10232,7.860036,-0.115184,0.07694843,-0.1689453,0.06830704,0.06830704,0.09645891
10233,7.860921,-0.1153133,0.07702197,-0.1688437,0.06871411,0.06871411,0.09705086
10234,7.861618,-0.1154497,0.07702197,-0.1687505,0.0685844,0.0685844,0.0969808
10235,7.862347,-0.1154424,0.07709545,-0.168742,0.0685764,0.0685764,0.09704819
10236,7.86313,-0.1155715,0.07716895,-0.1686402,0.06781773,0.06781773,0.09835596
10237,7.863869,-0.1156396,0.07716895,-0.1685935,0.06775088,0.06775088,0.09741761
10238,7.864583,-0.1157684,0.07724242,-0.1684915,0.06682095,0.06682095,0.09939293
10239,7.865278,-0.1159046,0.07724242,-0.1683978,0.06682095,0.06682095,0.09944416
10240,7.866033,-0.1160332,0.07731589,-0.1682957,0.06697062,0.06697062,0.09928936
10241,7.866851,-0.1161013,0.07731589,-0.1682488,0.0667338,0.0667338,0.1009381
10242,7.867608,-0.1162298,0.07738936,-0.1681463,0.06558134,0.06558134,0.1007501
10243,7.868428,-0.1163582,0.0774628,-0.1680439,0.06533819,0.06533819,0.1012154
10244,7.869195,-0.1164262,0.0774628,-0.1679968,0.06533819,0.06533819,0.1012674
10245,7.869911,-0.1165102,0.07750508,-0.1678432,0.06518963,0.06518963,0.1029033
10246,7.870644,-0.1165779,0.07750508,-0.1677961,0.06411437,0.06411437,0.1016462
10247,7.871456,-0.116706,0.07757851,-0.1676933,0.06429282,0.06429282,0.1044014
10248,7.872189,-0.1167738,0.07757851,-0.1676461,0.06429282,0.06429282,0.1044547
10249,7.872959,-0.1169694,0.0776519,-0.1674959,0.0633696,0.0633696,0.1021943
10250,7.873672,-0.1170295,0.07772535,-0.16744,0.06284227,0.06284227,0.1039228
10251,7.87443,-0.1171648,0.07772535,-0.1673454,0.06250165,0.06250165,0.1046216
10252,7.875161,-0.1172249,0.07779876,-0.1672894,0.06249416,0.06249416,0.1046895
10253,7.875916,-0.11736,0.07779876,-0.1671946,0.06056712,0.06056712,0.1045056
10254,7.876659,-0.1173754,0.077841,-0.1670879,0.05913682,0.05913682,0.1049018
10255,7.877409,-0.1175779,0.077841,-0.1669455,0.05913682,0.05913682,0.1074241
10256,7.87811,-0.1176376,0.07791439,-0.1668894,0.05912967,0.05912967,0.1074919
10257,7.878846,-0.1177051,0.07791439,-0.1668418,0.05899087,0.05899087,0.1073098
10258,7.879607,-0.1178399,0.07791439,-0.1667466,0.05899087,0.05899087,0.1074731
10259,7.880311,-0.1180343,0.07798776,-0.166595,0.0564143,0.0564143,0.1087619
10260,7.881144,-0.1180491,0.07803003,-0.1664882,0.0564056,0.0564056,0.1088431
10261,7.881869,-0.1180491,0.07803003,-0.1664882,0.0564056,0.0564056,0.1088431
10262,7.882503,-0.1181836,0.07803003,-0.1663928,0.05625363,0.05625363,0.1090125
10263,7.883231,-0.1183103,0.07810333,-0.1662885,0.05624676,0.05624676,0.1089449
10264,7.883996,-0.1185118,0.07810333,-0.166145,0.04699993,0.04699993,0.118457
10265,7.884748,-0.1185711,0.07817672,-0.1660884,0.04708107,0.04708107,0.1225956
10266,7.885556,-0.1187273,0.07814559,-0.1658943,0.04675775,0.04675775,0.1247566
10267,7.886301,-0.1187866,0.07821895,-0.1658377,0.04675493,0.04675493,0.1248348
10268,7.887023,-0.1189206,0.07821895,-0.1657416,0.04677923,0.04677923,0.1237527
10269,7.887764,-0.1189875,0.07821895,-0.1656935,0.04677923,0.04677923,0.1238075
10270,7.888455,-0.1191805,0.07829225,-0.1655405,0.04426704,0.04426704,0.127547
10271,7.889287,-0.1192022,0.07826117,-0.1654423,0.04427124,0.04427124,0.1275605
10272,7.890013,-0.1193948,0.07833451,-0.1652889,0.04365866,0.04365866,0.1268508
10273,7.890769,-0.1195283,0.07833451,-0.1651924,0.04204001,0.04204001,0.1312499
10274,7.891472,-0.1196165,0.07830346,-0.1650458,0.04204489,0.04204489,0.1313799
10275,7.892241,-0.1196752,0.07837673,-0.1649888,0.0413559,0.0413559,0.1340391
10276,7.893013,-0.1198672,0.07845005,-0.1648348,0.040843,0.040843,0.1327915
10277,7.893716,-0.1199338,0.07845005,-0.1647864,0.04083645,0.04083645,0.1328563
10278,7.894423,-0.120088,0.07841901,-0.164591,0.04097665,0.04097665,0.1373263
10279,7.895166,-0.1201465,0.0784923,-0.1645338,0.04061529,0.04061529,0.1382775
10280,7.895886,-0.1202794,0.0784923,-0.1644367,0.04061529,0.04061529,0.1383373
10281,7.896585,-0.1203587,0.07853457,-0.1642809,0.03933584,0.03933584,0.1409318
10282,7.899125,-0.1205577,0.07853457,-0.1641349,0.03917255,0.03917255,0.1422419
10283,7.900011,-0.1209138,0.07861917,-0.1636768,0.03663476,0.03663476,0.1469993
10284,7.90091,-0.121046,0.07861917,-0.163579,0.03436384,0.03436384,0.1489334
10285,7.901628,-0.1211121,0.07861917,-0.1635301,0.03436384,0.03436384,0.1490527
10286,7.902405,-0.1212562,0.07866152,-0.1633249,0.0340915,0.0340915,0.1516528
10287,7.903173,-0.1214459,0.07873473,-0.1631691,0.03333108,0.03333108,0.1530882
10288,7.903934,-0.1214658,0.07870385,-0.1630706,0.03371871,0.03371871,0.1532118
10289,7.90474,-0.1216092,0.07874618,-0.1628652,0.03266897,0.03266897,0.1557701
10290,7.905498,-0.121675,0.07874618,-0.162816,0.03267981,0.03267981,0.1558442
10291,7.906278,-0.1219298,0.07881941,-0.1626105,0.03038008,0.03038008,0.1580172
10292,7.906987,-0.1219955,0.07881941,-0.1625612,0.0301856,0.0301856,0.1611017
10293,7.907713,-0.1220262,0.07883096,-0.1623554,0.02753038,0.02753038,0.1654648
10294,7.908457,-0.1222229,0.07883096,-0.1622074,0.02753038,0.02753038,0.165582
10295,7.90922,-0.1222993,0.07887337,-0.1620507,0.02812674,0.02812674,0.1685567
10296,7.910058,-0.1223648,0.07887337,-0.1620013,0.02767377,0.02767377,0.1681436
10297,7.910839,-0.1225063,0.07891581,-0.161795,0.02726369,0.02726369,0.1728325
10298,7.911616,-0.1226287,0.07898896,-0.1616872,0.02726369,0.02726369,0.1728934
10299,7.912392,-0.1227781,0.07895826,-0.1614895,0.02809892,0.02809892,0.1711279
10300,7.913201,-0.1229188,0.07900071,-0.1612829,0.02661564,0.02661564,0.1735635
10301,7.914035,-0.1229839,0.07900071,-0.1612332,0.02633927,0.02633927,0.1765956
10302,7.91484,-0.1231242,0.07904319,-0.1610265,0.02707403,0.02707403,0.1799257
10303,7.915647,-0.1232642,0.07908569,-0.1608195,0.02673904,0.02673904,0.1809824
10304,7.916458,-0.1233856,0.07915881,-0.160711,0.02673904,0.02673904,0.1811033
10305,7.917229,-0.1235336,0.07912821,-0.1605127,0.02840955,0.02840955,0.1826341
10306,7.91807,-0.1236078,0.0791707,-0.1603554,0.03018088,0.03018088,0.1838538
10307,7.918778,-0.1237936,0.07924382,-0.1601966,0.03083447,0.03083447,0.1856865
10308,7.919489,-0.123876,0.07921329,-0.160048,0.03085434,0.03085434,0.185755
10309,7.920212,-0.1240144,0.07925583,-0.1598404,0.03346545,0.03346545,0.1872963
10310,7.921095,-0.1241349,0.07932889,-0.1597313,0.03305426,0.03305426,0.1879145
10311,7.921797,-0.1242727,0.07937148,-0.1595235,0.03439669,0.03439669,0.1931055
10312,7.922517,-0.1243285,0.07944449,-0.1594644,0.03438729,0.03438729,0.1932322
10313,7.923361,-0.1244745,0.07941404,-0.1592652,0.03911534,0.03911534,0.1958328
10314,7.924227,-0.1246757,0.07945664,-0.1590068,0.03676991,0.03676991,0.1969277
10315,7.92498,-0.1247399,0.07945664,-0.1589564,0.03676991,0.03676991,0.1969891
10316,7.925939,-0.1248677,0.07957228,-0.1587391,0.03657987,0.03657987,0.1971539
10317,7.926669,-0.1250205,0.07958458,-0.158432,0.03781078,0.03781078,0.2038682
10318,7.927414,-0.1251484,0.07958458,-0.1583309,0.03781078,0.03781078,0.2039299
10319,7.928123,-0.1251397,0.07965751,-0.1583221,0.03780039,0.03780039,0.203997
10320,7.928923,-0.1253389,0.07970019,-0.1580627,0.03979022,0.03979022,0.203441
10321,7.929712,-0.1254651,0.07981579,-0.1578448,0.0437544,0.0437544,0.20519
10322,7.930423,-0.1255449,0.07978554,-0.1576955,0.04628324,0.04628324,0.2082237
10323,7.931129,-0.1256086,0.07978554,-0.1576448,0.04628324,0.04628324,0.2082858
10324,7.931833,-0.1257976,0.07990117,-0.1573759,0.04599164,0.04599164,0.2083259
10325,7.932633,-0.1259404,0.07987095,-0.1571756,0.04661115,0.04661115,0.2085025
10326,7.933404,-0.1260584,0.07994387,-0.1570648,0.04596437,0.04596437,0.2090363
10327,7.934165,-0.1261918,0.07998659,-0.1568552,0.04758696,0.04758696,0.2110179
10328,7.934947,-0.1262615,0.08002937,-0.1566966,0.04761036,0.04761036,0.2110824
10329,7.938386,-0.1267756,0.0802305,-0.1559558,0.04801438,0.04801438,0.213202
10330,7.939137,-0.1269071,0.08027329,-0.1557456,0.04830587,0.04830587,0.2142865
10331,7.939867,-0.1269218,0.0802433,-0.155647,0.04830587,0.04830587,0.2144059
10332,7.940557,-0.1270435,0.08035892,-0.1554277,0.04903771,0.04903771,0.2144435
10333,7.941453,-0.1271691,0.08035892,-0.155325,0.04939028,0.04939028,0.2146972
10334,7.9422,-0.1273529,0.08047456,-0.155054,0.04951964,0.04951964,0.2151662
10335,7.942912,-0.127367,0.08044464,-0.1549554,0.04954473,0.04954473,0.2151652
10336,7.943663,-0.1275454,0.08051741,-0.1547918,0.05162019,0.05162019,0.2161003
10337,7.944541,-0.1275595,0.08048752,-0.1546932,0.04961826,0.04961826,0.2158253
10338,7.945323,-0.1276795,0.08060314,-0.1544733,0.04913907,0.04913907,0.2161962
10339,7.94604,-0.1277557,0.08057331,-0.1543231,0.04916499,0.04916499,0.2161942
10340,7.946858,-0.1278845,0.08061627,-0.1541121,0.05095483,0.05095483,0.2164652
10341,7.947598,-0.1279995,0.08068895,-0.1539996,0.05060647,0.05060647,0.2172129
10342,7.948481,-0.1281182,0.08080459,-0.1537794,0.05137445,0.05137445,0.2176318
10343,7.949296,-0.1281937,0.08077484,-0.153629,0.0520408,0.0520408,0.2175382
10344,7.950031,-0.1282593,0.08081779,-0.1534695,0.05202729,0.05202729,0.2176031
10345,7.950778,-0.1284487,0.08086079,-0.1532062,0.05176446,0.05176446,0.2180603
10346,7.951492,-0.1285009,0.08093341,-0.1531451,0.051687,0.051687,0.2187797
10347,7.952224,-0.1286278,0.08097643,-0.1529335,0.05200028,0.05200028,0.2169696
10348,7.952984,-0.1287023,0.08094679,-0.152783,0.05202742,0.05202742,0.2169645
10349,7.953715,-0.1288161,0.08101942,-0.1526698,0.05220442,0.05220442,0.2187257
10350,7.954504,-0.1288805,0.08106241,-0.15251,0.05100786,0.05100786,0.2170424
10351,7.95531,-0.1290161,0.08103283,-0.1523072,0.05217906,0.05217906,0.2167097
10352,7.956054,-0.1290187,0.08107594,-0.1521995,0.05216526,0.05216526,0.2167721
10353,7.956766,-0.1292054,0.08111899,-0.1519353,0.05236765,0.05236765,0.2175544
10354,7.9575,-0.129257,0.08119157,-0.1518739,0.05216289,0.05216289,0.2175993
10355,7.958214,-0.1293818,0.08123463,-0.1516617,0.05216829,0.05216829,0.2166923
10356,7.958991,-0.1294431,0.08123463,-0.1516094,0.05215439,0.05215439,0.2168066
10357,7.959733,-0.1295674,0.08127773,-0.151397,0.05276959,0.05276959,0.2164021
10358,7.960474,-0.1296304,0.08132084,-0.1512369,0.05157901,0.05157901,0.2160546
10359,7.96137,-0.129764,0.08129144,-0.1510337,0.05043154,0.05043154,0.2146575
10360,7.962126,-0.1298151,0.08136396,-0.150972,0.05041778,0.05041778,0.2147164
10361,7.962859,-0.1299384,0.08140711,-0.1507593,0.04892613,0.04892613,0.2134909
10362,7.963579,-0.1299993,0.08140711,-0.1507068,0.04903828,0.04903828,0.2143208
10363,7.964358,-0.1301223,0.08145025,-0.1504939,0.04642785,0.04642785,0.2122089
10364,7.965119,-0.130194,0.08142094,-0.150343,0.04645541,0.04645541,0.212201
10365,7.965849,-0.1302557,0.08146413,-0.1501826,0.04532935,0.04532935,0.2128378
10366,7.966565,-0.130367,0.08153662,-0.1500681,0.04393951,0.04393951,0.209145
10367,7.967363,-0.1304989,0.08150737,-0.1498642,0.04410723,0.04410723,0.2086626
10368,7.968091,-0.1305494,0.08157982,-0.1498022,0.04409437,0.04409437,0.2087173
10369,7.968805,-0.1306204,0.0815506,-0.149651,0.04318198,0.04318198,0.2082902
10370,7.969521,-0.1306812,0.08159385,-0.1494905,0.03982877,0.03982877,0.2073083
10371,7.970253,-0.1308522,0.08166628,-0.1493227,0.04030032,0.04030032,0.2069924
10372,7.971074,-0.1308624,0.08163712,-0.1492243,0.0403274,0.0403274,0.207033
10373,7.971901,-0.130983,0.08168039,-0.1490109,0.03971297,0.03971297,0.2065988
10374,7.972634,-0.1311133,0.08165129,-0.1488065,0.0378983,0.0378983,0.2036857
10375,7.973373,-0.1311734,0.08165129,-0.1487535,0.0376256,0.0376256,0.2041716
10376,7.974088,-0.1312433,0.08162221,-0.1486021,0.0376256,0.0376256,0.2042193
10377,7.974806,-0.1313532,0.08169462,-0.1484868,0.03786439,0.03786439,0.2034625
10378,7.975547,-0.1314628,0.08176698,-0.1483713,0.02872843,0.02872843,0.2021165
10379,7.976368,-0.1315922,0.08173794,-0.1481666,0.03081209,0.03081209,0.2013336
10380,7.977098,-0.1315914,0.08178132,-0.148059,0.03082796,0.03082796,0.2013742
10381,7.977897,-0.1317708,0.08178132,-0.1478993,0.02966892,0.02966892,0.2008913
10382,7.978709,-0.131779,0.08179572,-0.1476933,0.02995474,0.02995474,0.1995831
10383,7.979514,-0.1318983,0.08179572,-0.1475868,0.02477655,0.02477655,0.1994835
10384,7.982152,-0.1320265,0.0817668,-0.1473817,0.0249693,0.0249693,0.1984626
10385,7.983199,-0.132331,0.08178136,-0.1469088,0.01547484,0.01547484,0.1940114
10386,7.984058,-0.1324497,0.08178136,-0.1468018,0.01547484,0.01547484,0.1941047
10387,7.984809,-0.1325174,0.08175253,-0.1466499,0.01557892,0.01557892,0.1955093
10388,7.985605,-0.1325767,0.08175253,-0.1465963,0.01644947,0.01644947,0.1923066
10389,7.986334,-0.1326929,0.08179608,-0.1463816,0.01118803,0.01118803,0.1901196
10390,7.987047,-0.1327521,0.08179608,-0.1463279,0.01118803,0.01118803,0.1901663
10391,7.987786,-0.1328784,0.0817673,-0.1461222,0.008492899,0.008492899,0.1863152
10392,7.988503,-0.1328865,0.08173856,-0.1460239,0.006647306,0.006647306,0.1856378
10393,7.989224,-0.1330529,0.08181085,-0.1458535,0.0089801,0.0089801,0.1870542
10394,7.989946,-0.1331119,0.08181085,-0.1457998,0.0089801,0.0089801,0.1871451
10395,7.990635,-0.1331197,0.08178213,-0.1457014,0.007924336,0.007924336,0.1847829
10396,7.991323,-0.133245,0.08175345,-0.1454955,0.006269965,0.006269965,0.1849587
10397,7.992095,-0.133245,0.08175345,-0.1454955,0.006269965,0.006269965,0.185004
10398,7.992797,-0.1333701,0.08172481,-0.1452894,0.006794958,0.006794958,0.1837366
10399,7.99354,-0.1334875,0.08172481,-0.1451816,0.004280452,0.004280452,0.1808771
10400,7.99424,-0.1335535,0.08169619,-0.1450292,0.003970629,0.003970629,0.1811537
10401,7.994963,-0.1336121,0.08169619,-0.1449753,0.003970629,0.003970629,0.181198
10402,7.995691,-0.1337258,0.08173989,-0.1447599,0.004594784,0.004594784,0.1794192
10403,7.996574,-0.1337843,0.08173989,-0.1447058,-0.001144346,-0.001144346,0.1783242
10404,7.997324,-0.1339596,0.08173989,-0.1445436,-0.003206233,-0.003206233,0.1766391
10405,7.998123,-0.1339081,0.08171134,-0.1444994,-0.003182238,-0.003182238,0.1766326
10406,7.998906,-0.1340832,0.08171134,-0.1443369,-0.002218577,-0.002218577,0.1745283
10407,7.99962,-0.13409,0.0816828,-0.1442386,-0.00219565,-0.00219565,0.174318
10408,8.00036,-0.134196,0.08175506,-0.1441211,-0.001870445,-0.001870445,0.1734532
10409,8.001248,-0.1343189,0.08172657,-0.1439143,-0.001862368,-0.001862368,0.1711677
10410,8.001973,-0.1343771,0.08172657,-0.14386,-0.001862368,-0.001862368,0.1712114
10411,8.002703,-0.1344417,0.0816981,-0.1437074,-0.001840488,-0.001840488,0.1705998
10412,8.003422,-0.1344997,0.0816981,-0.1436531,-0.001847003,-0.001847003,0.1681702
10413,8.004132,-0.134564,0.08166967,-0.1435004,-0.001825121,-0.001825121,0.1681637
10414,8.00486,-0.13468,0.08166967,-0.1433916,-0.001909908,-0.001909908,0.1695681
10415,8.005687,-0.134744,0.08164127,-0.1432389,-0.001650359,-0.001650359,0.1664695
10416,8.006435,-0.1348597,0.08164127,-0.1431299,-0.001297856,-0.001297856,0.1639193
10417,8.007253,-0.1349234,0.08161291,-0.1429771,-0.001297856,-0.001297856,0.1641327
10418,8.008157,-0.1350389,0.08161291,-0.1428681,-0.0003598724,-0.0003598724,0.162347
10419,8.009097,-0.1350447,0.08158457,-0.1427698,-0.0003395956,-0.0003395956,0.1623404
10420,8.009846,-0.13516,0.08158457,-0.1426606,-0.01958888,-0.01958888,0.1618432
10421,8.010664,-0.1352232,0.08155627,-0.1425077,-0.01894348,-0.01894348,0.1599966
10422,8.011392,-0.1352808,0.08155627,-0.1424531,-0.0187263,-0.0187263,0.1565371
10423,8.012139,-0.1352863,0.08152799,-0.1423548,-0.01870522,-0.01870522,0.1565321
10424,8.01285,-0.1354481,0.08160022,-0.1421818,-0.01911336,-0.01911336,0.156963
10425,8.013602,-0.1354534,0.08157198,-0.1420836,-0.008046258,-0.008046258,0.1581438
10426,8.014423,-0.1355682,0.08157198,-0.1419741,-0.007453844,-0.007453844,0.1572118
10427,8.015244,-0.1356307,0.08154377,-0.1418211,-0.007507603,-0.007507603,0.1558559
10428,8.016026,-0.135688,0.08154377,-0.1417662,-0.007507603,-0.007507603,0.1558948
10429,8.016753,-0.1357502,0.08151558,-0.1416132,-0.007876101,-0.007876101,0.1548038
10430,8.017527,-0.1358123,0.08148743,-0.1414601,-0.007773669,-0.007773669,0.1540678
10431,8.018271,-0.1358695,0.08148743,-0.1414052,-0.007689253,-0.007689253,0.152851
10432,8.018985,-0.1359266,0.08148743,-0.1413503,-0.007689253,-0.007689253,0.152851
10433,8.019686,-0.1359776,0.08153152,-0.1411883,-0.007184381,-0.007184381,0.1520531
10434,8.020407,-0.1360347,0.08153152,-0.1411333,-0.008538275,-0.008538275,0.1480581
10435,8.02137,-0.1360963,0.08150345,-0.1409801,-0.008920263,-0.008920263,0.1507401
10436,8.022197,-0.1361577,0.08147539,-0.140827,-0.008502126,-0.008502126,0.1472925
10437,8.023046,-0.1362146,0.08147539,-0.1407719,-0.008502126,-0.008502126,0.1473278
10438,8.024126,-0.1362757,0.08144736,-0.1406187,-0.008481994,-0.008481994,0.1470197
10439,8.024869,-0.1362692,0.08149152,-0.1405118,-0.007985226,-0.007985226,0.1460952
10440,8.0256,-0.1363827,0.08149152,-0.1404016,-0.008130041,-0.008130041,0.1446772
10441,8.026342,-0.1364395,0.08149152,-0.1403464,-0.008097197,-0.008097197,0.1420877
10442,8.027049,-0.1364327,0.08153576,-0.1402395,-0.008076817,-0.008076817,0.1420795
10443,8.027745,-0.1364933,0.08150782,-0.1400863,-0.006383495,-0.006383495,0.1417939
10444,8.028473,-0.1365499,0.08150782,-0.1400311,-0.006609828,-0.006609828,0.1420929
10445,8.029274,-0.1366103,0.08147991,-0.1398778,-0.007102785,-0.007102785,0.1395498
10446,8.030029,-0.1366668,0.08147991,-0.1398226,-0.007102785,-0.007102785,0.1395801
10447,8.030787,-0.136727,0.08145204,-0.1396693,-0.007081914,-0.007081914,0.139373
10448,8.03149,-0.1367726,0.08152418,-0.1396052,-0.006580634,-0.006580634,0.1394209
10449,8.03223,-0.1368325,0.08149634,-0.1394519,-0.007312091,-0.007312091,0.1390333
10450,8.032928,-0.1368325,0.08149634,-0.1394519,-0.007312091,-0.007312091,0.1390627
10451,8.033563,-0.1368359,0.08146852,-0.1393538,-0.007279927,-0.007279927,0.1384668
10452,8.034322,-0.1368848,0.08151285,-0.1391916,-0.001938655,-0.001938655,0.1382882
10453,8.035128,-0.136941,0.08151285,-0.1391363,-0.001938655,-0.001938655,0.1382882
10454,8.035871,-0.1370004,0.08148511,-0.138983,-0.001830675,-0.001830675,0.1374061
10455,8.03666,-0.1370457,0.08155723,-0.1389188,-0.0006660015,-0.0006660015,0.1376674
10456,8.037399,-0.1370488,0.08152951,-0.1388208,-0.001004542,-0.001004542,0.1367289
10457,8.038222,-0.1370969,0.08157392,-0.1386587,0.0008162452,0.0008162452,0.1350899
10458,8.038972,-0.137153,0.08157392,-0.1386033,0.0008375612,0.0008375612,0.1350787
10459,8.039805,-0.137145,0.08161832,-0.1384966,0.0005348554,0.0005348554,0.1355616
10460,8.040575,-0.1372037,0.08159071,-0.1383431,0.004878983,0.004878983,0.1328181
10461,8.041456,-0.1372486,0.08166279,-0.1382789,0.006218174,0.006218174,0.1353381
10462,8.042185,-0.1373045,0.08166279,-0.1382235,0.009817614,0.009817614,0.1367156
10463,8.042946,-0.1372962,0.08170722,-0.1381168,0.009832969,0.009832969,0.1366996
10464,8.04366,-0.1374077,0.08170722,-0.1380058,0.01181741,0.01181741,0.1323293
10465,8.04443,-0.1374103,0.08167965,-0.1379078,0.01248089,0.01248089,0.1324117
10466,8.045148,-0.1374549,0.08175169,-0.1378436,0.01247399,0.01247399,0.1324325
10467,8.045856,-0.1374574,0.08172414,-0.1377457,0.01160118,0.01160118,0.132727
10468,8.046574,-0.1374487,0.08176865,-0.137639,0.0188242,0.0188242,0.1326215
10469,8.047332,-0.1374955,0.08181319,-0.1374769,0.02004945,0.02004945,0.1345847
10470,8.048081,-0.1374977,0.08178573,-0.137379,0.02004945,0.02004945,0.1346059
10471,8.048803,-0.137542,0.08185771,-0.1373147,0.02190688,0.02190688,0.1347396
10472,8.049491,-0.1375864,0.08192968,-0.1372503,0.02352292,0.02352292,0.1336813
10473,8.050186,-0.1376327,0.08197426,-0.1370881,0.02642102,0.02642102,0.1340617
10474,8.050926,-0.1375793,0.08194685,-0.1370459,0.02644289,0.02644289,0.1340453
10475,8.051724,-0.1376788,0.08201879,-0.1369258,0.02622251,0.02622251,0.1331081
10476,8.052438,-0.1376695,0.08206336,-0.1368192,0.03279504,0.03279504,0.1329563
10477,8.05315,-0.1376712,0.08203602,-0.1367215,0.03247235,0.03247235,0.1331767
10478,8.053846,-0.1377152,0.08210796,-0.136657,0.032462,0.032462,0.1331982
10479,8.054666,-0.1377721,0.08208066,-0.1365037,0.03223746,0.03223746,0.1335158
10480,8.055517,-0.1377073,0.08212527,-0.1364528,0.03137612,0.03137612,0.132549
10481,8.056272,-0.1378063,0.08219716,-0.1363326,0.03371021,0.03371021,0.1317226
10482,8.057058,-0.1377964,0.08224179,-0.1362261,0.0337221,0.0337221,0.1316922
10483,8.057827,-0.1377978,0.08221455,-0.1361285,0.03460359,0.03460359,0.13186
10484,8.058691,-0.1377765,0.08233109,-0.1360131,0.03341977,0.03341977,0.1319852
10485,8.059627,-0.1378314,0.08233109,-0.1359574,0.03341977,0.03341977,0.1320008
10486,8.060367,-0.1378099,0.08244763,-0.135842,0.03821623,0.03821623,0.1313614
10487,8.061297,-0.1378545,0.08249228,-0.1356799,0.04905635,0.04905635,0.1320212
10488,8.062021,-0.1378441,0.08253698,-0.1355735,0.04754742,0.04754742,0.1316212
10489,8.064711,-0.1378874,0.08260878,-0.1355088,0.04879335,0.04879335,0.1323003
10490,8.065448,-0.1379218,0.08267114,-0.1351428,0.04921873,0.04921873,0.1320702
10491,8.066165,-0.1379648,0.08274289,-0.1350781,0.05013206,0.05013206,0.1296181
10492,8.066941,-0.137954,0.08278765,-0.1349717,0.04859457,0.04859457,0.1312656
10493,8.067684,-0.137943,0.08283238,-0.1348653,0.05047304,0.05047304,0.1311442
10494,8.068491,-0.137932,0.08287714,-0.1347589,0.05048325,0.05048325,0.1311304
10495,8.069308,-0.1379753,0.08292191,-0.1345968,0.04965408,0.04965408,0.13259
10496,8.070045,-0.1379524,0.08303837,-0.1344815,0.04996086,0.04996086,0.1328529
10497,8.070744,-0.1380067,0.08303837,-0.1344257,0.05555444,0.05555444,0.1336207
10498,8.071499,-0.137941,0.08308319,-0.1343752,0.0555796,0.0555796,0.1335873
10499,8.072198,-0.137972,0.08319962,-0.134204,0.05442742,0.05442742,0.1325766
10500,8.072953,-0.1380263,0.08319962,-0.1341483,0.06401079,0.06401079,0.1331974
10501,8.073693,-0.1380146,0.08324441,-0.134042,0.05967656,0.05967656,0.1329478
10502,8.074423,-0.1380029,0.08328925,-0.1339357,0.05968585,0.05968585,0.1329338
10503,8.07514,-0.1380452,0.08333409,-0.1337737,0.06373113,0.06373113,0.1341533
10504,8.075858,-0.1380333,0.08340564,-0.1337646,0.06398211,0.06398211,0.1345272
10505,8.07657,-0.1380634,0.08352205,-0.1335934,0.06458766,0.06458766,0.1342439
10506,8.07727,-0.1380093,0.08349533,-0.1335521,0.06458766,0.06458766,0.1342502
10507,8.078087,-0.1380391,0.08361176,-0.1333809,0.06523699,0.06523699,0.1337117
10508,8.078832,-0.1380269,0.08365661,-0.1332747,0.07130293,0.07130293,0.1332184
10509,8.079539,-0.1380145,0.08370149,-0.1331685,0.06866846,0.06866846,0.1347755
10510,8.080236,-0.1380025,0.08377297,-0.1331593,0.06867697,0.06867697,0.1347563
10511,8.081106,-0.1380438,0.08381787,-0.1329973,0.06921022,0.06921022,0.1345827
10512,8.081824,-0.1380854,0.08388932,-0.1329324,0.06918316,0.06918316,0.134712
10513,8.082564,-0.1380063,0.0839791,-0.1327758,0.07043967,0.07043967,0.1338428
10514,8.083345,-0.1380478,0.08405051,-0.1327108,0.07046582,0.07046582,0.1338142
10515,8.084108,-0.1380886,0.0840954,-0.1325488,0.07301676,0.07301676,0.1349581
10516,8.084825,-0.1379678,0.08411385,-0.1324574,0.07276535,0.07276535,0.1353807
10517,8.085615,-0.1380625,0.08418522,-0.1323366,0.07164176,0.07164176,0.1366897
10518,8.089142,-0.138038,0.08450766,-0.1318379,0.07676747,0.07676747,0.1373606
10519,8.089926,-0.1380788,0.08457894,-0.1317727,0.07799034,0.07799034,0.1380022
10520,8.090652,-0.1381059,0.08469515,-0.1316015,0.07868128,0.07868128,0.1382352
10521,8.091385,-0.1380515,0.08466886,-0.1315606,0.07870895,0.07870895,0.1382034
10522,8.092216,-0.1380783,0.08478505,-0.1313894,0.0799766,0.0799766,0.1394171
10523,8.092966,-0.1380769,0.08475881,-0.1312928,0.07959259,0.07959259,0.1391792
10524,8.093811,-0.1380377,0.08494619,-0.131168,0.08273017,0.08273017,0.1401083
10525,8.094538,-0.1380907,0.08494619,-0.1311122,0.08270897,0.08270897,0.1401259
10526,8.095292,-0.1380623,0.08503619,-0.1309003,0.08091813,0.08091813,0.140463
10527,8.096003,-0.1380496,0.0851073,-0.1308908,0.08032157,0.08032157,0.1405586
10528,8.096772,-0.1380881,0.08515233,-0.1307291,0.08352588,0.08352588,0.1425308
10529,8.097479,-0.1380736,0.08519733,-0.1306232,0.08353299,0.08353299,0.1425131
10530,8.098292,-0.138059,0.08524236,-0.1305172,0.08334174,0.08334174,0.1418229
10531,8.099021,-0.1380316,0.08535846,-0.1304018,0.08388556,0.08388556,0.1429016
10532,8.09973,-0.138004,0.08547456,-0.1302864,0.08401971,0.08401971,0.1428999
10533,8.100505,-0.1380288,0.08559062,-0.1301152,0.08313186,0.08313186,0.1436206
10534,8.101414,-0.1380267,0.08556464,-0.1300189,0.08313955,0.08313955,0.1436027
10535,8.102187,-0.1379987,0.08568069,-0.1299035,0.08597667,0.08597667,0.1430521
10536,8.10296,-0.1380359,0.08572575,-0.129742,0.08846902,0.08846902,0.1447149
10537,8.103745,-0.1380206,0.08577083,-0.1296362,0.08488481,0.08488481,0.1455941
10538,8.104916,-0.1379922,0.08588684,-0.1295208,0.08517829,0.08517829,0.1456577
10539,8.105684,-0.1380159,0.08600285,-0.1293496,0.08486397,0.08486397,0.1462665
10540,8.106408,-0.1380134,0.08597703,-0.1292535,0.08487164,0.08487164,0.1462465
10541,8.107097,-0.1379845,0.08609304,-0.1291382,0.08474717,0.08474717,0.1459162
10542,8.107818,-0.1380235,0.08616386,-0.1290727,0.08514217,0.08514217,0.1462128
10543,8.10865,-0.1380076,0.08620898,-0.128967,0.08716324,0.08716324,0.1480803
10544,8.109421,-0.1379784,0.08632492,-0.1288516,0.08717052,0.08717052,0.1480598
10545,8.110148,-0.1380144,0.08637004,-0.1286902,0.08710929,0.08710929,0.1479405
10546,8.110854,-0.1379982,0.08641512,-0.1285845,0.08788371,0.08788371,0.1482421
10547,8.111565,-0.1379686,0.08653104,-0.1284692,0.08776069,0.08776069,0.1484443
10548,8.112259,-0.1379522,0.08657615,-0.1283635,0.08776756,0.08776756,0.1484233
10549,8.113003,-0.1380041,0.08657615,-0.1283078,0.08840864,0.08840864,0.1491138
10550,8.113699,-0.137971,0.08666643,-0.1280966,0.08864532,0.08864532,0.1509477
10551,8.114425,-0.1379575,0.08673717,-0.1280868,0.08865246,0.08865246,0.1509278
10552,8.115255,-0.1379791,0.086853,-0.1279157,0.08827816,0.08827816,0.1503829
10553,8.116112,-0.1379453,0.08694331,-0.1277046,0.08830409,0.08830409,0.1505207
10554,8.116899,-0.1379969,0.08694331,-0.1276488,0.09061099,0.09061099,0.1504381
10555,8.117753,-0.1379663,0.08705911,-0.1275335,0.08929887,0.08929887,0.1514562
10556,8.118569,-0.1379319,0.08714947,-0.1273226,0.09047015,0.09047015,0.1513239
10557,8.119347,-0.1379182,0.08722003,-0.1273127,0.09044544,0.09044544,0.1513376
10558,8.12007,-0.1378835,0.08731042,-0.1271018,0.09026357,0.09026357,0.1511607
10559,8.120957,-0.1379211,0.08738096,-0.1270362,0.09102916,0.09102916,0.1522838
10560,8.121699,-0.1379035,0.08742616,-0.1269308,0.09103576,0.09103576,0.1522603
10561,8.122471,-0.1378859,0.08747134,-0.1268254,0.09042268,0.09042268,0.1525278
10562,8.123228,-0.1379056,0.08758706,-0.1266544,0.08903806,0.08903806,0.152104
10563,8.124053,-0.1379249,0.08770272,-0.1264834,0.09052861,0.09052861,0.1521365
10564,8.124854,-0.137911,0.08777313,-0.1264734,0.0906473,0.0906473,0.1521553
10565,8.12559,-0.1378888,0.08779314,-0.1262727,0.0906599,0.0906599,0.1521067
10566,8.126307,-0.1378566,0.08790876,-0.1261574,0.0916532,0.0916532,0.1528298
10567,8.127125,-0.1378383,0.087954,-0.1260522,0.0923169,0.0923169,0.1529606
10568,8.127836,-0.1378752,0.08802434,-0.1259864,0.09232286,0.09232286,0.1529358
10569,8.128552,-0.1378936,0.08813992,-0.1258154,0.09201653,0.09201653,0.1525103
10570,8.129281,-0.1378242,0.08818515,-0.1257659,0.09251003,0.09251003,0.1525643
10571,8.13001,-0.137875,0.08818515,-0.1257102,0.09248456,0.09248456,0.1525775
10572,8.130821,-0.1378929,0.08830066,-0.1255392,0.09198758,0.09198758,0.1528089
10573,8.131558,-0.1379106,0.08841619,-0.1253682,0.09238118,0.09238118,0.1523976
10574,8.132276,-0.137841,0.0884614,-0.1253188,0.09390505,0.09390505,0.1525511
10575,8.132988,-0.1378774,0.08853164,-0.1252529,0.09390505,0.09390505,0.1525478
10576,8.133773,-0.137844,0.08864708,-0.1251376,0.09218761,0.09218761,0.1526632
10577,8.134578,-0.1378056,0.0887375,-0.1249274,0.09272796,0.09272796,0.1525469
10578,8.135301,-0.1378561,0.0887375,-0.1248717,0.09453623,0.09453623,0.1519131
10579,8.136039,-0.1378727,0.0888529,-0.1247008,0.09393925,0.09393925,0.1520709
10580,8.136776,-0.1378583,0.08892305,-0.1246906,0.09391316,0.09391316,0.152087
10581,8.137474,-0.1378388,0.08896828,-0.1245855,0.09540107,0.09540107,0.1509656
10582,8.138186,-0.1378549,0.0890836,-0.1244146,0.095744,0.095744,0.1506473
10583,8.138915,-0.1378352,0.08912881,-0.1243095,0.09577359,0.09577359,0.1506091
10584,8.139709,-0.1378708,0.0891989,-0.1242436,0.09575038,0.09575038,0.1521556
10585,8.140452,-0.1378865,0.08931413,-0.1240727,0.0940126,0.0940126,0.1511282
10586,8.141318,-0.1378665,0.08935939,-0.1239677,0.0962181,0.0962181,0.1504555
10587,8.142063,-0.1378316,0.0894746,-0.1238525,0.09649862,0.09649862,0.1483128
10588,8.142786,-0.137867,0.08954456,-0.1237865,0.09649862,0.09649862,0.1483109
10589,8.143587,-0.1378967,0.08958976,-0.1236259,0.09642981,0.09642981,0.1489544
10590,8.14435,-0.1379171,0.08972964,-0.1235495,0.09757992,0.09757992,0.1464631
10591,8.145193,-0.1378966,0.08977485,-0.1234446,0.09942003,0.09942003,0.1448592
10592,8.145935,-0.1379316,0.08984476,-0.1233786,0.09939393,0.09939393,0.1448756
10593,8.146731,-0.1379109,0.08988994,-0.1232737,0.09777877,0.09777877,0.1448106
10594,8.147439,-0.1379459,0.08995984,-0.1232076,0.09961364,0.09961364,0.1427265
10595,8.148184,-0.1379599,0.09007487,-0.1230366,0.09962905,0.09962905,0.1412278
10596,8.150929,-0.1379871,0.09030481,-0.1226948,0.1026219,0.1026219,0.1380361
10597,8.151743,-0.1380215,0.09037457,-0.1226286,0.1025962,0.1025962,0.1380551
10598,8.15247,-0.1379852,0.09048946,-0.1225134,0.0997447,0.0997447,0.1376256
10599,8.15319,-0.1380195,0.09055921,-0.1224472,0.1013706,0.1013706,0.1372617
10600,8.153984,-0.1381033,0.0906289,-0.1223252,0.1011053,0.1011053,0.1372599
10601,8.154716,-0.1380323,0.09067403,-0.1222762,0.101099,0.101099,0.1372364
10602,8.155409,-0.1381006,0.0908134,-0.1221436,0.1027767,0.1027767,0.1349212
10603,8.156116,-0.1381347,0.09088306,-0.1220773,0.1018658,0.1018658,0.1346201
10604,8.156829,-0.1381281,0.09085847,-0.1219831,0.1018828,0.1018828,0.1345802
10605,8.157557,-0.1381468,0.09099776,-0.1219063,0.1021498,0.1021498,0.1327791
10606,8.158286,-0.1381808,0.0910674,-0.1218399,0.1014399,0.1014399,0.1321749
10607,8.159072,-0.1382146,0.09113696,-0.1217736,0.1015646,0.1015646,0.1310559
10608,8.159806,-0.138233,0.09127615,-0.1216966,0.1015399,0.1015399,0.1310769
10609,8.16052,-0.1382599,0.09132116,-0.121536,0.1052337,0.1052337,0.127803
10610,8.161427,-0.1382935,0.09139075,-0.1214696,0.1047707,0.1047707,0.1273261
10611,8.162277,-0.1383271,0.09146024,-0.1214031,0.1013297,0.1013297,0.1262548
10612,8.16304,-0.1383047,0.09150525,-0.1212985,0.102158,0.102158,0.1243015
10613,8.16388,-0.1383715,0.09164425,-0.1211655,0.102894,0.102894,0.1239811
10614,8.16464,-0.1384048,0.09171373,-0.1210989,0.102894,0.102894,0.1239905
10615,8.165399,-0.1384381,0.09178321,-0.1210324,0.1011679,0.1011679,0.1239838
10616,8.166117,-0.1384713,0.09185266,-0.1209658,0.09943666,0.09943666,0.1230309
10617,8.166866,-0.1385534,0.09192208,-0.1208432,0.1012097,0.1012097,0.1231228
10618,8.167621,-0.1384816,0.09196699,-0.1207946,0.1011958,0.1011958,0.1231068
10619,8.168372,-0.1385476,0.09210576,-0.1206613,0.101323,0.101323,0.1193529
10620,8.169123,-0.1385964,0.09210576,-0.1206053,0.1032429,0.1032429,0.1203571
10621,8.16984,-0.1386293,0.09217519,-0.1205386,0.1032197,0.1032197,0.1203835
10622,8.17058,-0.1386463,0.09231389,-0.1204612,0.1012324,0.1012324,0.1192109
10623,8.171318,-0.138679,0.09238324,-0.1203945,0.1044197,0.1044197,0.1183254
10624,8.172032,-0.1387118,0.09245256,-0.1203277,0.10189,0.10189,0.1184604
10625,8.172724,-0.1387444,0.09252191,-0.1202609,0.1018672,0.1018672,0.1184868
10626,8.173449,-0.1388256,0.09259118,-0.120138,0.1015361,0.1015361,0.1175436
10627,8.174171,-0.1388581,0.09266049,-0.1200712,0.09862162,0.09862162,0.1180255
10628,8.174868,-0.1388906,0.09272978,-0.1200043,0.09926497,0.09926497,0.1174175
10629,8.175603,-0.138923,0.092799,-0.1199374,0.09926497,0.09926497,0.1174294
10630,8.176309,-0.1389554,0.09286828,-0.1198705,0.1073299,0.1073299,0.1039358
10631,8.177062,-0.1389877,0.09293751,-0.1198036,0.1052745,0.1052745,0.1039435
10632,8.177801,-0.13902,0.09300673,-0.1197365,0.1052539,0.1052539,0.1039781
10633,8.178607,-0.1390521,0.09307596,-0.1196696,0.1072397,0.1072397,0.1047955
10634,8.179362,-0.1391163,0.09321433,-0.1195356,0.1047198,0.1047198,0.1035434
10635,8.18011,-0.1391484,0.09328346,-0.1194685,0.1053767,0.1053767,0.1033665
10636,8.180959,-0.1391803,0.09335265,-0.1194014,0.1044335,0.1044335,0.1041492
10637,8.181828,-0.1392123,0.09342182,-0.1193343,0.1043923,0.1043923,0.1041971
10638,8.182959,-0.1392759,0.09356005,-0.1192001,0.104958,0.104958,0.1034028
10639,8.183798,-0.1393241,0.09356005,-0.1191438,0.104958,0.104958,0.1034228
10640,8.18461,-0.1393874,0.09369822,-0.1190094,0.1028492,0.1028492,0.1033353
10641,8.185528,-0.1394191,0.0937673,-0.1189422,0.1034157,0.1034157,0.1035485
10642,8.186262,-0.1394026,0.09383635,-0.1189313,0.1025175,0.1025175,0.1026123
10643,8.186971,-0.1394821,0.09390539,-0.1188077,0.1022101,0.1022101,0.1021741
10644,8.187686,-0.1395301,0.09390539,-0.1187513,0.1022101,0.1022101,0.1021938
10645,8.188479,-0.1395929,0.09404346,-0.1186167,0.1004039,0.1004039,0.1016474
10646,8.189207,-0.1395763,0.09411246,-0.1186057,0.1015606,0.1015606,0.1026771
10647,8.189994,-0.1396076,0.09418142,-0.1185384,0.1006566,0.1006566,0.1017585
10648,8.190715,-0.1396388,0.09425042,-0.118471,0.1006365,0.1006365,0.1017908
10649,8.191424,-0.1396533,0.09438833,-0.1183927,0.09908076,0.09908076,0.1006694
10650,8.192488,-0.1397322,0.09445725,-0.1182688,0.09884826,0.09884826,0.1003742
10651,8.19326,-0.1397631,0.09452617,-0.1182013,0.1004619,0.1004619,0.1009635
10652,8.194028,-0.1397941,0.09459506,-0.1181339,0.09996486,0.09996486,0.1010422
10653,8.194803,-0.139825,0.09466396,-0.1180664,0.09996486,0.09996486,0.1010614
10654,8.195523,-0.1399035,0.09473287,-0.1179423,0.09909697,0.09909697,0.1018908
10655,8.196277,-0.1398866,0.09480173,-0.1179313,0.09856008,0.09856008,0.1004474
10656,8.197044,-0.1399173,0.09487055,-0.1178638,0.09854013,0.09854013,0.1004785
10657,8.197775,-0.139948,0.09493941,-0.1177962,0.09887509,0.09887509,0.1015315
10658,8.198524,-0.1400262,0.09500822,-0.117672,0.09777242,0.09777242,0.1004839
10659,8.199229,-0.1401019,0.0950968,-0.1176337,0.09775656,0.09775656,0.1005273
10660,8.199928,-0.1401323,0.09516561,-0.117566,0.09819372,0.09819372,0.1006649
10661,8.200676,-0.1401932,0.09530316,-0.1174306,0.09632688,0.09632688,0.1005799
10662,8.201559,-0.1402235,0.09537189,-0.1173628,0.09816229,0.09816229,0.1017502
10663,8.202278,-0.1402235,0.09537189,-0.1173628,0.09816229,0.09816229,0.1017502
10664,8.202909,-0.1402839,0.09550942,-0.1172273,0.09591693,0.09591693,0.1008081
10665,8.203618,-0.1403141,0.09557809,-0.1171595,0.09757318,0.09757318,0.101422
10666,8.204313,-0.1404168,0.09560235,-0.1171385,0.09757812,0.09757812,0.1014801
10667,8.205028,-0.1404769,0.09573971,-0.1170028,0.0986901,0.0986901,0.1007867
10668,8.205835,-0.1405069,0.09580843,-0.1169349,0.09899041,0.09899041,0.1009609
10669,8.206615,-0.1405194,0.09594575,-0.1168558,0.09872304,0.09872304,0.1015271
10670,8.207386,-0.1406057,0.09603912,-0.1168241,0.09919431,0.09919431,0.1003105
10671,8.208134,-0.1406529,0.09603912,-0.1167673,0.09920023,0.09920023,0.1003695
10672,8.208874,-0.1406652,0.09617636,-0.1166881,0.09971126,0.09971126,0.1001925
10673,8.209624,-0.140742,0.09624495,-0.1165632,0.1002889,0.1002889,0.1000705
10674,8.210383,-0.1407716,0.09631349,-0.1164951,0.1000162,0.1000162,0.1005806
10675,8.211213,-0.1407835,0.09645063,-0.1164158,0.09997544,0.09997544,0.1006229
10676,8.211934,-0.1408696,0.09654403,-0.1163838,0.1073858,0.1073858,0.09422989
10677,8.212628,-0.140899,0.09661254,-0.1163156,0.1057238,0.1057238,0.09306292
10678,8.213327,-0.1409283,0.09668104,-0.1162475,0.1057238,0.1057238,0.09308652
10679,8.214064,-0.1410045,0.09674953,-0.1161223,0.1056271,0.1056271,0.09388394
10680,8.214799,-0.1409868,0.09681801,-0.116111,0.1070241,0.1070241,0.09489856
10681,8.215522,-0.1410629,0.09688651,-0.1159858,0.1066889,0.1066889,0.09492584
10682,8.216287,-0.1411018,0.09697986,-0.1160105,0.1066813,0.1066813,0.09497929
10683,8.217016,-0.1411599,0.09711674,-0.1158738,0.1061801,0.1061801,0.09448538
10684,8.217764,-0.1411888,0.09718515,-0.1158055,0.108512,0.108512,0.09589045
10685,8.218464,-0.1412744,0.0972785,-0.115773,0.1091689,0.1091689,0.0965613
10686,8.219217,-0.1413033,0.09734691,-0.1157046,0.1091605,0.1091605,0.09663898
10687,8.220001,-0.1413608,0.09748364,-0.1155677,0.1087243,0.1087243,0.09573281
10688,8.220963,-0.1414181,0.09762032,-0.1154307,0.1099193,0.1099193,0.09597085
10689,8.22178,-0.1414181,0.09762032,-0.1154307,0.1113263,0.1113263,0.09704708
10690,8.222386,-0.141532,0.09778193,-0.1153294,0.1136495,0.1136495,0.09707931
10691,8.22313,-0.1415605,0.09785022,-0.1152608,0.1136275,0.1136275,0.09709239
10692,8.223849,-0.1415423,0.0979185,-0.1152494,0.1134202,0.1134202,0.09790275
10693,8.224615,-0.141674,0.09801182,-0.1151592,0.1133974,0.1133974,0.09819819
10694,8.225407,-0.1416841,0.09814831,-0.1150791,0.113872,0.113872,0.09731462
10695,8.226178,-0.1417123,0.09821653,-0.1150104,0.1138499,0.1138499,0.09735121
10696,8.22694,-0.1417686,0.09835291,-0.114873,0.1141065,0.1141065,0.09695655
10697,8.227644,-0.1417502,0.09842109,-0.1148615,0.1149169,0.1149169,0.0978683
10698,8.228456,-0.1418247,0.09848925,-0.1147355,0.1151957,0.1151957,0.09723297
10699,8.229175,-0.1418526,0.09855743,-0.1146666,0.1151733,0.1151733,0.09724597
10700,8.229931,-0.1419188,0.09871879,-0.1146218,0.1148129,0.1148129,0.09837143
10701,8.230739,-0.1419467,0.0987869,-0.1145529,0.1157106,0.1157106,0.0982743
10702,8.231534,-0.1419559,0.09892306,-0.1144725,0.117476,0.117476,0.09871642
10703,8.232257,-0.1420404,0.09901627,-0.1144389,0.1174898,0.1174898,0.098782
10704,8.232976,-0.1421142,0.09908435,-0.1143125,0.1193038,0.1193038,0.09828722
10705,8.235679,-0.1421231,0.09922038,-0.114232,0.1197642,0.1197642,0.0985335
10706,8.239152,-0.1423901,0.09988244,-0.1137954,0.12097,0.12097,0.09779073
10707,8.239937,-0.1424441,0.1000182,-0.113657,0.122505,0.122505,0.09720361
10708,8.240706,-0.142471,0.100086,-0.1135878,0.1236584,0.1236584,0.09761773
10709,8.241579,-0.1425357,0.100247,-0.1135418,0.1227835,0.1227835,0.09649047
10710,8.242279,-0.1425625,0.1003148,-0.1134725,0.1227835,0.1227835,0.09651237
10711,8.243051,-0.142635,0.1003826,-0.1133455,0.1238308,0.1238308,0.0970855
10712,8.243801,-0.1426159,0.1004504,-0.1133338,0.1238537,0.1238537,0.09719804
10713,8.244541,-0.142726,0.1006113,-0.1132299,0.1244372,0.1244372,0.09724333
10714,8.245349,-0.1427525,0.100679,-0.1131604,0.1244123,0.1244123,0.09730089
10715,8.246074,-0.1428167,0.1008398,-0.113114,0.1242279,0.1242279,0.09723666
10716,8.246846,-0.1427973,0.1009075,-0.1131022,0.1262858,0.1262858,0.09584305
10717,8.247669,-0.1428693,0.1009752,-0.112975,0.1273807,0.1273807,0.09649229
10718,8.248444,-0.1428761,0.1011105,-0.1128937,0.1287629,0.1287629,0.09603597
10719,8.249147,-0.1429593,0.1012036,-0.1128588,0.1287534,0.1287534,0.09611443
10720,8.249881,-0.1429854,0.1012713,-0.1127891,0.1272676,0.1272676,0.09549503
10721,8.25064,-0.142992,0.1014064,-0.1127078,0.1285726,0.1285726,0.09644364
10722,8.251351,-0.143018,0.101474,-0.1126381,0.1285466,0.1285466,0.09647952
10723,8.252082,-0.1430813,0.1016346,-0.1125911,0.1275991,0.1275991,0.0952877
10724,8.252916,-0.1431072,0.1017022,-0.1125214,0.127885,0.127885,0.09487143
10725,8.253757,-0.1431329,0.1017697,-0.1124517,0.1286334,0.1286334,0.09531975
10726,8.254619,-0.1432414,0.1019302,-0.1123466,0.1283153,0.1283153,0.09419887
10727,8.255395,-0.1432216,0.1019977,-0.1123347,0.1282798,0.1282798,0.09426968
10728,8.256143,-0.1432728,0.1021326,-0.1121952,0.1287326,0.1287326,0.09402174
10729,8.256867,-0.1432983,0.1022,-0.1121253,0.1291733,0.1291733,0.09460091
10730,8.257633,-0.1433608,0.1023604,-0.1120778,0.129827,0.129827,0.0941481
10731,8.258398,-0.1433608,0.1023604,-0.1120778,0.129827,0.129827,0.0941481
10732,8.259058,-0.1434115,0.1024952,-0.111938,0.1300854,0.1300854,0.09362239
10733,8.259791,-0.1434168,0.1026299,-0.1118561,0.1297918,0.1297918,0.09422151
10734,8.26055,-0.1434989,0.1027229,-0.1118203,0.1311717,0.1311717,0.0932944
10735,8.261523,-0.1435491,0.1028575,-0.1116803,0.1315184,0.1315184,0.09327151
10736,8.26233,-0.143529,0.1029248,-0.1116683,0.1314914,0.1314914,0.09328647
10737,8.263113,-0.143636,0.103085,-0.1115623,0.131121,0.131121,0.09295615
10738,8.263878,-0.1436158,0.1031523,-0.1115503,0.1312694,0.1312694,0.09286705
10739,8.264598,-0.1437225,0.1033124,-0.111444,0.1302669,0.1302669,0.09234523
10740,8.26537,-0.1437225,0.1033124,-0.111444,0.1302669,0.1302669,0.09236504
10741,8.266013,-0.1437718,0.1034468,-0.1113037,0.130557,0.130557,0.09119498
10742,8.266813,-0.1437965,0.103514,-0.1112336,0.130992,0.130992,0.09305923
10743,8.267574,-0.1438577,0.1036741,-0.1111851,0.1321493,0.1321493,0.09208831
10744,8.268325,-0.1438822,0.1037412,-0.1111149,0.132122,0.132122,0.09210321
10745,8.269181,-0.1438861,0.1038754,-0.1110325,0.1312895,0.1312895,0.09191383
10746,8.270015,-0.143947,0.1040353,-0.1109839,0.1334486,0.1334486,0.09220292
10747,8.270727,-0.1439713,0.1041024,-0.1109135,0.1332572,0.1332572,0.09169524
10748,8.271446,-0.1439749,0.1042365,-0.110831,0.1315326,0.1315326,0.09165747
10749,8.272161,-0.1440196,0.1042365,-0.1107728,0.1315052,0.1315052,0.09169101
10750,8.272882,-0.1441009,0.1043293,-0.1107361,0.1330182,0.1330182,0.09180897
10751,8.273614,-0.1441042,0.1044633,-0.1106535,0.132295,0.132295,0.09171604
10752,8.274397,-0.1441282,0.1045302,-0.1105831,0.1322674,0.1322674,0.09174953
10753,8.275137,-0.1441313,0.1046641,-0.1105005,0.1317933,0.1317933,0.09103463
10754,8.275858,-0.1441551,0.104731,-0.11043,0.1336587,0.1336587,0.09094519
10755,8.276586,-0.1442151,0.1048907,-0.1103808,0.1319913,0.1319913,0.09031493
10756,8.277319,-0.1442597,0.1048907,-0.1103225,0.1319913,0.1319913,0.09033296
10757,8.278033,-0.1442624,0.1050244,-0.1102397,0.1309269,0.1309269,0.09159373
10758,8.278771,-0.1443432,0.1051172,-0.1102026,0.1313983,0.1313983,0.09104135
10759,8.279477,-0.1443902,0.1052508,-0.1100613,0.1309586,0.1309586,0.09071083
10760,8.280196,-0.1443691,0.1053176,-0.1100491,0.1309308,0.1309308,0.09074292
10761,8.281065,-0.1444496,0.1054105,-0.1100118,0.1313733,0.1313733,0.09104988
10762,8.281818,-0.1444729,0.1054772,-0.1099411,0.1306951,0.1306951,0.09005401
10763,8.282641,-0.1445194,0.1056107,-0.1097997,0.1317679,0.1317679,0.09148748
10764,8.283401,-0.144477,0.1057441,-0.109775,0.1317398,0.1317398,0.09150151
10765,8.284127,-0.1445445,0.1058107,-0.1096459,0.132206,0.132206,0.09149233
10766,8.284919,-0.1445232,0.1058774,-0.1096336,0.1308932,0.1308932,0.09055936
10767,8.285673,-0.1445691,0.1060107,-0.1094921,0.1320554,0.1320554,0.09242617
10768,8.286404,-0.1446705,0.1060368,-0.1094667,0.1320733,0.1320733,0.09248505
10769,8.287143,-0.1446506,0.1062366,-0.1093712,0.1299445,0.1299445,0.0931321
10770,8.287902,-0.1446948,0.1062366,-0.1093127,0.1305527,0.1305527,0.09223997
10771,8.288629,-0.1447401,0.1063697,-0.109171,0.1298603,0.1298603,0.09287123
10772,8.289423,-0.1447186,0.1064362,-0.1091586,0.1298321,0.1298321,0.09290174
10773,8.290159,-0.1448425,0.1065289,-0.1090622,0.1300246,0.1300246,0.09378404
10774,8.290865,-0.144821,0.1065954,-0.1090498,0.1289587,0.1289587,0.0935486
10775,8.291591,-0.1448658,0.1067284,-0.1089079,0.1281402,0.1281402,0.09467915
10776,8.292317,-0.1448882,0.1067948,-0.1088369,0.1280841,0.1280841,0.09472159
10777,8.293023,-0.1448888,0.1069277,-0.1087535,0.128404,0.128404,0.09530635
10778,8.293771,-0.144911,0.1069941,-0.1086825,0.1283527,0.1283527,0.09440045
10779,8.294473,-0.1449904,0.1070867,-0.1086443,0.1264158,0.1264158,0.09494302
10780,8.295191,-0.1450564,0.1071531,-0.1085147,0.1263878,0.1263878,0.09497183
10781,8.296041,-0.1450566,0.1072858,-0.1084311,0.1270688,0.1270688,0.09644784
10782,8.296759,-0.1450785,0.1073521,-0.1083601,0.1272088,0.1272088,0.09723696
10783,8.297462,-0.1450784,0.1074848,-0.1082764,0.1271519,0.1271519,0.09727731
10784,8.298393,-0.1451002,0.107551,-0.1082053,0.1274889,0.1274889,0.0976579
10785,8.299215,-0.1451656,0.1076173,-0.1080756,0.1266891,0.1266891,0.09921855
10786,8.299982,-0.1452226,0.1077761,-0.1080244,0.1270081,0.1270081,0.100836
10787,8.300735,-0.1452441,0.1078423,-0.1079532,0.1269792,0.1269792,0.1008638
10788,8.301662,-0.1452871,0.1079746,-0.1078108,0.1246763,0.1246763,0.1011874
10789,8.302413,-0.1453085,0.1080408,-0.1077396,0.1243246,0.1243246,0.1010502
10790,8.303135,-0.1453733,0.108107,-0.1076096,0.12415,0.12415,0.1029537
10791,8.303869,-0.1453511,0.1081731,-0.1075971,0.1241215,0.1241215,0.1029807
10792,8.304603,-0.1453935,0.1083053,-0.1074545,0.1235857,0.1235857,0.1029882
10793,8.30533,-0.1454147,0.1083714,-0.1073832,0.123486,0.123486,0.1038572
10794,8.306038,-0.1454791,0.1084375,-0.1072531,0.1239507,0.1239507,0.1041087
10795,8.306752,-0.1454567,0.1085036,-0.1072406,0.1239221,0.1239221,0.1041354
10796,8.307496,-0.1454986,0.1086356,-0.1070979,0.1158071,0.1158071,0.1134799
10797,8.3084,-0.1455194,0.1087016,-0.1070266,0.1157779,0.1157779,0.1134995
10798,8.309141,-0.1455834,0.1087676,-0.1068964,0.1163685,0.1163685,0.1151204
10799,8.309904,-0.1455609,0.1088336,-0.1068838,0.1163392,0.1163392,0.1151401
10800,8.31064,-0.1456022,0.1089655,-0.106741,0.1146625,0.1146625,0.1148728
10801,8.311389,-0.1456658,0.1090314,-0.1066108,0.1150224,0.1150224,0.1185061
10802,8.312126,-0.1456636,0.1091632,-0.1065267,0.1141421,0.1141421,0.1194045
10803,8.312843,-0.1457641,0.1091896,-0.1064997,0.114148,0.114148,0.1194626
10804,8.313687,-0.1458048,0.1093213,-0.1063568,0.1193905,0.1193905,0.1145198
10805,8.314414,-0.145825,0.1093872,-0.1062853,0.1179504,0.1179504,0.1144001
10806,8.315137,-0.1458881,0.109453,-0.1061548,0.1171383,0.1171383,0.1153428
10807,8.315868,-0.1459082,0.1095188,-0.1060833,0.1171099,0.1171099,0.1153497
10808,8.316557,-0.1459711,0.1095846,-0.1059527,0.1167396,0.1167396,0.1157418
10809,8.317278,-0.145991,0.1096504,-0.1058812,0.1158544,0.1158544,0.1186915
10810,8.318023,-0.1460308,0.1097819,-0.105738,0.114044,0.114044,0.1197444
10811,8.318756,-0.1460079,0.1098476,-0.1057254,0.114044,0.114044,0.1197626
10812,8.319468,-0.14609,0.109979,-0.1055232,0.1140931,0.1140931,0.1196947
10813,8.320233,-0.1461096,0.1100446,-0.1054515,0.1155544,0.1155544,0.1225246
10814,8.323077,-0.1461717,0.1101103,-0.1053208,0.1113328,0.1113328,0.1263916
10815,8.323843,-0.1462917,0.1103728,-0.104975,0.1121555,0.1121555,0.1304307
10816,8.324577,-0.1463533,0.1104383,-0.1048441,0.1096033,0.1096033,0.1296728
10817,8.325376,-0.1463725,0.1105039,-0.1047724,0.1096597,0.1096597,0.1323963
10818,8.326102,-0.1464106,0.1106349,-0.1046289,0.1083025,0.1083025,0.1325524
10819,8.326844,-0.1464528,0.1106349,-0.1045697,0.1082744,0.1082744,0.1325883
10820,8.327539,-0.1464484,0.1107659,-0.1044853,0.1079126,0.1079126,0.1332586
10821,8.328358,-0.1465328,0.1107659,-0.1043669,0.10781,0.10781,0.132527
10822,8.32919,-0.1465703,0.1108969,-0.1042233,0.1072655,0.1072655,0.1362876
10823,8.329988,-0.1466311,0.1109623,-0.1040922,0.1063758,0.1063758,0.1369589
10824,8.330725,-0.1466262,0.1110931,-0.1040078,0.106348,0.106348,0.136978
10825,8.331423,-0.1466867,0.1111585,-0.1038767,0.1056601,0.1056601,0.1365374
10826,8.332139,-0.1467051,0.1112239,-0.1038048,0.1050957,0.1050957,0.1343397
10827,8.332966,-0.1467654,0.1112892,-0.1036736,0.1049376,0.1049376,0.1367218
10828,8.333696,-0.1467837,0.1113546,-0.1036017,0.1049101,0.1049101,0.1367404
10829,8.334425,-0.1468438,0.1114199,-0.1034705,0.1035449,0.1035449,0.1362238
10830,8.335215,-0.1468619,0.1114852,-0.1033985,0.1020633,0.1020633,0.136857
10831,8.335924,-0.1469217,0.1115505,-0.1032672,0.1008005,0.1008005,0.1372212
10832,8.336633,-0.1469397,0.1116157,-0.1031953,0.100774,0.100774,0.1372394
10833,8.337339,-0.1469814,0.1116157,-0.1031359,0.102071,0.102071,0.1369126
10834,8.338031,-0.1470172,0.1117462,-0.1029919,0.09937865,0.09937865,0.1383329
10835,8.338753,-0.1470588,0.1117462,-0.1029326,0.09937865,0.09937865,0.1383519
10836,8.339501,-0.1470942,0.1118766,-0.1027886,0.09768763,0.09768763,0.1358073
10837,8.340287,-0.1471295,0.1120069,-0.1026445,0.09804183,0.09804183,0.1368908
10838,8.341166,-0.147171,0.1120069,-0.102585,0.09797695,0.09797695,0.1379746
10839,8.341907,-0.1471884,0.1120721,-0.102513,0.09797695,0.09797695,0.1379935
10840,8.34284,-0.1472473,0.1121372,-0.1023814,0.09431379,0.09431379,0.1363146
10841,8.343743,-0.147306,0.1122023,-0.1022498,0.09349847,0.09349847,0.1372535
10842,8.344626,-0.1473646,0.1122674,-0.1021182,0.09652271,0.09652271,0.1377137
10843,8.345401,-0.147423,0.1123325,-0.1019866,0.09344427,0.09344427,0.1382444
10844,8.34612,-0.14744,0.1123976,-0.1019145,0.09211351,0.09211351,0.1380941
10845,8.346839,-0.1474572,0.1124626,-0.1018423,0.0920889,0.0920889,0.1381108
10846,8.347564,-0.1475153,0.1125276,-0.1017106,0.0901513,0.0901513,0.138411
10847,8.348291,-0.1475322,0.1125926,-0.1016385,0.08743014,0.08743014,0.1373209
10848,8.349032,-0.14759,0.1126576,-0.1015067,0.08988141,0.08988141,0.1369773
10849,8.349811,-0.147631,0.1126576,-0.101447,0.08988141,0.08988141,0.136997
10850,8.350565,-0.1476645,0.1127875,-0.1013027,0.08729414,0.08729414,0.1377049
10851,8.351274,-0.1477054,0.1127875,-0.101243,0.08747608,0.08747608,0.1377287
10852,8.351985,-0.1477628,0.1128525,-0.101111,0.08418889,0.08418889,0.137372
10853,8.352762,-0.1477794,0.1129174,-0.1010389,0.08416625,0.08416625,0.1373878
10854,8.35351,-0.1478366,0.1129823,-0.1009069,0.08661653,0.08661653,0.137552
10855,8.354233,-0.1478774,0.1129823,-0.1008471,0.08432948,0.08432948,0.1367091
10856,8.354983,-0.1479344,0.1130472,-0.1007152,0.08100576,0.08100576,0.1370738
10857,8.355784,-0.1479507,0.113112,-0.1006429,0.08098391,0.08098391,0.1370891
10858,8.356523,-0.1480075,0.1131769,-0.1005108,0.08107322,0.08107322,0.1362362
10859,8.357244,-0.1480887,0.1131769,-0.1003911,0.07729281,0.07729281,0.1355067
10860,8.357975,-0.1480802,0.1133065,-0.1003064,0.07658822,0.07658822,0.1353535
10861,8.358715,-0.1481207,0.1133065,-0.1002465,0.07656749,0.07656749,0.1353683
10862,8.359441,-0.1481771,0.1133713,-0.1001143,0.07675321,0.07675321,0.1355509
10863,8.360181,-0.148193,0.1134361,-0.100042,0.0761874,0.0761874,0.135061
10864,8.361032,-0.1482738,0.1134361,-0.09992225,0.07596269,0.07596269,0.1344138
10865,8.36175,-0.1482895,0.1135009,-0.0998499,0.07594206,0.07594206,0.1344282
10866,8.362545,-0.1483455,0.1135656,-0.09971759,0.0735409,0.0735409,0.1343553
10867,8.363341,-0.1483858,0.1135656,-0.09965767,0.07399107,0.07399107,0.1349919
10868,8.364079,-0.1484818,0.1136303,-0.09946529,0.0708456,0.0708456,0.1339028
10869,8.364771,-0.148457,0.113695,-0.09945288,0.07082631,0.07082631,0.1339168
10870,8.365453,-0.1485126,0.1137597,-0.0993205,0.07107452,0.07107452,0.1340899
10871,8.366166,-0.1485527,0.1137597,-0.09926045,0.07069797,0.07069797,0.1335995
10872,8.366858,-0.148528,0.1138244,-0.09924805,0.07067868,0.07067868,0.1335917
10873,8.367579,-0.1486233,0.113889,-0.0990556,0.06896254,0.06896254,0.1319366
10874,8.368411,-0.1486785,0.1139537,-0.09892308,0.06873331,0.06873331,0.1324268
10875,8.369216,-0.1487185,0.1139537,-0.09886299,0.06838387,0.06838387,0.1325749
10876,8.369925,-0.1487086,0.1140829,-0.09877817,0.06809259,0.06809259,0.132192
10877,8.370672,-0.1487485,0.1140829,-0.09871806,0.06807394,0.06807394,0.1322051
10878,8.37138,-0.1487884,0.1140829,-0.09865794,0.06903192,0.06903192,0.1319314
10879,8.372074,-0.1488829,0.1141475,-0.09846519,0.06692674,0.06692674,0.1316649
10880,8.372842,-0.1488829,0.1141475,-0.09846519,0.06692674,0.06692674,0.1316863
10881,8.373505,-0.1489374,0.1142121,-0.09833249,0.06526405,0.06526405,0.1308477
10882,8.374339,-0.1489521,0.1142766,-0.09825998,0.06614269,0.06614269,0.1307294
10883,8.375091,-0.1490315,0.1142766,-0.09813955,0.06479598,0.06479598,0.1310694
10884,8.375883,-0.1490711,0.1142766,-0.09807935,0.06479598,0.06479598,0.1310908
10885,8.376619,-0.1491002,0.1144056,-0.0979343,0.06229843,0.06229843,0.1303771
10886,8.377319,-0.1491146,0.1144701,-0.09786173,0.06369846,0.06369846,0.1299198
10887,8.378057,-0.1491937,0.1144701,-0.09774118,0.0641102,0.0641102,0.1306091
10888,8.378754,-0.1491937,0.1144701,-0.09774118,0.0641102,0.0641102,0.1306091
10889,8.379377,-0.1492475,0.1145346,-0.09760834,0.06256667,0.06256667,0.1305812
10890,8.380115,-0.1493011,0.114599,-0.09747541,0.06248122,0.06248122,0.1300102
10891,8.380965,-0.1493546,0.1146635,-0.09734251,0.06341172,0.06341172,0.130688
10892,8.381669,-0.1493546,0.1146635,-0.09734251,0.06341172,0.06341172,0.130688
10893,8.382295,-0.149408,0.1147279,-0.09720952,0.06273028,0.06273028,0.1288884
10894,8.383065,-0.1494612,0.1147923,-0.09707652,0.06142932,0.06142932,0.1288824
10895,8.383841,-0.1494612,0.1147923,-0.09707652,0.06142932,0.06142932,0.1289035
10896,8.38451,-0.1495143,0.1148567,-0.09694347,0.0605774,0.0605774,0.1288951
10897,8.385222,-0.1495535,0.1148567,-0.09688304,0.06005324,0.06005324,0.1282453
10898,8.385973,-0.1496064,0.1149211,-0.09674998,0.06050171,0.06050171,0.1281402
10899,8.389635,-0.1498031,0.1151141,-0.09628996,0.0597893,0.0597893,0.1275664
10900,8.390445,-0.1498554,0.1151784,-0.09615674,0.05744004,0.05744004,0.1276408
10901,8.391212,-0.1498554,0.1151784,-0.09615674,0.05722639,0.05722639,0.1270003
10902,8.391891,-0.1499076,0.1152427,-0.09602344,0.05722639,0.05722639,0.1270213
10903,8.39263,-0.1499851,0.1152427,-0.09590229,0.05685078,0.05685078,0.1268778
10904,8.393476,-0.150037,0.115307,-0.09576892,0.05674887,0.05674887,0.1270044
10905,8.394217,-0.1500114,0.1153712,-0.0957568,0.05642849,0.05642849,0.1268773
10906,8.394917,-0.1500887,0.1153712,-0.09563556,0.05696736,0.05696736,0.1267667
10907,8.395638,-0.1501404,0.1154354,-0.09550212,0.05695144,0.05695144,0.126777
10908,8.396359,-0.1501404,0.1154354,-0.09550212,0.05654838,0.05654838,0.1268851
10909,8.396999,-0.1501918,0.1154996,-0.09536869,0.05480418,0.05480418,0.1273264
10910,8.397701,-0.1502432,0.1155638,-0.09523521,0.05480418,0.05480418,0.1273475
10911,8.398391,-0.1502816,0.1155638,-0.09517448,0.05538242,0.05538242,0.1284529
10912,8.399116,-0.1503585,0.1155638,-0.09505302,0.05511374,0.05511374,0.128519
10913,8.399818,-0.1503712,0.115628,-0.09498023,0.05509829,0.05509829,0.128529
10914,8.400535,-0.1504479,0.115628,-0.0948587,0.05362475,0.05362475,0.1278291
10915,8.401417,-0.1504987,0.1156922,-0.09472505,0.05296108,0.05296108,0.1285493
10916,8.402142,-0.150537,0.1156922,-0.09466422,0.05185783,0.05185783,0.1288445
10917,8.402907,-0.1505494,0.1157563,-0.09459142,0.05184327,0.05184327,0.1288543
10918,8.403759,-0.1506258,0.1157563,-0.09446971,0.05246078,0.05246078,0.1290299
10919,8.406448,-0.1506763,0.1158204,-0.09433601,0.05244603,0.05244603,0.1299513
10920,8.407228,-0.1508527,0.1159486,-0.09394659,0.0531681,0.0531681,0.1317701
10921,8.407933,-0.1508647,0.1160126,-0.09387369,0.0513334,0.0513334,0.1314915
10922,8.408685,-0.1509405,0.1160126,-0.09375176,0.0513334,0.0513334,0.1315359
10923,8.409391,-0.1509524,0.1160767,-0.09367885,0.05023044,0.05023044,0.1319723
10924,8.410091,-0.1510281,0.1160767,-0.09355681,0.05059777,0.05059777,0.1324913
10925,8.410848,-0.1510398,0.1161407,-0.09348392,0.05058347,0.05058347,0.1325006
10926,8.411602,-0.1511153,0.1161407,-0.09336185,0.04998123,0.04998123,0.1328076
10927,8.412372,-0.151127,0.1162047,-0.09328889,0.04880197,0.04880197,0.1314622
10928,8.413082,-0.1512023,0.1162047,-0.09316675,0.0481698,0.0481698,0.1328823
10929,8.413793,-0.15124,0.1162047,-0.09310564,0.0481698,0.0481698,0.1329052
10930,8.414513,-0.1512793,0.1162474,-0.09288906,0.04830259,0.04830259,0.1337264
10931,8.415258,-0.1512532,0.1163113,-0.09287725,0.0482889,0.0482889,0.1337355
10932,8.415964,-0.1513395,0.1163753,-0.09268202,0.04836649,0.04836649,0.1342664
10933,8.416752,-0.151377,0.1163753,-0.09262089,0.04824638,0.04824638,0.1343497
10934,8.417496,-0.1514255,0.1164392,-0.09248677,0.04782844,0.04782844,0.1344154
10935,8.418217,-0.1514629,0.1164392,-0.09242553,0.04781487,0.04781487,0.1344012
10936,8.418965,-0.1515113,0.1165031,-0.09229138,0.04810791,0.04810791,0.1349127
10937,8.419721,-0.1515486,0.1165031,-0.09223018,0.04754769,0.04754769,0.1349313
10938,8.420449,-0.1515968,0.116567,-0.0920959,0.04739764,0.04739764,0.1354676
10939,8.421337,-0.151634,0.116567,-0.09203466,0.04739764,0.04739764,0.1354908
10940,8.422061,-0.1516821,0.1166309,-0.09190039,0.04842926,0.04842926,0.1367262
10941,8.42279,-0.1517192,0.1166309,-0.09183908,0.047757,0.047757,0.1367557
10942,8.4236,-0.151746,0.1166686,-0.09161772,0.04676796,0.04676796,0.13763
10943,8.424313,-0.151783,0.1166686,-0.09155639,0.04676796,0.04676796,0.13763
10944,8.425004,-0.1518306,0.1167324,-0.09142207,0.04665061,0.04665061,0.1375429
10945,8.425744,-0.1518675,0.1167324,-0.09136074,0.04520582,0.04520582,0.1380439
10946,8.42648,-0.1519149,0.1167962,-0.0912263,0.04525267,0.04525267,0.1384647
10947,8.42722,-0.1518926,0.1167696,-0.09113893,0.04525055,0.04525055,0.1384354
10948,8.427983,-0.1519765,0.1168334,-0.09094313,0.0408074,0.0408074,0.1424073
10949,8.428734,-0.1519765,0.1168334,-0.09094313,0.04209566,0.04209566,0.1425031
10950,8.429401,-0.1520602,0.1168972,-0.09074728,0.04092269,0.04092269,0.1433167
10951,8.430123,-0.1520968,0.1168972,-0.09068582,0.04092269,0.04092269,0.1433368
10952,8.430941,-0.1521435,0.1169609,-0.09055137,0.03989489,0.03989489,0.1433459
10953,8.431767,-0.1521801,0.1169609,-0.09048991,0.04099788,0.04099788,0.1435911
10954,8.432556,-0.1522038,0.116998,-0.0902681,0.0409122,0.0409122,0.1436708
10955,8.43333,-0.1522038,0.116998,-0.0902681,0.0409122,0.0409122,0.1436908
10956,8.434059,-0.1522501,0.1170617,-0.09013356,0.04077562,0.04077562,0.1444515
10957,8.434799,-0.1523228,0.1170617,-0.09001051,0.04031303,0.04031303,0.1438611
10958,8.435638,-0.1523689,0.1171254,-0.08987591,0.04029961,0.04029961,0.1438839
10959,8.436378,-0.1524052,0.1171254,-0.08981432,0.04029961,0.04029961,0.1438839
10960,8.437129,-0.1523916,0.1171624,-0.0896542,0.04067246,0.04067246,0.1447055
10961,8.437858,-0.1524278,0.1171624,-0.08959264,0.03869906,0.03869906,0.1445561
10962,8.43859,-0.1524735,0.1172261,-0.089458,0.03868594,0.03868594,0.1453447
10963,8.439329,-0.1525097,0.1172261,-0.08939638,0.03868594,0.03868594,0.1453645
10964,8.440122,-0.1525551,0.1172898,-0.08926169,0.03846079,0.03846079,0.1451712
10965,8.441061,-0.1526632,0.1172898,-0.08907671,0.03818068,0.03818068,0.1443131
10966,8.441876,-0.1526724,0.1173534,-0.08900365,0.03867844,0.03867844,0.1448553
10967,8.442632,-0.1527443,0.1173534,-0.08888026,0.03863,0.03863,0.1441204
10968,8.443352,-0.1527802,0.1173534,-0.08881853,0.03863,0.03863,0.144159
10969,8.444082,-0.1527656,0.1173903,-0.08865857,0.0386331,0.0386331,0.1464639
10970,8.444827,-0.1528014,0.1173903,-0.08859687,0.03649734,0.03649734,0.1438832
10971,8.445571,-0.1528729,0.1173903,-0.08847338,0.03649734,0.03649734,0.144778
10972,8.446337,-0.1528818,0.117454,-0.08840028,0.03648489,0.03648489,0.1447801
10973,8.447136,-0.1529532,0.117454,-0.08827672,0.03576186,0.03576186,0.1442524
10974,8.447912,-0.1530601,0.117454,-0.08809122,0.03576186,0.03576186,0.144527
10975,8.448651,-0.1530688,0.1175175,-0.08801817,0.03574962,0.03574962,0.144703
10976,8.449541,-0.1530802,0.1174909,-0.08786958,0.03347853,0.03347853,0.1445054
10977,8.450336,-0.1530887,0.1175544,-0.08779652,0.03346689,0.03346689,0.1445071
10978,8.45112,-0.1531596,0.1175544,-0.0876728,0.03354035,0.03354035,0.1445732
10979,8.451825,-0.153195,0.1175544,-0.08761093,0.03325437,0.03325437,0.1452692
10980,8.452529,-0.1532388,0.117618,-0.08747593,0.03273288,0.03273288,0.1437389
10981,8.453316,-0.1533094,0.117618,-0.0873521,0.03273288,0.03273288,0.1437588
10982,8.4541,-0.15338,0.117618,-0.08722815,0.03210611,0.03210611,0.1445506
10983,8.454842,-0.1534152,0.117618,-0.08716616,0.03167143,0.03167143,0.1447185
10984,8.455548,-0.1534586,0.1176815,-0.08703106,0.02917807,0.02917807,0.1453448
10985,8.456383,-0.1534938,0.1176815,-0.08696903,0.02917807,0.02917807,0.1453854
10986,8.457097,-0.153564,0.1176815,-0.08684498,0.02854359,0.02854359,0.1450336
10987,8.457844,-0.153572,0.117745,-0.08677191,0.03364637,0.03364637,0.1400161
10988,8.458575,-0.1536421,0.117745,-0.08664776,0.03286364,0.03286364,0.1395001
10989,8.459291,-0.1536771,0.117745,-0.08658566,0.03286364,0.03286364,0.1395249
10990,8.460041,-0.1537819,0.117745,-0.08639932,0.03286364,0.03286364,0.1395949
10991,8.460913,-0.1538246,0.1178084,-0.08626407,0.0328541,0.0328541,0.1396253
10992,8.461631,-0.1538594,0.1178084,-0.08620187,0.02900328,0.02900328,0.1385555
10993,8.462337,-0.1538943,0.1178084,-0.08613968,0.02900328,0.02900328,0.1385807
10994,8.463104,-0.1538767,0.1178453,-0.08598024,0.0289933,0.0289933,0.1394223
10995,8.463845,-0.1539114,0.1178453,-0.08591808,0.02530869,0.02530869,0.1427994
10996,8.464561,-0.1539808,0.1178453,-0.08579366,0.02549472,0.02549472,0.142239
10997,8.465285,-0.1540155,0.1178453,-0.08573142,0.02549472,0.02549472,0.1422609
10998,8.465994,-0.1540921,0.1179087,-0.08553383,0.02522482,0.02522482,0.1426937
10999,8.466732,-0.1541266,0.1179087,-0.08547155,0.02522482,0.02522482,0.1431119
11000,8.467474,-0.1541957,0.1179087,-0.08534694,0.02522482,0.02522482,0.1431516
11001,8.468152,-0.1542301,0.1179087,-0.08528467,0.02522482,0.02522482,0.1431735
11002,8.4689,-0.1542717,0.1179721,-0.08514921,0.02488342,0.02488342,0.1414983
11003,8.469604,-0.1543061,0.1179721,-0.08508685,0.02488342,0.02488342,0.1423099
11004,8.470336,-0.1543405,0.1179721,-0.08502445,0.02488342,0.02488342,0.1423323
11005,8.471055,-0.1544434,0.1179721,-0.08483735,0.02451469,0.02451469,0.1423751
11006,8.471786,-0.1544434,0.1179721,-0.08483735,0.02703499,0.02703499,0.1402867
11007,8.472461,-0.1545189,0.1180355,-0.08463933,0.02469254,0.02469254,0.1391204
11008,8.473218,-0.1545531,0.1180355,-0.08457691,0.02469254,0.02469254,0.1391459
11009,8.474033,-0.1546214,0.1180355,-0.08445197,0.02469254,0.02469254,0.1399856
11010,8.474821,-0.1546281,0.1180989,-0.08437879,0.02469254,0.02469254,0.1392727
11011,8.475884,-0.1547303,0.1180989,-0.08419126,0.02504962,0.02504962,0.1399682
11012,8.476609,-0.1547983,0.1180989,-0.0840662,0.02504962,0.02504962,0.1392342
11013,8.477376,-0.1547983,0.1180989,-0.0840662,0.02504962,0.02504962,0.1392595
11014,8.478029,-0.1548727,0.1181623,-0.08386791,0.02431738,0.02431738,0.1392987
11015,8.478897,-0.1549404,0.1181623,-0.08374274,0.02431738,0.02431738,0.1393746
11016,8.479734,-0.1549742,0.1181623,-0.08368008,0.02431738,0.02431738,0.1399665
11017,8.480574,-0.1550144,0.1182256,-0.08354428,0.02414423,0.02414423,0.139919
11018,8.481471,-0.1550818,0.1182256,-0.08341897,0.02332131,0.02332131,0.1400151
11019,8.482196,-0.1551155,0.1182256,-0.08335633,0.02332131,0.02332131,0.1400406
11020,8.482911,-0.1551828,0.1182256,-0.08323096,0.02332131,0.02332131,0.1395972
11021,8.48364,-0.1552501,0.1182256,-0.08310547,0.02281167,0.02281167,0.1400673
11022,8.484358,-0.1552561,0.118289,-0.08303228,0.022805,0.022805,0.1400717
11023,8.48511,-0.1553231,0.118289,-0.0829068,0.02202498,0.02202498,0.1393186
11024,8.485911,-0.1553901,0.118289,-0.08278124,0.02202498,0.02202498,0.1401362
11025,8.486676,-0.1554235,0.118289,-0.08271844,0.02202825,0.02202825,0.1390189
11026,8.487459,-0.1554628,0.1183522,-0.08258238,0.02170824,0.02170824,0.1389194
11027,8.488262,-0.1554961,0.1183522,-0.08251959,0.02170824,0.02170824,0.1389446
11028,8.489022,-0.1555628,0.1183522,-0.08239392,0.02170824,0.02170824,0.1390206
11029,8.489775,-0.155596,0.1183522,-0.08233105,0.02141459,0.02141459,0.1398273
11030,8.490499,-0.1556681,0.1184155,-0.08213203,0.02128446,0.02128446,0.1394
11031,8.491234,-0.1556408,0.1183889,-0.08204649,0.02128332,0.02128332,0.1393714
11032,8.493887,-0.1557071,0.1183889,-0.08192068,0.02002069,0.02002069,0.1403625
11033,8.494692,-0.1558776,0.1184522,-0.08153272,0.01952572,0.01952572,0.1402549
11034,8.495494,-0.1559105,0.1184522,-0.08146972,0.01952572,0.01952572,0.1402792
11035,8.496233,-0.1559763,0.1184522,-0.08134369,0.01952572,0.01952572,0.1397869
11036,8.496979,-0.1560092,0.1184522,-0.08128068,0.01905901,0.01905901,0.1398361
11037,8.497708,-0.1560748,0.1184522,-0.08115453,0.01905901,0.01905901,0.1402988
11038,8.498421,-0.1560798,0.1185154,-0.08108129,0.01905302,0.01905302,0.1403013
11039,8.499187,-0.1561453,0.1185154,-0.08095516,0.01840528,0.01840528,0.14025
11040,8.499879,-0.1562107,0.1185154,-0.08082893,0.01920188,0.01920188,0.1395431
11041,8.500607,-0.1562759,0.1185154,-0.08070268,0.01920188,0.01920188,0.1389944
11042,8.501502,-0.1562759,0.1185154,-0.08070268,0.01920188,0.01920188,0.1389944
11043,8.502138,-0.1563459,0.1185786,-0.08050308,0.01906099,0.01906099,0.1391541
11044,8.502954,-0.1563784,0.1185786,-0.08043993,0.01906099,0.01906099,0.1403091
11045,8.503753,-0.1564434,0.1185786,-0.08031351,0.01934767,0.01934767,0.1401015
11046,8.504503,-0.156448,0.1186419,-0.08024023,0.01934198,0.01934198,0.1401046
11047,8.505249,-0.1565452,0.1186419,-0.0800505,0.01974599,0.01974599,0.1402593
11048,8.505994,-0.1565775,0.1186419,-0.07998727,0.01974599,0.01974599,0.140106
11049,8.506711,-0.1566098,0.1186419,-0.07992399,0.01928231,0.01928231,0.1402196
11050,8.507421,-0.1566421,0.1186419,-0.07986073,0.01928231,0.01928231,0.1402445
11051,8.508113,-0.1567109,0.118705,-0.07966081,0.01927663,0.01927663,0.139605
11052,8.508815,-0.1567109,0.118705,-0.07966081,0.01860677,0.01860677,0.1401913
11053,8.509481,-0.1567752,0.118705,-0.07953416,0.01860677,0.01860677,0.1402161
11054,8.510215,-0.1568394,0.118705,-0.07940742,0.01860677,0.01860677,0.1394909
11055,8.511002,-0.1568715,0.118705,-0.07934407,0.01860677,0.01860677,0.1389004
11056,8.511773,-0.1568756,0.1187682,-0.07927078,0.01807583,0.01807583,0.1381018
11057,8.512593,-0.1569716,0.1187682,-0.07908053,0.01787035,0.01787035,0.1379348
11058,8.513333,-0.1570036,0.1187682,-0.07901713,0.01787035,0.01787035,0.1379592
11059,8.514068,-0.1570674,0.1187682,-0.0788902,0.01787035,0.01787035,0.1377444
11060,8.514806,-0.1570992,0.1187682,-0.07882672,0.01787035,0.01787035,0.1381047
11061,8.515535,-0.1571311,0.1187682,-0.07876327,0.01787035,0.01787035,0.1381289
11062,8.516256,-0.1572264,0.1187682,-0.07857271,0.01807713,0.01807713,0.1389893
11063,8.517029,-0.1572582,0.1187682,-0.0785092,0.01807713,0.01807713,0.1384522
11064,8.517745,-0.1572619,0.1188314,-0.07843588,0.01708934,0.01708934,0.1380638
11065,8.518498,-0.1572936,0.1188314,-0.07837233,0.01708934,0.01708934,0.138088
11066,8.519203,-0.1573884,0.1188314,-0.07818161,0.01688146,0.01688146,0.1384465
11067,8.519982,-0.157392,0.1188945,-0.07810825,0.01746828,0.01746828,0.1384058
11068,8.521215,-0.1574865,0.1188945,-0.07791746,0.01746828,0.01746828,0.1389582
11069,8.522123,-0.1575495,0.1188945,-0.07779014,0.01718955,0.01718955,0.1386374
11070,8.522883,-0.1575809,0.1188945,-0.07772647,0.01718955,0.01718955,0.1384017
11071,8.523585,-0.1576436,0.1188945,-0.07759912,0.01718955,0.01718955,0.1379285
11072,8.524303,-0.1577063,0.1188945,-0.07747168,0.01718955,0.01718955,0.1379761
11073,8.525053,-0.1577408,0.1189577,-0.07733465,0.01718447,0.01718447,0.1391098
11074,8.525846,-0.157772,0.1189577,-0.0772709,0.01614423,0.01614423,0.1388431
11075,8.526801,-0.1578344,0.1189577,-0.07714336,0.01614423,0.01614423,0.138893
11076,8.527516,-0.1578655,0.1189577,-0.07707959,0.01614423,0.01614423,0.138917
11077,8.528234,-0.1579278,0.1189577,-0.07695198,0.01614423,0.01614423,0.1391659
11078,8.528927,-0.1579589,0.1189577,-0.07688815,0.01614423,0.01614423,0.1387974
11079,8.529638,-0.1580209,0.1189577,-0.07676049,0.01633164,0.01633164,0.1384829
11080,8.53037,-0.1580829,0.1189577,-0.07663275,0.01633164,0.01633164,0.1385067
11081,8.531116,-0.1581166,0.1190207,-0.07649556,0.01632681,0.01632681,0.1392737
11082,8.531935,-0.1581475,0.1190207,-0.07643165,0.01531057,0.01531057,0.1392109
11083,8.532747,-0.1582092,0.1190207,-0.07630385,0.01500183,0.01500183,0.1392171
11084,8.533474,-0.1582401,0.1190207,-0.0762399,0.01500183,0.01500183,0.1392171
11085,8.53421,-0.1583016,0.1190207,-0.07611198,0.01500183,0.01500183,0.1385512
11086,8.534996,-0.1583324,0.1190207,-0.076048,0.01500183,0.01500183,0.1381306
11087,8.53581,-0.1584244,0.1190207,-0.07585603,0.01410391,0.01410391,0.1375708
11088,8.536643,-0.1584857,0.1190207,-0.075728,0.01410391,0.01410391,0.1380105
11089,8.540298,-0.158671,0.1190838,-0.07527018,0,0,0.1373995
11090,8.541251,-0.1587621,0.1190838,-0.07507784,0.01166819,0.01166819,0.1395527
11091,8.54203,-0.1587925,0.1190838,-0.07501363,0.01166819,0.01166819,0.1400088
11092,8.542798,-0.158853,0.1190838,-0.0748853,0.01166819,0.01166819,0.1415001
11093,8.543589,-0.1589135,0.1190838,-0.07475688,0.01103556,0.01103556,0.1408375
11094,8.544394,-0.1589437,0.1190838,-0.07469266,0.01103556,0.01103556,0.1408619
11095,8.545131,-0.1590341,0.1190838,-0.07449995,0.01103556,0.01103556,0.1419221
11096,8.545892,-0.1590642,0.1190838,-0.07443567,0.01103556,0.01103556,0.1425826
11097,8.546636,-0.1591243,0.1190838,-0.07430713,0.01103556,0.01103556,0.142228
11098,8.547328,-0.1591543,0.1190838,-0.07424285,0.01103556,0.01103556,0.1422525
11099,8.548068,-0.1592442,0.1190838,-0.07404984,0.01103556,0.01103556,0.1418908
11100,8.548777,-0.1592741,0.1190838,-0.07398548,0,0,0.1417828
11101,8.549504,-0.159304,0.1190838,-0.07392111,0,0,0.1418361
11102,8.550242,-0.1593637,0.1190838,-0.07379237,0,0,0.1420979
11103,8.551023,-0.1593935,0.1190838,-0.07372797,0,0,0.1426171
11104,8.551732,-0.1594827,0.1190838,-0.0735347,0,0,0.142885
11105,8.55248,-0.1595124,0.1190838,-0.07347024,0,0,0.142885
11106,8.553211,-0.1595718,0.1190838,-0.0733413,0,0,0.1432732
11107,8.553934,-0.1596014,0.1190838,-0.07327685,0,0,0.1433413
11108,8.554735,-0.1596605,0.1190838,-0.07314786,0,0,0.1440255
11109,8.555532,-0.1597196,0.1190838,-0.07301876,0,0,0.1440521
11110,8.556451,-0.1597785,0.1190838,-0.07288969,0,0,0.143469
11111,8.557231,-0.1598374,0.1190838,-0.07276052,0,0,0.1436806
11112,8.55798,-0.1598668,0.1190838,-0.07269596,0,0,0.1433719
11113,8.558678,-0.1599548,0.1190838,-0.07250209,0,0,0.1446858
11114,8.559363,-0.1599548,0.1190838,-0.07250209,0,0,0.1447123
11115,8.559995,-0.1599841,0.1190838,-0.07243748,0,0,0.1438937
11116,8.560799,-0.1600718,0.1190838,-0.07224347,0,0,0.1447933
11117,8.561734,-0.1600684,0.1190572,-0.07209531,-0.0003783964,-0.0003783964,0.1446418
11118,8.562438,-0.1600975,0.1190572,-0.07203062,-0.0003783964,-0.0003783964,0.1446677
11119,8.563271,-0.1601847,0.1190572,-0.07183651,-0.0003783964,-0.0003783964,0.1443141
11120,8.564005,-0.1601847,0.1190572,-0.07183651,-0.0003783964,-0.0003783964,0.1456106
11121,8.56468,-0.1602717,0.1190572,-0.07164226,-0.0003783964,-0.0003783964,0.1456625
11122,8.565397,-0.1603006,0.1190572,-0.07157752,-0.0003783964,-0.0003783964,0.1456878
11123,8.566207,-0.1603584,0.1190572,-0.07144798,-0.0003783964,-0.0003783964,0.1461559
11124,8.567024,-0.1603256,0.1190306,-0.07136461,-0.0003779725,-0.0003779725,0.1461257
11125,8.567765,-0.1603832,0.1190306,-0.07123505,-0.0007019055,-0.0007019055,0.1472569
11126,8.568508,-0.1604407,0.1190306,-0.0711054,-0.0007019055,-0.0007019055,0.1471891
11127,8.569217,-0.1604981,0.1190306,-0.07097574,-0.0007019055,-0.0007019055,0.1472849
11128,8.569947,-0.1605268,0.1190306,-0.07091087,-0.0007019055,-0.0007019055,0.147336
11129,8.570689,-0.160584,0.1190306,-0.0707811,-0.0007019055,-0.0007019055,0.14787
11130,8.571559,-0.1606697,0.1190306,-0.07058644,-0.0007019055,-0.0007019055,0.1469185
11131,8.572298,-0.1606364,0.119004,-0.07050328,-0.0007011182,-0.0007011182,0.1478345
11132,8.572994,-0.1606364,0.119004,-0.07050328,-0.0007011182,-0.0007011182,0.1478601
11133,8.573623,-0.1607217,0.119004,-0.07030855,-0.0009800758,-0.0009800758,0.1468962
11134,8.574391,-0.1607501,0.119004,-0.07024356,-0.0009800758,-0.0009800758,0.1478015
11135,8.57706,-0.1608351,0.119004,-0.07004866,-0.0009800758,-0.0009800758,0.1469958
11136,8.577885,-0.1609144,0.1189775,-0.06970567,-0.005004341,-0.005004341,0.1497741
11137,8.578708,-0.1609707,0.1189775,-0.06957563,-0.005004341,-0.005004341,0.1498159
11138,8.57943,-0.1610268,0.1189775,-0.06944554,-0.005004341,-0.005004341,0.1498414
11139,8.580129,-0.1610829,0.1189775,-0.06931537,-0.005004341,-0.005004341,0.1499746
11140,8.581017,-0.1611109,0.1189775,-0.06925027,-0.005004341,-0.005004341,0.1499953
11141,8.581818,-0.1611668,0.1189775,-0.06912003,-0.005004341,-0.005004341,0.149538
11142,8.582599,-0.1612226,0.1189775,-0.06898978,-0.005004341,-0.005004341,0.1488999
11143,8.583356,-0.1611885,0.118951,-0.06890703,-0.004998716,-0.004998716,0.1488646
11144,8.584076,-0.1612441,0.118951,-0.06877673,-0.004847877,-0.004847877,0.1489187
11145,8.584785,-0.1612719,0.118951,-0.0687116,-0.004847877,-0.004847877,0.1489392
11146,8.585533,-0.1613273,0.118951,-0.06858127,-0.004847877,-0.004847877,0.1493152
11147,8.58644,-0.1613827,0.118951,-0.06845086,-0.004847877,-0.004847877,0.1486407
11148,8.587276,-0.161438,0.118951,-0.06832044,-0.004847877,-0.004847877,0.1485905
11149,8.588012,-0.1614656,0.118951,-0.06825516,-0.004847877,-0.004847877,0.1486108
11150,8.588739,-0.1615207,0.118951,-0.06812467,-0.004847877,-0.004847877,0.1494834
11151,8.589498,-0.1615757,0.118951,-0.0679941,-0.004847877,-0.004847877,0.1501392
11152,8.590227,-0.1615684,0.1189245,-0.06784634,-0.004847877,-0.004847877,0.1489048
11153,8.590994,-0.1615959,0.1189245,-0.06778103,-0.004842423,-0.004842423,0.1488893
11154,8.591692,-0.1616506,0.1189245,-0.0676504,-0.004532618,-0.004532618,0.1502481
11155,8.592417,-0.1616779,0.1189245,-0.06758511,-0.004532618,-0.004532618,0.1495113
11156,8.593261,-0.1617325,0.1189245,-0.06745446,-0.004532618,-0.004532618,0.1500615
11157,8.594023,-0.1617869,0.1189245,-0.06732371,-0.004532618,-0.004532618,0.150082
11158,8.594813,-0.1618413,0.1189245,-0.06719296,-0.004532618,-0.004532618,0.1497183
11159,8.595555,-0.1618684,0.1189245,-0.06712752,-0.004532618,-0.004532618,0.1493159
11160,8.596269,-0.1618874,0.118898,-0.06691442,-0.004527512,-0.004527512,0.1488943
11161,8.596983,-0.1619144,0.118898,-0.06684903,-0.004527512,-0.004527512,0.1489144
11162,8.597743,-0.1619684,0.118898,-0.06671815,-0.004538239,-0.004538239,0.1500783
11163,8.598495,-0.1619954,0.118898,-0.06665269,-0.00447524,-0.00447524,0.1493677
11164,8.599215,-0.1620492,0.118898,-0.06652173,-0.00447524,-0.00447524,0.1487937
11165,8.599953,-0.162076,0.118898,-0.06645628,-0.00447524,-0.00447524,0.1488136
11166,8.600754,-0.1621297,0.118898,-0.0663253,-0.00447524,-0.00447524,0.1482145
11167,8.601688,-0.16221,0.118898,-0.06612869,-0.00447524,-0.00447524,0.1486636
11168,8.602471,-0.1622367,0.118898,-0.06606317,-0.00447524,-0.00447524,0.1492666
11169,8.603221,-0.16229,0.118898,-0.06593199,-0.00447524,-0.00447524,0.1483327
11170,8.604057,-0.1622543,0.1188716,-0.06585,-0.00447524,-0.00447524,0.1483523
11171,8.604777,-0.1623075,0.1188716,-0.06571888,-0.004167526,-0.004167526,0.1493184
11172,8.605533,-0.162334,0.1188716,-0.06565324,-0.004167526,-0.004167526,0.1477894
11173,8.60628,-0.162387,0.1188716,-0.06552206,-0.004167526,-0.004167526,0.1498914
11174,8.607096,-0.1624663,0.1188716,-0.06532517,-0.004167526,-0.004167526,0.1480363
11175,8.607889,-0.1624927,0.1188716,-0.06525952,-0.004167526,-0.004167526,0.1480756
11176,8.608743,-0.1625454,0.1188716,-0.06512816,-0.004167526,-0.004167526,0.1484334
11177,8.609477,-0.1625717,0.1188716,-0.06506247,-0.003951728,-0.003951728,0.1486412
11178,8.610199,-0.1625618,0.1188452,-0.06491499,-0.00406279,-0.00406279,0.148962
11179,8.611016,-0.1626142,0.1188452,-0.06478358,-0.00406279,-0.00406279,0.1489817
11180,8.611714,-0.1626403,0.1188452,-0.0647179,-0.00406279,-0.00406279,0.1484718
11181,8.612427,-0.1626926,0.1188452,-0.06458647,-0.00406279,-0.00406279,0.1480675
11182,8.613185,-0.1627447,0.1188452,-0.06445495,-0.00406279,-0.00406279,0.1496925
11183,8.614008,-0.1627708,0.1188452,-0.06438918,-0.00406279,-0.00406279,0.1497122
11184,8.614726,-0.1628228,0.1188452,-0.0642576,-0.00406279,-0.00406279,0.1488865
11185,8.615453,-0.1628746,0.1188452,-0.06412601,-0.003981228,-0.003981228,0.1488489
11186,8.616262,-0.1629005,0.1188452,-0.06406023,-0.003981228,-0.003981228,0.1484766
11187,8.617014,-0.1629264,0.1188452,-0.06399439,-0.003981228,-0.003981228,0.148496
11188,8.617737,-0.1629413,0.1188189,-0.06378116,-0.003976728,-0.003976728,0.1481598
11189,8.618457,-0.162967,0.1188189,-0.06371534,-0.003817903,-0.003817903,0.147809
11190,8.619274,-0.1630185,0.1188189,-0.0635836,-0.003817903,-0.003817903,0.1484641
11191,8.62007,-0.1630698,0.1188189,-0.06345186,-0.003817903,-0.003817903,0.1476485
11192,8.620953,-0.1630954,0.1188189,-0.06338592,-0.003817903,-0.003817903,0.1476677
11193,8.621649,-0.163084,0.1187925,-0.06323866,-0.003813583,-0.003813583,0.1480802
11194,8.622362,-0.1631095,0.1187925,-0.06317279,-0.004259771,-0.004259771,0.1468026
11195,8.623172,-0.1631605,0.1187925,-0.06304093,-0.004259771,-0.004259771,0.147203
11196,8.623884,-0.1632114,0.1187925,-0.06290907,-0.004259771,-0.004259771,0.1472214
11197,8.624625,-0.1632622,0.1187925,-0.0627771,-0.004259771,-0.004259771,0.1470064
11198,8.625373,-0.1632622,0.1187925,-0.0627771,-0.004259771,-0.004259771,0.1476188
11199,8.626078,-0.1633381,0.1187925,-0.06257921,-0.004259771,-0.004259771,0.1472477
11200,8.626847,-0.1633634,0.1187925,-0.06251315,-0.004259771,-0.004259771,0.147266
11201,8.627614,-0.1633512,0.1187662,-0.062366,-0.00430839,-0.00430839,0.1468823
11202,8.628423,-0.1633764,0.1187662,-0.06230002,-0.004260187,-0.004260187,0.1464323
11203,8.62919,-0.1634518,0.1187662,-0.0621019,-0.004260187,-0.004260187,0.1460492
11204,8.629941,-0.1634518,0.1187662,-0.0621019,-0.004260187,-0.004260187,0.1460671
11205,8.630645,-0.1634392,0.11874,-0.06195483,-0.004255358,-0.004255358,0.146048
11206,8.631365,-0.1634892,0.11874,-0.06182271,-0.004584404,-0.004584404,0.1462533
11207,8.63214,-0.1635142,0.11874,-0.06175664,-0.004584404,-0.004584404,0.1461122
11208,8.632888,-0.163564,0.11874,-0.06162446,-0.004584404,-0.004584404,0.1461471
11209,8.633619,-0.163551,0.1187137,-0.06147748,-0.004579202,-0.004579202,0.1454278
11210,8.634361,-0.1635758,0.1187137,-0.06141142,-0.004932066,-0.004932066,0.1460476
11211,8.635084,-0.1636254,0.1187137,-0.0612792,-0.005326282,-0.005326282,0.1455909
11212,8.635821,-0.1636501,0.1187137,-0.06121306,-0.005326282,-0.005326282,0.1456073
11213,8.636535,-0.163612,0.1186875,-0.06113228,-0.005326282,-0.005326282,0.145776
11214,8.637279,-0.1636614,0.1186875,-0.06100002,-0.00565178,-0.00565178,0.1452654
11215,8.638027,-0.1637106,0.1186875,-0.06086777,-0.00565178,-0.00565178,0.1452813
11216,8.638779,-0.1637352,0.1186875,-0.0608016,-0.00565178,-0.00565178,0.1457293
11217,8.639489,-0.1636969,0.1186613,-0.06072086,-0.006204709,-0.006204709,0.1447693
11218,8.640217,-0.1637704,0.1186613,-0.06052244,-0.006204709,-0.006204709,0.1443905
11219,8.641077,-0.1637704,0.1186613,-0.06052244,-0.006204709,-0.006204709,0.1444055
11220,8.64178,-0.1638193,0.1186613,-0.06039006,-0.006204709,-0.006204709,0.1449042
11221,8.642486,-0.1638051,0.1186352,-0.06024331,-0.006447266,-0.006447266,0.144314
11222,8.643205,-0.1638294,0.1186352,-0.06017711,-0.007489481,-0.007489481,0.1447321
11223,8.643954,-0.163878,0.1186352,-0.06004468,-0.007489481,-0.007489481,0.1447457
11224,8.64464,-0.1638393,0.118609,-0.05996424,-0.007480945,-0.007480945,0.1434152
11225,8.645346,-0.1638877,0.118609,-0.05983175,-0.007820399,-0.007820399,0.1436179
11226,8.646106,-0.1639118,0.118609,-0.05976556,-0.007820399,-0.007820399,0.143535
11227,8.646883,-0.163936,0.118609,-0.05969931,-0.007820399,-0.007820399,0.1435479
11228,8.647701,-0.1639453,0.118583,-0.05948649,-0.007994371,-0.007994371,0.1432148
11229,8.648521,-0.1639693,0.118583,-0.05942023,-0.007994371,-0.007994371,0.1435094
11230,8.649235,-0.1639303,0.1185569,-0.05933997,-0.008497555,-0.008497555,0.1436367
11231,8.64995,-0.1639542,0.1185569,-0.05927372,-0.008497555,-0.008497555,0.1436487
11232,8.650686,-0.1640021,0.1185569,-0.05914119,-0.008497555,-0.008497555,0.141514
11233,8.651484,-0.1639868,0.1185309,-0.05899476,-0.00968174,-0.00968174,0.1425052
11234,8.652234,-0.1640344,0.1185309,-0.0588622,-0.00968174,-0.00968174,0.1415919
11235,8.653054,-0.1640344,0.1185309,-0.0588622,-0.00968174,-0.00968174,0.1416022
11236,8.653713,-0.1640189,0.1185049,-0.05871585,-0.009670653,-0.009670653,0.1421702
11237,8.654447,-0.1640426,0.1185049,-0.05864952,-0.00976342,-0.00976342,0.1414329
11238,8.655205,-0.1640269,0.1184789,-0.05850323,-0.01017653,-0.01017653,0.139904
11239,8.65594,-0.1640505,0.1184789,-0.05843698,-0.01017653,-0.01017653,0.1399134
11240,8.656673,-0.1640977,0.1184789,-0.05830437,-0.01017653,-0.01017653,0.1403745
11241,8.657419,-0.1641212,0.1184789,-0.05823805,-0.01017653,-0.01017653,0.1393853
11242,8.658134,-0.1641051,0.118453,-0.05809185,-0.01008017,-0.01008017,0.1391973
11243,8.658883,-0.1641286,0.118453,-0.05802553,-0.01008017,-0.01008017,0.1392066
11244,8.659569,-0.1640889,0.118427,-0.05794567,-0.01008017,-0.01008017,0.1388913
11245,8.662283,-0.1641424,0.1184011,-0.05760064,-0.01085395,-0.01085395,0.1373888
11246,8.663271,-0.164189,0.1184011,-0.05746796,-0.01085395,-0.01085395,0.1352883
11247,8.664034,-0.1642121,0.1184011,-0.05740164,-0.01085395,-0.01085395,0.1352959
11248,8.664789,-0.1641953,0.1183753,-0.05725568,-0.01084146,-0.01084146,0.1349739
11249,8.665504,-0.1642184,0.1183753,-0.05718932,-0.01076226,-0.01076226,0.1350872
11250,8.66622,-0.1641783,0.1183495,-0.05710973,-0.01110807,-0.01110807,0.1347036
11251,8.666921,-0.1642014,0.1183495,-0.05704338,-0.01110807,-0.01110807,0.1347107
11252,8.667606,-0.1642244,0.1183495,-0.05697706,-0.01110807,-0.01110807,0.1337923
11253,8.66831,-0.1642072,0.1183237,-0.05683119,-0.01140447,-0.01140447,0.1335529
11254,8.668997,-0.1642301,0.1183237,-0.05676483,-0.01140447,-0.01140447,0.1335594
11255,8.669724,-0.1642759,0.1183237,-0.05663211,-0.01140447,-0.01140447,0.1322555
11256,8.670429,-0.1642988,0.1183237,-0.05656568,-0.01162058,-0.01162058,0.1320495
11257,8.671187,-0.1642584,0.1182979,-0.05648632,-0.01141763,-0.01141763,0.1318509
11258,8.671975,-0.1642812,0.1182979,-0.05641994,-0.01141763,-0.01141763,0.131857
11259,8.672695,-0.1642865,0.1182218,-0.05627899,-0.0114032,-0.0114032,0.1317086
11260,8.67345,-0.1643093,0.1182218,-0.05621259,-0.0114032,-0.0114032,0.1317147
11261,8.674164,-0.164332,0.1182218,-0.05614619,-0.01173128,-0.01173128,0.1314607
11262,8.674988,-0.1642913,0.1181961,-0.05606697,-0.01173128,-0.01173128,0.1300267
11263,8.67578,-0.1643366,0.1181961,-0.05593417,-0.01174456,-0.01174456,0.1290671
11264,8.676639,-0.1643184,0.1181704,-0.05578863,-0.01176584,-0.01176584,0.1286521
11265,8.677455,-0.1643409,0.1181704,-0.05572222,-0.01176584,-0.01176584,0.1286572
11266,8.678204,-0.1643859,0.1181704,-0.05558938,-0.01184759,-0.01184759,0.1294011
11267,8.679,-0.1644083,0.1181704,-0.05552298,-0.01204032,-0.01204032,0.1287968
11268,8.679787,-0.1643674,0.1181448,-0.05544393,-0.01187882,-0.01187882,0.127907
11269,8.68054,-0.1643898,0.1181448,-0.05537754,-0.0117974,-0.0117974,0.1265287
11270,8.681446,-0.1643711,0.1181192,-0.05523208,-0.01178369,-0.01178369,0.1264872
11271,8.68218,-0.1643934,0.1181192,-0.05516569,-0.01186282,-0.01186282,0.1263505
11272,8.68291,-0.1644157,0.1181192,-0.05509925,-0.01192525,-0.01192525,0.1264276
11273,8.683638,-0.1643967,0.1180936,-0.05495391,-0.0120512,-0.0120512,0.1245138
11274,8.684344,-0.1643967,0.1180936,-0.05495391,-0.0120512,-0.0120512,0.1245177
11275,8.684996,-0.1644189,0.1180936,-0.05488751,-0.0120512,-0.0120512,0.1234034
11276,8.685794,-0.1643998,0.118068,-0.05474225,-0.01205156,-0.01205156,0.1231983
11277,8.686532,-0.1644219,0.118068,-0.05467581,-0.01205156,-0.01205156,0.1231983
11278,8.687276,-0.1644723,0.1180064,-0.05461488,-0.01178066,-0.01178066,0.12191
11279,8.690768,-0.1644772,0.1179553,-0.05419166,-0.01242624,-0.01242624,0.1199011
11280,8.691694,-0.164521,0.1179553,-0.0540587,-0.01217942,-0.01217942,0.1192353
11281,8.69262,-0.1644793,0.1179299,-0.05398017,-0.01216566,-0.01216566,0.1191952
11282,8.693369,-0.1645011,0.1179299,-0.0539137,-0.01206834,-0.01206834,0.1191348
11283,8.694086,-0.1645229,0.1179299,-0.05384721,-0.01204739,-0.01204739,0.1192855
11284,8.69481,-0.1645028,0.1179045,-0.05370229,-0.01212281,-0.01212281,0.1184567
11285,8.695496,-0.1645028,0.1179045,-0.05370229,-0.01212281,-0.01212281,0.1184599
11286,8.69615,-0.1644826,0.1178791,-0.05355739,-0.01168024,-0.01168024,0.1184619
11287,8.69692,-0.1645042,0.1178791,-0.05349091,-0.01206665,-0.01206665,0.1183687
11288,8.697621,-0.1645258,0.1178791,-0.05342447,-0.01206665,-0.01206665,0.1183713
11289,8.698325,-0.1645054,0.1178537,-0.05327969,-0.0117389,-0.0117389,0.1181399
11290,8.699144,-0.1645269,0.1178537,-0.05321317,-0.01177855,-0.01177855,0.117837
11291,8.699911,-0.1645484,0.1178537,-0.05314668,-0.01172687,-0.01172687,0.1180769
11292,8.700607,-0.1645564,0.1177655,-0.05300728,-0.01164623,-0.01164623,0.1167956
11293,8.701477,-0.1645779,0.1177655,-0.05294077,-0.01164623,-0.01164623,0.1167983
11294,8.702306,-0.1645992,0.1177655,-0.05287426,-0.01617678,-0.01617678,0.1171032
11295,8.703044,-0.164557,0.1177402,-0.05279614,-0.01641462,-0.01641462,0.1159899
11296,8.703824,-0.1645996,0.1177402,-0.05266312,-0.01641462,-0.01641462,0.1153594
11297,8.704572,-0.1646496,0.1176772,-0.05260183,-0.01641429,-0.01641429,0.1153797
11298,8.705305,-0.1646072,0.117652,-0.05252378,-0.01788224,-0.01788224,0.1156761
11299,8.706029,-0.1646284,0.117652,-0.05245726,-0.01792207,-0.01792207,0.1159643
11300,8.706844,-0.1646071,0.1176267,-0.05231271,-0.01790324,-0.01790324,0.1163372
11301,8.707603,-0.1646282,0.1176267,-0.05224618,-0.01790324,-0.01790324,0.1163405
11302,8.708382,-0.1646493,0.1176267,-0.05217969,-0.01788514,-0.01788514,0.1162359
11303,8.709248,-0.1646278,0.1176015,-0.05203523,-0.01780104,-0.01780104,0.1144806
11304,8.709967,-0.1646488,0.1176015,-0.0519687,-0.01780691,-0.01780691,0.1145768
11305,8.710692,-0.1646907,0.1176015,-0.05183564,-0.01795923,-0.01795923,0.1153562
11306,8.711452,-0.1646767,0.1175133,-0.05176291,-0.01794493,-0.01794493,0.1153344
11307,8.71218,-0.1646976,0.1175133,-0.05169636,-0.01839778,-0.01839778,0.1157558
11308,8.713014,-0.1646548,0.1174881,-0.05161862,-0.01831639,-0.01831639,0.1152615
11309,8.713762,-0.1646964,0.1174881,-0.05148556,-0.01853573,-0.01853573,0.1155984
11310,8.714571,-0.164746,0.1174251,-0.05142398,-0.01853596,-0.01853596,0.1156219
11311,8.715305,-0.164703,0.1174,-0.05134633,-0.01947544,-0.01947544,0.1162782
11312,8.716017,-0.1647237,0.1174,-0.05127976,-0.01943596,-0.01943596,0.1164556
11313,8.716757,-0.1647013,0.1173749,-0.05113557,-0.01954241,-0.01954241,0.117367
11314,8.717529,-0.164722,0.1173749,-0.05106901,-0.01952787,-0.01952787,0.1173272
11315,8.718256,-0.1647632,0.1173749,-0.05093589,-0.01962285,-0.01962285,0.1178128
11316,8.718974,-0.1647199,0.1173499,-0.05085837,-0.02141787,-0.02141787,0.1178427
11317,8.71972,-0.1647897,0.1172869,-0.05073016,-0.02612252,-0.02612252,0.1178191
11318,8.720428,-0.1648102,0.1172869,-0.05066356,-0.02612494,-0.02612494,0.1178448
11319,8.721329,-0.1647873,0.1172618,-0.05051953,-0.0216917,-0.0216917,0.1180077
11320,8.722051,-0.1648077,0.1172618,-0.05045297,-0.02174807,-0.02174807,0.118863
11321,8.722777,-0.1648132,0.1171738,-0.05031388,-0.02186995,-0.02186995,0.1195296
11322,8.72348,-0.1648132,0.1171738,-0.05031388,-0.021871,-0.021871,0.1195542
11323,8.724133,-0.1648538,0.1171738,-0.05018065,-0.02302855,-0.02302855,0.1200983
11324,8.724854,-0.1648102,0.1171489,-0.05010337,-0.0229372,-0.0229372,0.1201623
11325,8.725625,-0.1648793,0.1170859,-0.04997491,-0.02648176,-0.02648176,0.1209958
11326,8.72648,-0.1648557,0.1170609,-0.04983111,-0.02738482,-0.02738482,0.122952
11327,8.727509,-0.1648758,0.1170609,-0.04976448,-0.02738482,-0.02738482,0.1229564
11328,8.728256,-0.1648521,0.117036,-0.04962073,-0.02739552,-0.02739552,0.1208925
11329,8.729026,-0.1648521,0.117036,-0.04962073,-0.02736653,-0.02736653,0.1225782
11330,8.729763,-0.1648568,0.1169481,-0.04948176,-0.0276163,-0.0276163,0.1223919
11331,8.730575,-0.1648768,0.1169481,-0.04941517,-0.02760065,-0.02760065,0.122351
11332,8.731341,-0.1649167,0.1169481,-0.0492819,-0.02780126,-0.02780126,0.1229597
11333,8.732117,-0.1648726,0.1169233,-0.04920492,-0.02795538,-0.02795538,0.1240462
11334,8.732861,-0.164941,0.1168602,-0.04907625,-0.02866965,-0.02866965,0.1243064
11335,8.733601,-0.1649608,0.1168602,-0.04900959,-0.02866965,-0.02866965,0.1243106
11336,8.73434,-0.1649363,0.1168354,-0.04886609,-0.02877853,-0.02877853,0.124877
11337,8.73509,-0.1649561,0.1168354,-0.04879943,-0.02877853,-0.02877853,0.1259312
11338,8.73591,-0.16496,0.1167476,-0.04866052,-0.02900407,-0.02900407,0.1261202
11339,8.736663,-0.1649992,0.1167476,-0.04852721,-0.02904033,-0.02904033,0.128202
11340,8.737379,-0.1649744,0.1167229,-0.04838382,-0.02904033,-0.02904033,0.1282063
11341,8.738188,-0.1650225,0.1166598,-0.0483216,-0.02972591,-0.02972591,0.1287614
11342,8.738936,-0.165042,0.1166598,-0.04825495,-0.02983021,-0.02983021,0.128491
11343,8.739703,-0.1650168,0.116635,-0.04811163,-0.03191265,-0.03191265,0.1290901
11344,8.740465,-0.1650648,0.116572,-0.04804933,-0.0319164,-0.0319164,0.1291184
11345,8.741373,-0.1650395,0.1165473,-0.04790606,-0.03255598,-0.03255598,0.1284883
11346,8.74223,-0.1651067,0.1164842,-0.04777705,-0.03273131,-0.03273131,0.1297753
11347,8.743133,-0.1650811,0.1164595,-0.04763389,-0.03368161,-0.03368161,0.1296366
11348,8.743959,-0.1651003,0.1164595,-0.04756713,-0.03366606,-0.03366606,0.1303076
11349,8.744693,-0.1651672,0.1163964,-0.04743801,-0.03360457,-0.03360457,0.1303159
11350,8.745443,-0.1651863,0.1163964,-0.0473713,-0.0336087,-0.0336087,0.1303445
11351,8.746192,-0.1651604,0.1163718,-0.04722818,-0.03320824,-0.03320824,0.1309067
11352,8.746952,-0.1651437,0.1162841,-0.04715611,-0.03671094,-0.03671094,0.1315853
11353,8.747665,-0.1651818,0.1162841,-0.04702262,-0.03671094,-0.03671094,0.1309841
11354,8.748382,-0.1652008,0.1162841,-0.04695586,-0.03671094,-0.03671094,0.1309841
11355,8.749103,-0.1652197,0.1162841,-0.04688914,-0.03671094,-0.03671094,0.1309942
11356,8.751943,-0.1652407,0.1161964,-0.04668357,-0.03640232,-0.03640232,0.131662
11357,8.752808,-0.1652988,0.1161088,-0.04634451,-0.03732635,-0.03732635,0.1333217
11358,8.753568,-0.1653003,0.1160211,-0.04620579,-0.03733163,-0.03733163,0.1348815
11359,8.754423,-0.1653376,0.1160211,-0.04607217,-0.03713582,-0.03713582,0.1337851
11360,8.755131,-0.1653846,0.1159579,-0.04600938,-0.0373948,-0.0373948,0.1338947
11361,8.755831,-0.1653389,0.1159334,-0.04593348,-0.03740022,-0.03740022,0.1339191
11362,8.756555,-0.1653759,0.1159334,-0.04579979,-0.03782182,-0.03782182,0.1342777
11363,8.757282,-0.1654228,0.1158702,-0.04573697,-0.03782732,-0.03782732,0.1341874
11364,8.758106,-0.1653953,0.1158458,-0.04559432,-0.03876041,-0.03876041,0.1345247
11365,8.758857,-0.1654237,0.1157826,-0.04559827,-0.03876619,-0.03876619,0.1345492
11366,8.759563,-0.1654145,0.1157582,-0.04538878,-0.04061646,-0.04061646,0.1345746
11367,8.760277,-0.165461,0.115695,-0.04532587,-0.04091752,-0.04091752,0.1361852
11368,8.761254,-0.1654976,0.115695,-0.04519212,-0.04123432,-0.04123432,0.1352795
11369,8.761985,-0.1655442,0.1156317,-0.0451291,-0.04104812,-0.04104812,0.1361178
11370,8.762712,-0.1655162,0.1156074,-0.04498654,-0.04103774,-0.04103774,0.1360982
11371,8.763546,-0.1655525,0.1156074,-0.04485279,-0.04101261,-0.04101261,0.1355285
11372,8.764269,-0.1655706,0.1156074,-0.04478588,-0.04138664,-0.04138664,0.1354495
11373,8.764992,-0.1655525,0.1155198,-0.04471415,-0.04071688,-0.04071688,0.1342922
11374,8.765735,-0.1655987,0.1154565,-0.04465098,-0.04072354,-0.04072354,0.1343239
11375,8.766624,-0.1656348,0.1154565,-0.04451716,-0.04307213,-0.04307213,0.1352477
11376,8.767433,-0.1656344,0.1153689,-0.04437848,-0.04297725,-0.04297725,0.134663
11377,8.768244,-0.1656523,0.1153689,-0.04431158,-0.04294644,-0.04294644,0.1344449
11378,8.76904,-0.1657162,0.1153057,-0.04418141,-0.0433719,-0.0433719,0.1342379
11379,8.769778,-0.1657341,0.1153057,-0.04411439,-0.0433794,-0.0433794,0.1342701
11380,8.770519,-0.1657334,0.115218,-0.04397576,-0.04365124,-0.04365124,0.134496
11381,8.771224,-0.1657511,0.115218,-0.04390881,-0.04364222,-0.04364222,0.1335655
11382,8.771955,-0.1657865,0.115218,-0.04377479,-0.04415882,-0.04415882,0.1348677
11383,8.772848,-0.1658042,0.115218,-0.04370783,-0.04415882,-0.04415882,0.1348842
11384,8.773579,-0.165803,0.1151305,-0.04356921,-0.04347304,-0.04347304,0.134121
11385,8.77427,-0.1658206,0.1151305,-0.04350217,-0.04312887,-0.04312887,0.1335379
11386,8.774972,-0.1658838,0.1150671,-0.04337171,-0.04332123,-0.04332123,0.1335152
11387,8.775723,-0.1659013,0.1150671,-0.04330471,-0.04332123,-0.04332123,0.1335239
11388,8.776503,-0.1659469,0.1150037,-0.04324113,-0.04446018,-0.04446018,0.1335031
11389,8.777318,-0.1660098,0.1149404,-0.04311051,-0.0460603,-0.0460603,0.132945
11390,8.778121,-0.1659626,0.1149162,-0.04303546,-0.04506027,-0.04506027,0.1325573
11391,8.778855,-0.16598,0.1149162,-0.04296835,-0.04506027,-0.04506027,0.1325676
11392,8.779592,-0.1659781,0.1148286,-0.04282973,-0.04483237,-0.04483237,0.1329517
11393,8.780326,-0.1660407,0.1147652,-0.04269902,-0.04515291,-0.04515291,0.1320396
11394,8.781219,-0.1660579,0.1147652,-0.04263188,-0.04584436,-0.04584436,0.1323173
11395,8.781951,-0.1661031,0.1147017,-0.0425682,-0.04591847,-0.04591847,0.1321131
11396,8.782666,-0.1661374,0.1147017,-0.04243397,-0.04591847,-0.04591847,0.1321229
11397,8.783391,-0.1661374,0.1147017,-0.04243397,-0.04591847,-0.04591847,0.130795
11398,8.784045,-0.1661717,0.1147017,-0.04229968,-0.04591847,-0.04591847,0.1287303
11399,8.784793,-0.1662167,0.1146383,-0.04223585,-0.04592752,-0.04592752,0.1287633
11400,8.785551,-0.166214,0.1145507,-0.04209714,-0.04569514,-0.04569514,0.1299213
11401,8.786265,-0.166214,0.1145507,-0.04209714,-0.04587656,-0.04587656,0.128197
11402,8.786894,-0.166231,0.1145507,-0.04203001,-0.04587656,-0.04587656,0.128208
11403,8.78759,-0.1662928,0.1144872,-0.04189895,-0.04613633,-0.04613633,0.1273318
11404,8.788323,-0.1663097,0.1144872,-0.04183174,-0.04594424,-0.04594424,0.127179
11405,8.789075,-0.1663714,0.1144237,-0.04170054,-0.04649905,-0.04649905,0.1271044
11406,8.789821,-0.1663883,0.1144237,-0.0416333,-0.04649905,-0.04649905,0.1271154
11407,8.790569,-0.1663849,0.1143361,-0.04149458,-0.04537617,-0.04537617,0.1239116
11408,8.791291,-0.1664017,0.1143361,-0.04142738,-0.04537617,-0.04537617,0.1256993
11409,8.792005,-0.1664462,0.1142726,-0.0413633,-0.04565986,-0.04565986,0.1235468
11410,8.792761,-0.1664629,0.1142726,-0.04129606,-0.04565986,-0.04565986,0.1235582
11411,8.793463,-0.1665241,0.114209,-0.04116464,-0.04566976,-0.04566976,0.1236193
11412,8.794167,-0.1665241,0.114209,-0.04116464,-0.04578627,-0.04578627,0.1228244
11413,8.794797,-0.1665685,0.1141454,-0.04110045,-0.04579623,-0.04579623,0.1228581
11414,8.795633,-0.1666016,0.1141454,-0.04096585,-0.04614551,-0.04614551,0.1223972
11415,8.796397,-0.1666182,0.1141454,-0.04089852,-0.04614551,-0.04614551,0.1223972
11416,8.797155,-0.1666625,0.1140818,-0.04083425,-0.04585274,-0.04585274,0.1224666
11417,8.797931,-0.1667232,0.1140182,-0.04070261,-0.03894401,-0.03894401,0.1167669
11418,8.798638,-0.1667396,0.1140182,-0.04063519,-0.03894401,-0.03894401,0.1167854
11419,8.799395,-0.1667396,0.1140182,-0.04063519,-0.0394561,-0.0394561,0.1161338
11420,8.800052,-0.1667353,0.1139305,-0.04049644,-0.039465,-0.039465,0.1161468
11421,8.800985,-0.1667516,0.1139305,-0.04042909,-0.04391381,-0.04391381,0.1170768
11422,8.801744,-0.1667957,0.1138669,-0.04036464,-0.04403752,-0.04403752,0.114804
11423,8.802454,-0.1668559,0.1138032,-0.04023281,-0.04395152,-0.04395152,0.1141549
11424,8.803155,-0.1668559,0.1138032,-0.04023281,-0.04396198,-0.04396198,0.1141756
11425,8.803802,-0.1668884,0.1138032,-0.04009798,-0.04410805,-0.04410805,0.1128919
11426,8.804507,-0.1669322,0.1137395,-0.04003345,-0.04533071,-0.04533071,0.1143767
11427,8.805238,-0.1669484,0.1137395,-0.03996598,-0.04533071,-0.04533071,0.1143767
11428,8.805956,-0.1669922,0.1136758,-0.03990145,-0.04534154,-0.04534154,0.1117686
11429,8.806679,-0.1670083,0.1136758,-0.03983396,-0.04554453,-0.04554453,0.1121071
11430,8.807404,-0.1670244,0.1136758,-0.03976643,-0.04554453,-0.04554453,0.1121071
11431,8.808128,-0.167068,0.113612,-0.03970182,-0.04555541,-0.04555541,0.109768
11432,8.808886,-0.167084,0.113612,-0.0396343,-0.03917582,-0.03917582,0.1109236
11433,8.809626,-0.167116,0.113612,-0.03949925,-0.03917582,-0.03917582,0.1067131
11434,8.810336,-0.1671436,0.1135483,-0.03950207,-0.03918688,-0.03918688,0.1067498
11435,8.811044,-0.1671755,0.1135483,-0.039367,-0.03899766,-0.03899766,0.1067261
11436,8.811759,-0.1671914,0.1135483,-0.03929948,-0.03899766,-0.03899766,0.1063903
11437,8.812473,-0.1672348,0.1134845,-0.03923465,-0.0387455,-0.0387455,0.1066801
11438,8.813352,-0.1672348,0.1134845,-0.03923465,-0.0387455,-0.0387455,0.1066801
11439,8.81399,-0.167294,0.1134207,-0.03910226,-0.03828474,-0.03828474,0.1048285
11440,8.814718,-0.1673098,0.1134207,-0.03903469,-0.03845397,-0.03845397,0.1050748
11441,8.815535,-0.1673531,0.1133569,-0.03896979,-0.0384081,-0.0384081,0.1036618
11442,8.816304,-0.1673688,0.1133569,-0.03890216,-0.0384081,-0.0384081,0.1036784
11443,8.817081,-0.167412,0.1132931,-0.03883722,-0.03957549,-0.03957549,0.1014804
11444,8.817796,-0.1674277,0.1132931,-0.0387696,-0.03805073,-0.03805073,0.1016508
11445,8.818564,-0.167459,0.1132931,-0.03863423,-0.03827824,-0.03827824,0.1011512
11446,8.819352,-0.167459,0.1132931,-0.03863423,-0.03827824,-0.03827824,0.1011675
11447,8.819989,-0.1675176,0.1132293,-0.03850155,-0.038289,-0.038289,0.1016426
11448,8.820733,-0.1675176,0.1132293,-0.03850155,-0.03681357,-0.03681357,0.1018664
11449,8.821545,-0.1675487,0.1132293,-0.03836614,-0.03689191,-0.03689191,0.1010461
11450,8.822288,-0.1675762,0.1131654,-0.03836876,-0.03690229,-0.03690229,0.1010643
11451,8.823013,-0.1676072,0.1131654,-0.03823335,-0.03583337,-0.03583337,0.1010647
11452,8.823844,-0.1676226,0.1131654,-0.03816565,-0.03569279,-0.03569279,0.09951673
11453,8.824583,-0.1676654,0.1131015,-0.03810048,-0.03536502,-0.03536502,0.09970282
11454,8.825392,-0.1676808,0.1131015,-0.03803272,-0.03536502,-0.03536502,0.09970282
11455,8.826111,-0.1676962,0.1131015,-0.03796495,-0.03509708,-0.03509708,0.09986633
11456,8.826846,-0.1677115,0.1131015,-0.03789722,-0.03453707,-0.03453707,0.09919125
11457,8.82757,-0.1677542,0.1130377,-0.03783197,-0.03302246,-0.03302246,0.0981485
11458,8.828396,-0.1677695,0.1130377,-0.03776417,-0.03302246,-0.03302246,0.09816329
11459,8.829203,-0.1677999,0.1130377,-0.0376286,-0.0327743,-0.0327743,0.09759486
11460,8.829963,-0.1678426,0.1129737,-0.03756326,-0.03278349,-0.03278349,0.09834057
11461,8.830718,-0.1678577,0.1129737,-0.03749539,-0.03051783,-0.03051783,0.0975556
11462,8.831422,-0.1678728,0.1129737,-0.03742759,-0.02967194,-0.02967194,0.09820011
11463,8.832145,-0.167888,0.1129737,-0.03735975,-0.02967194,-0.02967194,0.09820011
11464,8.832997,-0.1679304,0.1129098,-0.03729437,-0.02968024,-0.02968024,0.09797985
11465,8.833733,-0.1679455,0.1129098,-0.0372265,-0.02902548,-0.02902548,0.09770229
11466,8.834489,-0.1679605,0.1129098,-0.03715863,-0.02902548,-0.02902548,0.09720097
11467,8.835296,-0.1679755,0.1129098,-0.03709075,-0.02902548,-0.02902548,0.09721477
11468,8.836021,-0.1680179,0.1128459,-0.03702529,-0.02902548,-0.02902548,0.096888
11469,8.836767,-0.1680477,0.1128459,-0.03688948,-0.02662839,-0.02662839,0.09697019
11470,8.839535,-0.1680626,0.1128459,-0.03682157,-0.02662839,-0.02662839,0.09719124
11471,8.843169,-0.1682228,0.1127819,-0.0362124,-0.02046118,-0.02046118,0.09834045
11472,8.844213,-0.1682374,0.1127819,-0.03614446,-0.02046118,-0.02046118,0.09871541
11473,8.844987,-0.1682666,0.1127819,-0.03600847,-0.02046118,-0.02046118,0.1000211
11474,8.845715,-0.1682811,0.1127819,-0.03594046,-0.02046118,-0.02046118,0.1010236
11475,8.846431,-0.1682956,0.1127819,-0.0358725,-0.02046118,-0.02046118,0.1010482
11476,8.847122,-0.1683101,0.1127819,-0.03580448,-0.02046118,-0.02046118,0.1031987
11477,8.847832,-0.1683246,0.1127819,-0.03573646,-0.02046118,-0.02046118,0.1032075
11478,8.848582,-0.1683534,0.1127819,-0.03560044,-0.02046118,-0.02046118,0.1033102
11479,8.84936,-0.1683534,0.1127819,-0.03560044,-0.02046118,-0.02046118,0.1033226
11480,8.850078,-0.1683821,0.1127819,-0.03546432,-0.02046118,-0.02046118,0.1035189
11481,8.85097,-0.1683964,0.1127819,-0.03539632,0,0,0.104286
11482,8.851691,-0.168425,0.1127819,-0.03526024,0,0,0.104789
11483,8.852397,-0.1684665,0.1127179,-0.03519426,0,0,0.104789
11484,8.853199,-0.1684808,0.1127179,-0.03512617,-0.0115317,-0.0115317,0.1057584
11485,8.854074,-0.1685091,0.1127179,-0.03499003,-0.0115317,-0.0115317,0.1068566
11486,8.854834,-0.1685232,0.1127179,-0.03492193,-0.0115317,-0.0115317,0.1080094
11487,8.855556,-0.1685373,0.1127179,-0.03485382,-0.0115317,-0.0115317,0.1070207
11488,8.856269,-0.1685654,0.1127179,-0.03471763,-0.0115317,-0.0115317,0.1070317
11489,8.857016,-0.1685142,0.112694,-0.03464475,-0.01153103,-0.01153103,0.1105188
11490,8.857718,-0.1685282,0.112694,-0.03457661,-0.0119504,-0.0119504,0.1095583
11491,8.858448,-0.1685422,0.112694,-0.03450854,-0.0119504,-0.0119504,0.109569
11492,8.859173,-0.1685561,0.112694,-0.03444043,-0.0119504,-0.0119504,0.1083568
11493,8.859901,-0.1685839,0.112694,-0.03430422,-0.0119504,-0.0119504,0.1097518
11494,8.860627,-0.1685977,0.112694,-0.03423609,-0.000419372,-0.000419372,0.1108635
11495,8.8616,-0.1686253,0.112694,-0.03409985,-0.000419372,-0.000419372,0.1108115
11496,8.862344,-0.1686391,0.112694,-0.0340317,-0.000419372,-0.000419372,0.1108115
11497,8.863208,-0.1686528,0.112694,-0.03396355,-0.000419372,-0.000419372,0.1113699
11498,8.863921,-0.1686665,0.112694,-0.03389539,-0.000419372,-0.000419372,0.1115557
11499,8.864738,-0.1686939,0.112694,-0.0337591,-0.000419372,-0.000419372,0.1120284
11500,8.865453,-0.1687075,0.112694,-0.03369092,-0.000419372,-0.000419372,0.112037
11501,8.866168,-0.1687347,0.112694,-0.0335546,0,0,0.1124947
11502,8.866884,-0.1687482,0.112694,-0.03348641,0,0,0.1127383
11503,8.867599,-0.1687617,0.112694,-0.03341825,0,0,0.1145021
11504,8.868315,-0.1687752,0.112694,-0.03335001,0,0,0.1145113
11505,8.869057,-0.1688021,0.112694,-0.03321363,0,0,0.1145497
11506,8.869777,-0.1687503,0.1126702,-0.03314123,-0.0006849181,-0.0006849181,0.1157683
11507,8.870485,-0.168777,0.1126702,-0.03300483,-0.0006849181,-0.0006849181,0.1156975
11508,8.871226,-0.1687903,0.1126702,-0.03293666,-0.0006849181,-0.0006849181,0.1157143
11509,8.872076,-0.1688169,0.1126702,-0.03280023,-0.0006849181,-0.0006849181,0.1167408
11510,8.872922,-0.1688169,0.1126702,-0.03280023,-0.0006849181,-0.0006849181,0.116949
11511,8.873595,-0.1688433,0.1126702,-0.03266381,-0.0006849181,-0.0006849181,0.1178766
11512,8.874333,-0.1688565,0.1126702,-0.03259557,-0.0006849181,-0.0006849181,0.117885
11513,8.87505,-0.1688828,0.1126702,-0.03245909,-0.0006849181,-0.0006849181,0.1185122
11514,8.875774,-0.1688959,0.1126702,-0.03239084,-0.0006849181,-0.0006849181,0.1198605
11515,8.876497,-0.168922,0.1126702,-0.03225436,-0.0006849181,-0.0006849181,0.1179751
11516,8.877223,-0.168935,0.1126702,-0.03218609,-0.0006849181,-0.0006849181,0.1179917
11517,8.877986,-0.168961,0.1126702,-0.03204958,0,0,0.1197655
11518,8.878718,-0.1689739,0.1126702,-0.0319813,0,0,0.1218471
11519,8.879413,-0.1689868,0.1126702,-0.03191301,0,0,0.1218658
11520,8.88013,-0.1690126,0.1126702,-0.03177646,0,0,0.1213557
11521,8.881026,-0.1690254,0.1126702,-0.03170815,0,0,0.1211799
11522,8.881774,-0.1690382,0.1126702,-0.03163984,0,0,0.1212759
11523,8.882596,-0.1689984,0.1126463,-0.03149971,0,0,0.1223454
11524,8.883381,-0.1690111,0.1126463,-0.03143141,0,0,0.1223074
11525,8.884151,-0.1690364,0.1126463,-0.0312948,-0.00182426,-0.00182426,0.1225168
11526,8.884871,-0.1690491,0.1126463,-0.03122649,-0.00182426,-0.00182426,0.1228323
11527,8.885608,-0.1690743,0.1126463,-0.03108989,-0.00182426,-0.00182426,0.1225362
11528,8.886293,-0.1690743,0.1126463,-0.03108989,-0.00182426,-0.00182426,0.1225433
11529,8.886969,-0.1690993,0.1126463,-0.03095322,-0.00182426,-0.00182426,0.123335
11530,8.887696,-0.1691118,0.1126463,-0.03088492,-0.00182426,-0.00182426,0.1229907
11531,8.888538,-0.1691367,0.1126463,-0.03074823,-0.00182426,-0.00182426,0.1237588
11532,8.889326,-0.1691491,0.1126463,-0.03067988,-0.00182426,-0.00182426,0.1237658
11533,8.890057,-0.1691739,0.1126463,-0.0305432,-0.00182426,-0.00182426,0.124991
11534,8.890799,-0.1691862,0.1126463,-0.03047487,-0.00182426,-0.00182426,0.1247381
11535,8.891524,-0.1692108,0.1126463,-0.03033811,0,0,0.1253371
11536,8.892288,-0.169223,0.1126463,-0.03026973,0,0,0.1253462
11537,8.893055,-0.1691699,0.1126226,-0.03019834,-0.001991902,-0.001991902,0.1255846
11538,8.893863,-0.1691821,0.1126226,-0.03012993,-0.001991902,-0.001991902,0.1252297
11539,8.894635,-0.1692064,0.1126226,-0.02999322,-0.001991902,-0.001991902,0.1252432
11540,8.895369,-0.1692185,0.1126226,-0.02992484,-0.001991902,-0.001991902,0.1252499
11541,8.896086,-0.1692426,0.1126226,-0.02978806,-0.001991902,-0.001991902,0.1257504
11542,8.896872,-0.1692547,0.1126226,-0.02971971,-0.001991902,-0.001991902,0.1262657
11543,8.897581,-0.1692786,0.1126226,-0.02958294,-0.001991902,-0.001991902,0.1256386
11544,8.898276,-0.1692786,0.1126226,-0.02958294,-0.001991902,-0.001991902,0.1256453
11545,8.898941,-0.1693025,0.1126226,-0.02944611,-0.001991902,-0.001991902,0.1256519
11546,8.899699,-0.1693144,0.1126226,-0.02937769,-0.001991902,-0.001991902,0.1253954
11547,8.90081,-0.169338,0.1126226,-0.02924084,0,0,0.1251988
11548,8.90167,-0.1693616,0.1126226,-0.029104,0,0,0.1258475
11549,8.902438,-0.1693734,0.1126226,-0.02903556,0,0,0.1258562
11550,8.903204,-0.1693851,0.1126226,-0.02896711,0,0,0.126
11551,8.904343,-0.1693431,0.1125988,-0.02882772,-0.002092101,-0.002092101,0.1249574
11552,8.905148,-0.1693663,0.1125988,-0.02869088,-0.002092101,-0.002092101,0.1255108
11553,8.905909,-0.1693779,0.1125988,-0.0286224,-0.002092101,-0.002092101,0.12526
11554,8.906683,-0.169401,0.1125988,-0.02848553,-0.002092101,-0.002092101,0.1253446
11555,8.907403,-0.1694125,0.1125988,-0.02841711,-0.002092101,-0.002092101,0.1253446
11556,8.908133,-0.1694354,0.1125988,-0.02828017,-0.002092101,-0.002092101,0.1260949
11557,8.90886,-0.1694354,0.1125988,-0.02828017,-0.002092101,-0.002092101,0.1250027
11558,8.909478,-0.1694582,0.1125988,-0.02814326,-0.002092101,-0.002092101,0.1243005
11559,8.910299,-0.1694696,0.1125988,-0.02807474,-0.002092101,-0.002092101,0.1243065
11560,8.911076,-0.1694922,0.1125988,-0.0279378,-0.002092101,-0.002092101,0.1243184
11561,8.911818,-0.1695035,0.1125988,-0.0278693,0,0,0.1247623
11562,8.912604,-0.1695259,0.1125988,-0.02773229,0,0,0.1259583
11563,8.913379,-0.1695371,0.1125988,-0.02766382,0,0,0.1259666
11564,8.914332,-0.1695375,0.11265,-0.02752615,0,0,0.1244838
11565,8.915123,-0.1695486,0.11265,-0.02745759,0,0,0.1249339
11566,8.915883,-0.1695597,0.11265,-0.02738911,0,0,0.1239953
11567,8.916698,-0.1695274,0.1126263,-0.02718165,-0.002124101,-0.002124101,0.1246719
11568,8.917464,-0.1695274,0.1126263,-0.02718165,-0.002124101,-0.002124101,0.1246777
11569,8.918213,-0.1695493,0.1126263,-0.02704466,-0.002124101,-0.002124101,0.1254119
11570,8.919008,-0.1695711,0.1126263,-0.02690762,-0.002124101,-0.002124101,0.1253932
11571,8.919721,-0.1695711,0.1126263,-0.02690762,-0.002124101,-0.002124101,0.1246673
11572,8.920361,-0.1695274,0.1126026,-0.02676887,-0.00255727,-0.00255727,0.1237918
11573,8.921212,-0.169549,0.1126026,-0.02663189,-0.00255727,-0.00255727,0.1237968
11574,8.921953,-0.169549,0.1126026,-0.02663189,-0.00255727,-0.00255727,0.1238018
11575,8.922695,-0.1695705,0.1126026,-0.02649484,-0.00255727,-0.00255727,0.1251691
11576,8.923407,-0.1695543,0.1126652,-0.02642566,-0.002557669,-0.002557669,0.1243403
11577,8.924115,-0.1695756,0.1126652,-0.02628861,-0.001694862,-0.001694862,0.1250848
11578,8.926959,-0.1695862,0.1126652,-0.02622012,-0.001694862,-0.001694862,0.1247184
11579,8.927727,-0.1695735,0.1126416,-0.02587607,-0.001912445,-0.001912445,0.1256596
11580,8.928455,-0.1695839,0.1126416,-0.02580754,-0.001912445,-0.001912445,0.1251661
11581,8.929202,-0.1696047,0.1126416,-0.02567046,-0.001912445,-0.001912445,0.1260856
11582,8.929933,-0.1696151,0.1126416,-0.02560196,-0.001912445,-0.001912445,0.1260856
11583,8.930679,-0.1696357,0.1126416,-0.0254649,-0.001912445,-0.001912445,0.1250998
11584,8.931397,-0.1695806,0.1126179,-0.02539512,-0.001908937,-0.001908937,0.1255368
11585,8.932106,-0.1695737,0.1126817,-0.02525761,-0.003080764,-0.003080764,0.1261626
11586,8.932827,-0.1695737,0.1126817,-0.02525761,-0.003081255,-0.003081255,0.1261423
11587,8.933598,-0.1695941,0.1126817,-0.02512055,0.003741509,0.003741509,0.1254676
11588,8.934451,-0.1696143,0.1126817,-0.0249835,0.003741509,0.003741509,0.1246045
11589,8.935171,-0.1695691,0.1126581,-0.02484547,0.003060067,0.003060067,0.1275075
11590,8.935897,-0.1695691,0.1126581,-0.02484547,0.003060067,0.003060067,0.1275096
11591,8.936551,-0.1695891,0.1126581,-0.02470841,0.003060067,0.003060067,0.1267827
11592,8.937255,-0.1695991,0.1126581,-0.02463987,0.003060067,0.003060067,0.1266413
11593,8.938044,-0.1696189,0.1126581,-0.02450279,0.003060067,0.003060067,0.1273002
11594,8.938745,-0.1695634,0.1126345,-0.02443346,0.003064429,0.003064429,0.1272531
11595,8.939482,-0.1695733,0.1126345,-0.02436493,0.002768594,0.002768594,0.1269017
11596,8.94028,-0.1695929,0.1126345,-0.02422787,0.002768594,0.002768594,0.1272684
11597,8.941191,-0.169547,0.1126109,-0.02409014,-0.004048223,-0.004048223,0.1275585
11598,8.941908,-0.1695567,0.1126109,-0.02402166,-0.004048223,-0.004048223,0.1275613
11599,8.942687,-0.1695761,0.1126109,-0.02388457,-0.005715958,-0.005715958,0.1278837
11600,8.943453,-0.1695857,0.1126109,-0.02381608,-0.005715958,-0.005715958,0.127705
11601,8.944229,-0.1696049,0.1126109,-0.02367905,-0.005715958,-0.005715958,0.1271521
11602,8.944958,-0.169549,0.1125874,-0.02360996,-0.005708699,-0.005708699,0.1271038
11603,8.94575,-0.1695586,0.1125874,-0.02354148,-0.005815718,-0.005815718,0.1287699
11604,8.946488,-0.1695681,0.1125874,-0.02347295,-0.005815718,-0.005815718,0.1279366
11605,8.947199,-0.169531,0.1125639,-0.02326703,-0.00580833,-0.00580833,0.1293434
11606,8.947948,-0.1695404,0.1125639,-0.02319851,-0.00580833,-0.00580833,0.1293447
11607,8.94875,-0.1695591,0.1125639,-0.02306148,-0.00613766,-0.00613766,0.1297229
11608,8.949477,-0.1694937,0.1125404,-0.02306118,-0.006129847,-0.006129847,0.1296731
11609,8.95021,-0.1695123,0.1125404,-0.02292423,-0.007189768,-0.007189768,0.1285676
11610,8.950928,-0.1695307,0.1125404,-0.02278725,-0.007189768,-0.007189768,0.1285665
11611,8.951653,-0.1695399,0.1125404,-0.0227187,-0.007189768,-0.007189768,0.1306137
11612,8.952495,-0.1695019,0.112517,-0.02251314,-0.007180606,-0.007180606,0.1306899
11613,8.953219,-0.1695019,0.112517,-0.02251314,-0.007215079,-0.007215079,0.130689
11614,8.953854,-0.1695201,0.112517,-0.02237613,-0.007215079,-0.007215079,0.1306878
11615,8.954554,-0.1694637,0.1124935,-0.02230762,-0.007205879,-0.007205879,0.1316185
11616,8.955259,-0.1694727,0.1124935,-0.02223917,-0.007535444,-0.007535444,0.1302621
11617,8.956112,-0.1694906,0.1124935,-0.02210219,-0.007535444,-0.007535444,0.1321474
11618,8.956869,-0.1695084,0.1124935,-0.02196524,-0.007535444,-0.007535444,0.1321459
11619,8.957699,-0.1694518,0.1124702,-0.02189689,-0.00752582,-0.00752582,0.1323688
11620,8.958447,-0.1694607,0.1124702,-0.02182837,-0.007557732,-0.007557732,0.1313628
11621,8.959194,-0.1694128,0.1124468,-0.02169167,-0.008353719,-0.008353719,0.1326874
11622,8.959921,-0.1694216,0.1124468,-0.02162325,-0.008353719,-0.008353719,0.1326848
11623,8.96066,-0.1693736,0.1124235,-0.02148662,-0.008353719,-0.008353719,0.132393
11624,8.961534,-0.1693909,0.1124235,-0.02134976,-0.008581437,-0.008581437,0.1333833
11625,8.962242,-0.1693995,0.1124235,-0.02128126,-0.008581437,-0.008581437,0.1329972
11626,8.962965,-0.1694081,0.1124235,-0.02121285,-0.008581437,-0.008581437,0.1329942
11627,8.963754,-0.1693597,0.1124002,-0.02107643,-0.008570436,-0.008570436,0.1329325
11628,8.964498,-0.1693767,0.1124002,-0.02093954,-0.008569695,-0.008569695,0.1336077
11629,8.965254,-0.1693851,0.1124002,-0.02087109,-0.008569695,-0.008569695,0.1343335
11630,8.96598,-0.1693936,0.1124002,-0.02080268,-0.008569695,-0.008569695,0.1343304
11631,8.966696,-0.1693449,0.1123769,-0.02066635,-0.008958573,-0.008958573,0.1323524
11632,8.967495,-0.1692961,0.1123537,-0.0205302,-0.00894706,-0.00894706,0.1333381
11633,8.968328,-0.1693044,0.1123537,-0.02046182,-0.009181423,-0.009181423,0.1335544
11634,8.969097,-0.1693208,0.1123537,-0.02032498,-0.009181423,-0.009181423,0.1325149
11635,8.969851,-0.1692554,0.1123305,-0.02032574,-0.009169616,-0.009169616,0.1324595
11636,8.970635,-0.1692799,0.1123305,-0.02012053,-0.009630088,-0.009630088,0.1323218
11637,8.971385,-0.169288,0.1123305,-0.02005216,-0.009630088,-0.009630088,0.133466
11638,8.972148,-0.1692307,0.1123073,-0.01998464,-0.00980262,-0.00980262,0.1326259
11639,8.972877,-0.1692387,0.1123073,-0.01991629,-0.00980262,-0.00980262,0.132621
11640,8.973631,-0.1691894,0.1122842,-0.01978043,-0.009889618,-0.009889618,0.1334262
11641,8.97439,-0.1691974,0.1122842,-0.0197121,-0.01000752,-0.01000752,0.1330651
11642,8.975106,-0.1692132,0.1122842,-0.01957538,-0.01000752,-0.01000752,0.1334112
11643,8.975821,-0.1691557,0.1122611,-0.01950804,-0.009994601,-0.009994601,0.1333593
11644,8.976519,-0.1691635,0.1122611,-0.01943972,-0.01045166,-0.01045166,0.1312843
11645,8.977257,-0.1691059,0.112238,-0.01937249,-0.01068838,-0.01068838,0.1312471
11646,8.978046,-0.1691215,0.112238,-0.0192358,-0.01068838,-0.01068838,0.1294386
11647,8.978897,-0.1691293,0.112238,-0.0191675,-0.01068838,-0.01068838,0.1294323
11648,8.979654,-0.1691447,0.112238,-0.01903083,-0.01074156,-0.01074156,0.1292649
11649,8.98038,-0.169087,0.1122149,-0.01896377,-0.01072766,-0.01072766,0.1290633
11650,8.981304,-0.1690946,0.1122149,-0.01889544,-0.01028242,-0.01028242,0.1276876
11651,8.982032,-0.1690444,0.1121919,-0.01876017,-0.01055284,-0.01055284,0.1277381
11652,8.982735,-0.1690519,0.1121919,-0.01869186,-0.01055284,-0.01055284,0.1277381
11653,8.98346,-0.1690595,0.1121919,-0.0186235,-0.01055284,-0.01055284,0.1248507
11654,8.984197,-0.1690015,0.1121689,-0.01855667,-0.01091422,-0.01091422,0.1247885
11655,8.984905,-0.169009,0.1121689,-0.01848837,-0.01091422,-0.01091422,0.1247815
11656,8.985605,-0.1690239,0.1121689,-0.01835177,-0.01091422,-0.01091422,0.1243404
11657,8.986324,-0.1689659,0.1121459,-0.01828506,-0.01078463,-0.01078463,0.1231104
11658,8.987039,-0.1689732,0.1121459,-0.01821677,-0.01078463,-0.01078463,0.1208379
11659,8.987765,-0.1689806,0.1121459,-0.01814853,-0.01078463,-0.01078463,0.1208308
11660,8.988476,-0.1689879,0.1121459,-0.01808024,-0.01078463,-0.01078463,0.1209246
11661,8.9892,-0.1689297,0.112123,-0.01801361,-0.01088277,-0.01088277,0.1175035
11662,8.989966,-0.168937,0.112123,-0.01794534,-0.01088277,-0.01088277,0.117496
11663,8.99338,-0.1688491,0.1120772,-0.01753944,-0.0105958,-0.0105958,0.1141433
11664,8.994293,-0.1688562,0.1120772,-0.01747116,-0.01051752,-0.01051752,0.1137035
11665,8.995148,-0.1688633,0.1120772,-0.01740296,-0.01070947,-0.01070947,0.112961
11666,8.995903,-0.1688048,0.1120544,-0.01733665,-0.01069549,-0.01069549,0.1129092
11667,8.996609,-0.1688118,0.1120544,-0.01726847,-0.01069404,-0.01069404,0.1105397
11668,8.99737,-0.1688188,0.1120544,-0.01720021,-0.01082553,-0.01082553,0.1097277
11669,8.998085,-0.1687602,0.1120315,-0.01713403,-0.01080387,-0.01080387,0.1082469
11670,8.998815,-0.1687671,0.1120315,-0.01706583,-0.01080387,-0.01080387,0.1082388
11671,8.999577,-0.168774,0.1120315,-0.01699767,-0.01066794,-0.01066794,0.1058782
11672,9.000359,-0.1687223,0.1120088,-0.01686337,-0.01065399,-0.01065399,0.1049419
11673,9.001229,-0.1687291,0.1120088,-0.01679518,-0.01027556,-0.01027556,0.1030996
11674,9.001993,-0.1687291,0.1120088,-0.01679518,-0.01027556,-0.01027556,0.1030919
11675,9.002717,-0.1686704,0.111986,-0.0167292,-0.0105324,-0.0105324,0.1021277
11676,9.003359,-0.1686771,0.111986,-0.01666103,-0.0103992,-0.0103992,0.09784864
11677,9.00411,-0.1686838,0.111986,-0.01659283,-0.0103992,-0.0103992,0.09885421
11678,9.00483,-0.1686905,0.111986,-0.0165247,-0.0103992,-0.0103992,0.09884609
11679,9.005554,-0.1686317,0.1119633,-0.0164588,-0.01031435,-0.01031435,0.09664677
11680,9.00629,-0.1686384,0.1119633,-0.01639069,-0.009804933,-0.009804933,0.09684281
11681,9.007004,-0.168645,0.1119633,-0.0163225,-0.009758797,-0.009758797,0.09541372
11682,9.00777,-0.1686516,0.1119633,-0.01625439,-0.009758797,-0.009758797,0.09541372
11683,9.008598,-0.1686581,0.1119633,-0.01618623,-0.009456324,-0.009456324,0.09134679
11684,9.009419,-0.1685927,0.1119406,-0.01618861,-0.009190688,-0.009190688,0.093673
11685,9.012235,-0.1686057,0.1119406,-0.01605238,-0.009190688,-0.009190688,0.09070259
11686,9.01312,-0.1685596,0.1119179,-0.01585051,-0.009322483,-0.009322483,0.08745132
11687,9.013954,-0.1685659,0.1119179,-0.01578239,-0.009322483,-0.009322483,0.08744379
11688,9.014723,-0.1685723,0.1119179,-0.01571427,-0.009322483,-0.009322483,0.08727828
11689,9.015448,-0.1685069,0.1118953,-0.01571683,-0.009179667,-0.009179667,0.08580942
11690,9.016174,-0.1685132,0.1118953,-0.01564873,-0.008551769,-0.008551769,0.08572927
11691,9.016868,-0.1685195,0.1118953,-0.01558067,-0.008551769,-0.008551769,0.08572253
11692,9.017553,-0.1685258,0.1118953,-0.01551257,-0.00845348,-0.00845348,0.08520869
11693,9.018324,-0.1684666,0.1118727,-0.01544709,-0.00845348,-0.00845348,0.08501825
11694,9.019072,-0.1684729,0.1118727,-0.01537905,-0.008381289,-0.008381289,0.08299795
11695,9.019856,-0.1684729,0.1118727,-0.01537905,-0.008381289,-0.008381289,0.08299795
11696,9.020487,-0.1684791,0.1118727,-0.01531096,-0.008367015,-0.008367015,0.08122309
11697,9.021352,-0.1684197,0.1118501,-0.01524567,-0.00830758,-0.00830758,0.08123025
11698,9.022057,-0.1684259,0.1118501,-0.01517761,-0.008199719,-0.008199719,0.0809404
11699,9.022844,-0.1684259,0.1118501,-0.01517761,-0.008199719,-0.008199719,0.0809404
11700,9.023519,-0.1684381,0.1118501,-0.01504147,-0.008199719,-0.008199719,0.07853116
11701,9.024256,-0.1683727,0.1118276,-0.0150443,-0.008149802,-0.008149802,0.07981553
11702,9.024964,-0.1683727,0.1118276,-0.0150443,-0.008149802,-0.008149802,0.07981553
11703,9.025603,-0.1683787,0.1118276,-0.0149763,-0.008042482,-0.008042482,0.07705153
11704,9.026352,-0.1683848,0.1118276,-0.01490825,-0.008042482,-0.008042482,0.07539026
11705,9.027081,-0.1683908,0.1118276,-0.0148402,-0.00785664,-0.00785664,0.07509105
11706,9.027787,-0.1683253,0.111805,-0.01484311,-0.007846247,-0.007846247,0.07506143
11707,9.028517,-0.1683313,0.111805,-0.01477508,-0.007694303,-0.007694303,0.07398118
11708,9.029262,-0.1683373,0.111805,-0.0147071,-0.007491024,-0.007491024,0.07401357
11709,9.029969,-0.1683373,0.111805,-0.0147071,-0.007491024,-0.007491024,0.07401357
11710,9.030612,-0.1683432,0.111805,-0.01463907,-0.007491024,-0.007491024,0.07350302
11711,9.031328,-0.1682836,0.1117825,-0.01457401,-0.007414905,-0.007414905,0.07181932
11712,9.032101,-0.1682836,0.1117825,-0.01457401,-0.007421316,-0.007421316,0.07181846
11713,9.032749,-0.1682895,0.1117825,-0.01450604,-0.007421316,-0.007421316,0.07181227
11714,9.033488,-0.1682895,0.1117825,-0.01450604,-0.006993985,-0.006993985,0.07095945
11715,9.034142,-0.1682299,0.1117601,-0.0144411,-0.007113383,-0.007113383,0.07078172
11716,9.03487,-0.1682357,0.1117601,-0.01437315,-0.007113383,-0.007113383,0.07077581
11717,9.035607,-0.1682415,0.1117601,-0.01430516,-0.007113383,-0.007113383,0.0689657
11718,9.036337,-0.1681761,0.1117377,-0.01430828,-0.007227235,-0.007227235,0.07027981
11719,9.037127,-0.1681819,0.1117377,-0.01424032,-0.007385537,-0.007385537,0.06863225
11720,9.037895,-0.1681819,0.1117377,-0.01424032,-0.007385537,-0.007385537,0.06863225
11721,9.038572,-0.1681933,0.1117377,-0.01410442,-0.007385537,-0.007385537,0.06753365
11722,9.039309,-0.1681933,0.1117377,-0.01410442,-0.007385537,-0.007385537,0.06895256
11723,9.039957,-0.1681279,0.1117152,-0.01410762,-0.007375723,-0.007375723,0.06892529
11724,9.040699,-0.1681336,0.1117152,-0.01403968,-0.007336319,-0.007336319,0.06748942
11725,9.041561,-0.1681392,0.1117152,-0.01397173,-0.007336319,-0.007336319,0.06673058
11726,9.042267,-0.1680794,0.1116929,-0.01390706,-0.007174649,-0.007174649,0.06693474
11727,9.042983,-0.168101,0.1116419,-0.01390598,-0.007174649,-0.007174649,0.06693474
11728,9.043768,-0.1681066,0.1116419,-0.01383808,-0.00717363,-0.00717363,0.06580188
11729,9.044607,-0.1680467,0.1116195,-0.01377348,-0.007164068,-0.007164068,0.06663983
11730,9.04534,-0.1680467,0.1116195,-0.01377348,-0.007164068,-0.007164068,0.06663983
11731,9.045973,-0.1680523,0.1116195,-0.01370557,-0.007305107,-0.007305107,0.06618778
11732,9.046768,-0.1680578,0.1116195,-0.01363765,-0.007305107,-0.007305107,0.06499786
11733,9.047546,-0.1679924,0.1115972,-0.01364104,-0.007683744,-0.007683744,0.06452724
11734,9.048297,-0.1679979,0.1115972,-0.01357319,-0.007683744,-0.007683744,0.06452028
11735,9.049129,-0.1680033,0.1115972,-0.01350529,-0.00763401,-0.00763401,0.0632551
11736,9.04987,-0.1680088,0.1115972,-0.01343736,-0.00763401,-0.00763401,0.06220133
11737,9.050648,-0.1679697,0.1115125,-0.01343943,-0.008172362,-0.008172362,0.06309696
11738,9.051362,-0.1679697,0.1115125,-0.01343943,-0.008162127,-0.008162127,0.06307186
11739,9.05201,-0.1679751,0.1115125,-0.01337159,-0.008066814,-0.008066814,0.06294464
11740,9.052713,-0.1679151,0.1114902,-0.01330722,-0.008060206,-0.008060206,0.06178033
11741,9.053426,-0.1679151,0.1114902,-0.01330722,-0.008050113,-0.008050113,0.06174893
11742,9.05417,-0.1679473,0.1114266,-0.01323795,-0.008306796,-0.008306796,0.06010947
11743,9.054936,-0.1679473,0.1114266,-0.01323795,-0.008817265,-0.008817265,0.06136137
11744,9.055575,-0.1679526,0.1114266,-0.01317008,-0.01980725,-0.01980725,0.06014931
11745,9.056324,-0.1679579,0.1114266,-0.0131022,-0.01980725,-0.01980725,0.06014403
11746,9.057055,-0.1678977,0.1114044,-0.01303795,-0.01979607,-0.01979607,0.06011478
11747,9.057779,-0.1678977,0.1114044,-0.01303795,-0.01949661,-0.01949661,0.06016369
11748,9.058434,-0.1678977,0.1114044,-0.01303795,-0.01949661,-0.01949661,0.06016369
11749,9.059065,-0.1679298,0.1113406,-0.01296864,-0.01949864,-0.01949864,0.05993195
11750,9.059793,-0.1678696,0.1113184,-0.01290446,-0.01982696,-0.01982696,0.05952417
11751,9.060567,-0.1678696,0.1113184,-0.01290446,-0.01991375,-0.01991375,0.05914827
11752,9.061412,-0.1678748,0.1113184,-0.01283662,-0.01991375,-0.01991375,0.05914305
11753,9.062181,-0.1678361,0.1112325,-0.0128388,-0.01991579,-0.01991579,0.05827458
11754,9.062915,-0.1678413,0.1112325,-0.01277098,-0.02145636,-0.02145636,0.05796644
11755,9.063692,-0.1678465,0.1112325,-0.01270319,-0.02145636,-0.02145636,0.05757575
11756,9.064482,-0.1678465,0.1112325,-0.01270319,-0.02145636,-0.02145636,0.05757575
11757,9.065123,-0.1677861,0.1112104,-0.01263914,-0.02144505,-0.02144505,0.05754571
11758,9.065824,-0.1677861,0.1112104,-0.01263914,-0.02144184,-0.02144184,0.05737824
11759,9.066485,-0.1677912,0.1112104,-0.01257133,-0.02144184,-0.02144184,0.05737307
11760,9.067207,-0.1677963,0.1112104,-0.01250353,-0.02144184,-0.02144184,0.05759211
11761,9.067915,-0.1677308,0.1111883,-0.01250736,-0.02135272,-0.02135272,0.05663804
11762,9.068791,-0.1677626,0.1111245,-0.012438,-0.02140914,-0.02140914,0.05680242
11763,9.069578,-0.1677676,0.1111245,-0.01237024,-0.02003745,-0.02003745,0.05631314
11764,9.070311,-0.1677676,0.1111245,-0.01237024,-0.02003745,-0.02003745,0.0563077
11765,9.070972,-0.1677944,0.1110607,-0.01236865,-0.02003949,-0.02003949,0.05526795
11766,9.071671,-0.1677339,0.1110386,-0.01230476,-0.02142602,-0.02142602,0.05556512
11767,9.072479,-0.1677339,0.1110386,-0.01230476,-0.02142602,-0.02142602,0.05556512
11768,9.073156,-0.1677388,0.1110386,-0.01223697,-0.02142602,-0.02142602,0.05460671
11769,9.073915,-0.1676733,0.1110166,-0.01224092,-0.02145239,-0.02145239,0.05355284
11770,9.074675,-0.1676783,0.1110166,-0.01217316,-0.02145239,-0.02145239,0.05375944
11771,9.075452,-0.1676783,0.1110166,-0.01217316,-0.02145239,-0.02145239,0.05375944
11772,9.07613,-0.1677099,0.1109528,-0.01210381,-0.02145482,-0.02145482,0.05299313
11773,9.076902,-0.1676444,0.1109308,-0.0121078,-0.02121043,-0.02121043,0.05283529
11774,9.077758,-0.1676492,0.1109308,-0.01204005,-0.02108022,-0.02108022,0.05275367
11775,9.078516,-0.1676541,0.1109308,-0.0119723,-0.02108022,-0.02108022,0.05227998
11776,9.079263,-0.1676808,0.110867,-0.01197065,-0.02108022,-0.02108022,0.05227998
11777,9.079974,-0.1676201,0.110845,-0.01190697,-0.02150117,-0.02150117,0.05234775
11778,9.080666,-0.1676249,0.110845,-0.01183927,-0.02151819,-0.02151819,0.0520189
11779,9.081541,-0.1676249,0.110845,-0.01183927,-0.02269663,-0.02269663,0.05143176
11780,9.082211,-0.1676297,0.110845,-0.01177153,-0.02269663,-0.02269663,0.05143176
11781,9.082926,-0.1676297,0.110845,-0.01177153,-0.02280402,-0.02280402,0.05108293
11782,9.083548,-0.1675955,0.1107593,-0.01170625,-0.02295059,-0.02295059,0.05205685
11783,9.084355,-0.1675955,0.1107593,-0.01170625,-0.02295059,-0.02295059,0.05205685
11784,9.085059,-0.1676002,0.1107593,-0.01163852,-0.02269213,-0.02269213,0.05239747
11785,9.085787,-0.1676002,0.1107593,-0.01163852,-0.02239526,-0.02239526,0.05115199
11786,9.086439,-0.1676049,0.1107593,-0.01157083,-0.02239526,-0.02239526,0.05114727
11787,9.087181,-0.1675394,0.1107374,-0.01157504,-0.02238447,-0.02238447,0.051431
11788,9.087933,-0.1675441,0.1107374,-0.01150734,-0.02216581,-0.02216581,0.05142187
11789,9.088667,-0.1675753,0.1106735,-0.01143794,-0.02239881,-0.02239881,0.05135107
11790,9.089511,-0.1675799,0.1106735,-0.01137018,-0.02169854,-0.02169854,0.0513321
11791,9.090349,-0.1675144,0.1106516,-0.01137447,-0.02169854,-0.02169854,0.05132721
11792,9.091078,-0.1675189,0.1106516,-0.01130677,-0.02193659,-0.02193659,0.05064174
11793,9.091832,-0.1675189,0.1106516,-0.01130677,-0.02182362,-0.02182362,0.0503701
11794,9.092483,-0.1675501,0.1105878,-0.01123735,-0.02182642,-0.02182642,0.05037769
11795,9.093201,-0.1675501,0.1105878,-0.01123735,-0.02226634,-0.02226634,0.05097824
11796,9.093832,-0.1675546,0.1105878,-0.01116964,-0.02162117,-0.02162117,0.051171
11797,9.094517,-0.1674936,0.1105659,-0.01110632,-0.02147094,-0.02147094,0.05127453
11798,9.095262,-0.1674936,0.1105659,-0.01110632,-0.02147094,-0.02147094,0.05127005
11799,9.095899,-0.1674981,0.1105659,-0.01103864,-0.02147094,-0.02147094,0.05141895
11800,9.096613,-0.1674325,0.1105442,-0.01104306,-0.02155446,-0.02155446,0.05160832
11801,9.097362,-0.1674369,0.1105442,-0.01097544,-0.02155446,-0.02155446,0.05160832
11802,9.0981,-0.1674414,0.1105442,-0.01090777,-0.02155446,-0.02155446,0.05061707
11803,9.098906,-0.1674414,0.1105442,-0.01090777,-0.02155446,-0.02155446,0.05167593
11804,9.099624,-0.1674067,0.1104585,-0.01084279,-0.02046237,-0.02046237,0.05131301
11805,9.100511,-0.1674376,0.1103946,-0.0107733,-0.02288271,-0.02288271,0.05207374
11806,9.103389,-0.1674376,0.1103946,-0.0107733,-0.02288271,-0.02288271,0.05195103
11807,9.104117,-0.1674505,0.1103946,-0.01057038,-0.02187137,-0.02187137,0.05262897
11808,9.104848,-0.167385,0.1103729,-0.010575,-0.0213313,-0.0213313,0.05341242
11809,9.105578,-0.1674157,0.110309,-0.01050544,-0.02123058,-0.02123058,0.05349899
11810,9.1064,-0.1674157,0.110309,-0.01050544,-0.02123058,-0.02123058,0.05349899
11811,9.107194,-0.1674199,0.110309,-0.01043782,-0.02123058,-0.02123058,0.05330821
11812,9.10792,-0.1673586,0.1102874,-0.01037486,-0.02168938,-0.02168938,0.05403389
11813,9.108668,-0.1673627,0.1102874,-0.01030726,-0.0216892,-0.0216892,0.05474215
11814,9.109388,-0.1673627,0.1102874,-0.01030726,-0.0216892,-0.0216892,0.05473832
11815,9.110024,-0.1673014,0.1102657,-0.01024433,-0.0216892,-0.0216892,0.05507218
11816,9.110725,-0.1673278,0.1102017,-0.01024242,-0.0209491,-0.0209491,0.0555185
11817,9.111475,-0.1673319,0.1102017,-0.0101748,-0.02084492,-0.02084492,0.05541593
11818,9.112185,-0.167336,0.1102017,-0.01010722,-0.02084492,-0.02084492,0.05541193
11819,9.112932,-0.1673401,0.1102017,-0.01003959,-0.02084492,-0.02084492,0.05524202
11820,9.113683,-0.1673401,0.1102017,-0.01003959,-0.02084492,-0.02084492,0.05615192
11821,9.114328,-0.1673049,0.1101162,-0.009974866,-0.02083804,-0.02083804,0.05613776
11822,9.115114,-0.1673049,0.1101162,-0.009974866,-0.02065233,-0.02065233,0.05589214
11823,9.115897,-0.167309,0.1101162,-0.009907255,-0.02065233,-0.02065233,0.05559905
11824,9.116739,-0.1673129,0.1101162,-0.00983968,-0.02065233,-0.02065233,0.05623711
11825,9.117497,-0.1673169,0.1101162,-0.009772066,-0.02065233,-0.02065233,0.05655786
11826,9.118217,-0.1672514,0.1100946,-0.009776998,-0.02064273,-0.02064273,0.05653115
11827,9.118951,-0.1672553,0.1100946,-0.009709408,-0.02064742,-0.02064742,0.05652609
11828,9.119689,-0.1672816,0.1100306,-0.009707416,-0.02023413,-0.02023413,0.05609106
11829,9.120399,-0.16722,0.1100091,-0.009644801,-0.02098764,-0.02098764,0.05638633
11830,9.12128,-0.1672239,0.1100091,-0.009577263,-0.02098764,-0.02098764,0.05638212
11831,9.121996,-0.167254,0.1099451,-0.009507663,-0.02097215,-0.02097215,0.05741582
11832,9.122702,-0.167254,0.1099451,-0.009507663,-0.02193316,-0.02193316,0.05836337
11833,9.12331,-0.1672578,0.1099451,-0.009440109,-0.02193316,-0.02193316,0.05836337
11834,9.124002,-0.1672616,0.1099451,-0.009372476,-0.02151236,-0.02151236,0.05800012
11835,9.124816,-0.1672616,0.1099451,-0.009372476,-0.02151236,-0.02151236,0.05799602
11836,9.12554,-0.1671998,0.1099236,-0.009310005,-0.02150247,-0.02150247,0.05814502
11837,9.126329,-0.1671998,0.1099236,-0.009310005,-0.02133325,-0.02133325,0.05795302
11838,9.126997,-0.1672036,0.1099236,-0.009242474,-0.02133325,-0.02133325,0.0584085
11839,9.127748,-0.1672335,0.1098596,-0.009172834,-0.02133621,-0.02133621,0.05841718
11840,9.128445,-0.167168,0.1098382,-0.009178009,-0.02046165,-0.02046165,0.05822586
11841,9.129251,-0.1671717,0.1098382,-0.009110451,-0.02051361,-0.02051361,0.05942792
11842,9.129986,-0.1672015,0.1097741,-0.009040804,-0.02051643,-0.02051643,0.05825306
11843,9.130823,-0.1672015,0.1097741,-0.009040804,-0.02051643,-0.02051643,0.05824928
11844,9.131572,-0.1672052,0.1097741,-0.008973272,-0.02265065,-0.02265065,0.05878644
11845,9.132378,-0.1672052,0.1097741,-0.008973272,-0.02128187,-0.02128187,0.057869
11846,9.133026,-0.1672088,0.1097741,-0.008905701,-0.02128187,-0.02128187,0.05781784
11847,9.133769,-0.1671694,0.1096887,-0.008908872,-0.02127251,-0.02127251,0.05779456
11848,9.134518,-0.167173,0.1096887,-0.008841314,-0.02118803,-0.02118803,0.05826417
11849,9.135298,-0.1671766,0.1096887,-0.008773755,-0.02118803,-0.02118803,0.05887524
11850,9.13607,-0.1671766,0.1096887,-0.008773755,-0.02138868,-0.02138868,0.05873796
11851,9.136735,-0.1671801,0.1096887,-0.008706236,-0.02138868,-0.02138868,0.05873438
11852,9.137548,-0.1671145,0.1096672,-0.008711596,-0.02154344,-0.02154344,0.05733413
11853,9.138288,-0.1671442,0.1096032,-0.008641912,-0.02153934,-0.02153934,0.05772473
11854,9.139047,-0.1671477,0.1096032,-0.008574407,-0.02135712,-0.02135712,0.05699967
11855,9.139751,-0.1671477,0.1096032,-0.008574407,-0.02135712,-0.02135712,0.05699967
11856,9.140458,-0.1671511,0.1096032,-0.008506817,-0.02135712,-0.02135712,0.05670892
11857,9.144056,-0.1671185,0.1095178,-0.008375062,-0.02140459,-0.02140459,0.05524593
11858,9.144836,-0.1671219,0.1095178,-0.008307565,-0.02140459,-0.02140459,0.0552427
11859,9.145631,-0.1671219,0.1095178,-0.008307565,-0.02088155,-0.02088155,0.0550015
11860,9.146317,-0.1671219,0.1095178,-0.008307565,-0.02069155,-0.02069155,0.05495396
11861,9.146981,-0.1671252,0.1095178,-0.008239987,-0.02069155,-0.02069155,0.05261638
11862,9.147822,-0.1671546,0.1094538,-0.008170231,-0.02069155,-0.02069155,0.05261382
11863,9.148562,-0.1671546,0.1094538,-0.008170231,-0.02028182,-0.02028182,0.05334794
11864,9.1493,-0.1671579,0.1094538,-0.008102719,-0.02028182,-0.02028182,0.05334794
11865,9.150038,-0.1670923,0.1094325,-0.008108323,-0.02003399,-0.02003399,0.05248069
11866,9.150745,-0.1670923,0.1094325,-0.008108323,-0.02003399,-0.02003399,0.05248069
11867,9.151384,-0.1670956,0.1094325,-0.008040798,-0.02075271,-0.02075271,0.05066727
11868,9.152081,-0.1670956,0.1094325,-0.008040798,-0.02041132,-0.02041132,0.05075736
11869,9.152736,-0.1671216,0.1093684,-0.008038561,-0.02041486,-0.02041486,0.05076469
11870,9.153505,-0.1671249,0.1093684,-0.007971022,-0.02003407,-0.02003407,0.04919378
11871,9.154326,-0.1671249,0.1093684,-0.007971022,-0.0190723,-0.0190723,0.04834474
11872,9.154999,-0.1671281,0.1093684,-0.007903484,-0.0190723,-0.0190723,0.0469834
11873,9.155795,-0.1671281,0.1093684,-0.007903484,-0.0190723,-0.0190723,0.0469834
11874,9.156441,-0.1671312,0.1093684,-0.007835982,-0.0190723,-0.0190723,0.0469834
11875,9.157215,-0.1671312,0.1093684,-0.007835982,-0.01902231,-0.01902231,0.04515668
11876,9.15786,-0.1671572,0.1093042,-0.007833718,-0.01902549,-0.01902549,0.04516317
11877,9.158581,-0.1671604,0.1093042,-0.007766166,-0.01440957,-0.01440957,0.04632544
11878,9.159313,-0.1671604,0.1093042,-0.007766166,-0.01499327,-0.01499327,0.04299619
11879,9.160064,-0.1671635,0.1093042,-0.007698653,-0.01499327,-0.01499327,0.04299619
11880,9.160992,-0.1671635,0.1093042,-0.007698653,-0.01499327,-0.01499327,0.04278957
11881,9.161658,-0.1671635,0.1093042,-0.007698653,-0.01499327,-0.01499327,0.04278957
11882,9.162314,-0.1671635,0.1093042,-0.007698653,-0.0139396,-0.0139396,0.04275201
11883,9.162976,-0.1671926,0.1092402,-0.007628762,-0.0139396,-0.0139396,0.04275508
11884,9.163804,-0.1671926,0.1092402,-0.007628762,-0.01394342,-0.01394342,0.04276119
11885,9.164465,-0.1671926,0.1092402,-0.007628762,-0.01344297,-0.01344297,0.03997108
11886,9.165131,-0.1671926,0.1092402,-0.007628762,-0.01300835,-0.01300835,0.03933556
11887,9.165771,-0.1671926,0.1092402,-0.007628762,-0.01300835,-0.01300835,0.03933556
11888,9.166389,-0.1671957,0.1092402,-0.007561236,-0.01300835,-0.01300835,0.03933841
11889,9.16723,-0.1671957,0.1092402,-0.007561236,-0.01300835,-0.01300835,0.03506566
11890,9.167891,-0.1671957,0.1092402,-0.007561236,-0.01300835,-0.01300835,0.03506566
11891,9.168561,-0.1671987,0.1092402,-0.007493669,-0.01300835,-0.01300835,0.03506566
11892,9.16927,-0.1671987,0.1092402,-0.007493669,-0.01300835,-0.01300835,0.03233401
11893,9.169929,-0.1671987,0.1092402,-0.007493669,-0.01262694,-0.01262694,0.03232024
11894,9.170561,-0.1671987,0.1092402,-0.007493669,-0.01262694,-0.01262694,0.03232024
11895,9.171188,-0.1672018,0.1092402,-0.00742614,-0.01262694,-0.01262694,0.03232024
11896,9.171939,-0.1672018,0.1092402,-0.00742614,0,0,0.03155406
11897,9.172583,-0.1672018,0.1092402,-0.00742614,0,0,0.03155406
11898,9.173214,-0.1672018,0.1092402,-0.00742614,0,0,0.03155406
11899,9.173841,-0.1672277,0.109176,-0.007423818,0,0,0.03155896
11900,9.174571,-0.1672277,0.109176,-0.007423818,-0.0104028,-0.0104028,0.03193576
11901,9.175317,-0.1672277,0.109176,-0.007423818,-0.0104028,-0.0104028,0.03193576
11902,9.176084,-0.1672307,0.109176,-0.007356197,-0.0104028,-0.0104028,0.02727275
11903,9.17691,-0.1672307,0.109176,-0.007356197,-0.0104028,-0.0104028,0.02727275
11904,9.177665,-0.1672307,0.109176,-0.007356197,-0.0104028,-0.0104028,0.02727275
11905,9.17832,-0.1672307,0.109176,-0.007356197,-0.0104028,-0.0104028,0.0256154
11906,9.178966,-0.1672307,0.109176,-0.007356197,-0.009920257,-0.009920257,0.02559784
11907,9.179642,-0.1672307,0.109176,-0.007356197,-0.009920257,-0.009920257,0.02559784
11908,9.180286,-0.1672307,0.109176,-0.007356197,-0.009920257,-0.009920257,0.02559784
11909,9.181076,-0.1672336,0.109176,-0.007288614,-0.009920257,-0.009920257,0.02559991
11910,9.181819,-0.1672336,0.109176,-0.007288614,-0.009920257,-0.009920257,0.02559991
11911,9.182451,-0.1672336,0.109176,-0.007288614,0,0,0.02218053
11912,9.183076,-0.1672336,0.109176,-0.007288614,0,0,0.02110337
11913,9.183701,-0.1672336,0.109176,-0.007288614,0,0,0.02110337
11914,9.184341,-0.1672336,0.109176,-0.007288614,0,0,0.02110337
11915,9.184969,-0.1672366,0.109176,-0.007221072,0,0,0.02170709
11916,9.185704,-0.1672366,0.109176,-0.007221072,0,0,0.02170709
11917,9.186362,-0.1672366,0.109176,-0.007221072,0,0,0.02074498
11918,9.187025,-0.1672625,0.1091119,-0.007218718,-0.007580527,-0.007580527,0.02102615
11919,9.18781,-0.1672625,0.1091119,-0.007218718,-0.007580527,-0.007580527,0.02102615
11920,9.188624,-0.1672625,0.1091119,-0.007218718,-0.007580527,-0.007580527,0.02102615
11921,9.189283,-0.1672654,0.1091119,-0.007151124,-0.006667831,-0.006667831,0.0203365
11922,9.189998,-0.1672654,0.1091119,-0.007151124,-0.006667831,-0.006667831,0.0203365
11923,9.196033,-0.1672683,0.1091119,-0.007083529,0,0,0.01729175
11924,9.197246,-0.1672683,0.1091119,-0.007083529,0,0,0.01729175
11925,9.197997,-0.1672683,0.1091119,-0.007083529,0,0,0.01729175
11926,9.198657,-0.1672711,0.1091119,-0.00701593,0,0,0.0167256
11927,9.199434,-0.1672711,0.1091119,-0.00701593,0,0,0.01652724
11928,9.200166,-0.1672711,0.1091119,-0.00701593,0,0,0.0158159
11929,9.200953,-0.1672711,0.1091119,-0.00701593,0,0,0.0158159
11930,9.201567,-0.167274,0.1091119,-0.006948372,0,0,0.01581617
11931,9.202318,-0.167274,0.1091119,-0.006948372,0,0,0.01649727
11932,9.203056,-0.167274,0.1091119,-0.006948372,0,0,0.01555002
11933,9.203715,-0.167274,0.1091119,-0.006948372,0,0,0.01555002
11934,9.204352,-0.167274,0.1091119,-0.006948372,0,0,0.01555002
11935,9.204991,-0.167274,0.1091119,-0.006948372,0,0,0.01555002
11936,9.205646,-0.167274,0.1091119,-0.006948372,0,0,0.01555002
11937,9.206443,-0.167274,0.1091119,-0.006948372,0,0,0.01555002
11938,9.20708,-0.167274,0.1091119,-0.006948372,0,0,0.01581899
11939,9.207696,-0.167274,0.1091119,-0.006948372,0,0,0.01581899
11940,9.208356,-0.167274,0.1091119,-0.006948372,0,0,0.01581899
11941,9.209027,-0.1672768,0.1091119,-0.006880775,0,0,0.01581926
11942,9.209758,-0.1672768,0.1091119,-0.006880775,0,0,0.01454272
11943,9.210472,-0.1672768,0.1091119,-0.006880775,0,0,0.01454272
11944,9.211153,-0.1672768,0.1091119,-0.006880775,0,0,0.01454272
11945,9.211792,-0.1672768,0.1091119,-0.006880775,0,0,0.01454272
11946,9.212397,-0.1672795,0.1091119,-0.006813214,0,0,0.01503329
11947,9.213172,-0.1672795,0.1091119,-0.006813214,0,0,0.01530803
11948,9.213829,-0.1672795,0.1091119,-0.006813214,0,0,0.01530803
11949,9.214454,-0.1672795,0.1091119,-0.006813214,0,0,0.01530803
11950,9.215075,-0.1672795,0.1091119,-0.006813214,0,0,0.01530803
11951,9.2157,-0.1672795,0.1091119,-0.006813214,0,0,0.01530803
11952,9.216338,-0.1672795,0.1091119,-0.006813214,0,0,0.01487544
11953,9.217018,-0.1672795,0.1091119,-0.006813214,0,0,0.01487544
11954,9.217657,-0.1672823,0.1091119,-0.006745572,0,0,0.01487569
11955,9.218519,-0.1672823,0.1091119,-0.006745572,0,0,0.01431744
11956,9.21922,-0.1672823,0.1091119,-0.006745572,0,0,0.01431744
11957,9.219846,-0.1672823,0.1091119,-0.006745572,0,0,0.01431744
11958,9.220487,-0.1672823,0.1091119,-0.006745572,0,0,0.01406715
11959,9.221315,-0.167285,0.1091119,-0.006678009,0,0,0.01470616
11960,9.222181,-0.167285,0.1091119,-0.006678009,0,0,0.01470616
11961,9.222861,-0.167285,0.1091119,-0.006678009,0,0,0.01470616
11962,9.223536,-0.167285,0.1091119,-0.006678009,0,0,0.01470616
11963,9.22429,-0.1672877,0.1091119,-0.006610405,0,0,0.01470616
11964,9.225065,-0.1672877,0.1091119,-0.006610405,0,0,0.01522534
11965,9.22575,-0.1672877,0.1091119,-0.006610405,0,0,0.01522534
11966,9.22646,-0.1672877,0.1091119,-0.006610405,0,0,0.01572234
11967,9.227158,-0.1672877,0.1091119,-0.006610405,0,0,0.01572234
11968,9.227799,-0.1672877,0.1091119,-0.006610405,0,0,0.01572234
11969,9.228528,-0.1672903,0.1091119,-0.006542841,0,0,0.01598437
11970,9.229369,-0.1672903,0.1091119,-0.006542841,0,0,0.01598437
11971,9.230013,-0.1672903,0.1091119,-0.006542841,0,0,0.01609317
11972,9.230787,-0.1672903,0.1091119,-0.006542841,0,0,0.01609317
11973,9.231578,-0.167293,0.1091119,-0.006475195,0,0,0.01609317
11974,9.232405,-0.167293,0.1091119,-0.006475195,0,0,0.01630414
11975,9.233119,-0.167293,0.1091119,-0.006475195,0,0,0.01561337
11976,9.233763,-0.167293,0.1091119,-0.006475195,0,0,0.01561337
11977,9.234388,-0.167293,0.1091119,-0.006475195,0,0,0.01561337
11978,9.235034,-0.1672955,0.1091119,-0.006407628,0,0,0.01561361
11979,9.235864,-0.1672955,0.1091119,-0.006407628,0,0,0.01646874
11980,9.236591,-0.1672955,0.1091119,-0.006407628,0,0,0.01646874
11981,9.237218,-0.1672955,0.1091119,-0.006407628,0,0,0.01646874
11982,9.237848,-0.1672981,0.1091119,-0.006340022,0,0,0.01646899
11983,9.238695,-0.1672981,0.1091119,-0.006340022,0,0,0.01684082
11984,9.239429,-0.1672981,0.1091119,-0.006340022,0,0,0.01684082
11985,9.240104,-0.1672981,0.1091119,-0.006340022,0,0,0.01850254
11986,9.240928,-0.1673007,0.1091119,-0.006272453,0,0,0.01850283
11987,9.241754,-0.1673007,0.1091119,-0.006272453,0,0,0.01896274
11988,9.242425,-0.1673032,0.1091119,-0.006204802,0,0,0.01896274
11989,9.243257,-0.1673032,0.1091119,-0.006204802,0,0,0.01995637
11990,9.243982,-0.1673032,0.1091119,-0.006204802,0,0,0.01995637
11991,9.244629,-0.1673032,0.1091119,-0.006204802,0,0,0.01995637
11992,9.245256,-0.1673032,0.1091119,-0.006204802,0,0,0.01995637
11993,9.245932,-0.1673032,0.1091119,-0.006204802,0,0,0.01995637
11994,9.246579,-0.1673057,0.1091119,-0.006137192,0,0,0.01984096
11995,9.247359,-0.1673057,0.1091119,-0.006137192,0,0,0.01984096
11996,9.247993,-0.1673057,0.1091119,-0.006137192,0,0,0.01984096
11997,9.248668,-0.1673606,0.109129,-0.006064496,0,0,0.02057022
11998,9.249423,-0.1673606,0.109129,-0.006064496,0,0,0.022269
11999,9.250072,-0.1673606,0.109129,-0.006064496,0,0,0.022269
12000,9.25069,-0.167363,0.109129,-0.005996863,0,0,0.02226933
12001,9.251683,-0.167363,0.109129,-0.005996863,0,0,0.02264331
12002,9.25236,-0.167363,0.109129,-0.005996863,0,0,0.0229176
12003,9.253023,-0.167363,0.109129,-0.005996863,0,0,0.0229176
12004,9.253722,-0.1673654,0.109129,-0.005929228,0,0,0.0231208
12005,9.254472,-0.1673654,0.109129,-0.005929228,0,0,0.0231208
12006,9.255131,-0.1673678,0.109129,-0.005861593,0,0,0.02381799
12007,9.255888,-0.1673678,0.109129,-0.005861593,0,0,0.02381799
12008,9.256513,-0.1673678,0.109129,-0.005861593,0,0,0.02420838
12009,9.257146,-0.1673678,0.109129,-0.005861593,0,0,0.02420838
12010,9.257767,-0.1673678,0.109129,-0.005861593,0,0,0.02420838
12011,9.258399,-0.1673702,0.109129,-0.005793994,0,0,0.02392294
12012,9.259158,-0.1673702,0.109129,-0.005793994,0,0,0.02464338
12013,9.259817,-0.1673702,0.109129,-0.005793994,0,0,0.02464338
12014,9.260441,-0.1673725,0.109129,-0.005726357,0,0,0.02464373
12015,9.261373,-0.1673725,0.109129,-0.005726357,0,0,0.02503545
12016,9.26201,-0.1673725,0.109129,-0.005726357,0,0,0.02503545
12017,9.262635,-0.1673725,0.109129,-0.005726357,0,0,0.02503545
12018,9.263267,-0.1673725,0.109129,-0.005726357,0,0,0.0259658
12019,9.263876,-0.1673748,0.109129,-0.005658758,0,0,0.02596615
12020,9.264563,-0.1673748,0.109129,-0.005658758,0,0,0.02565631
12021,9.265208,-0.1673771,0.109129,-0.005591079,0,0,0.02632736
12022,9.266046,-0.1673771,0.109129,-0.005591079,0,0,0.02632736
12023,9.266687,-0.1673771,0.109129,-0.005591079,0,0,0.02629508
12024,9.267311,-0.1673771,0.109129,-0.005591079,0,0,0.02629508
12025,9.267929,-0.1673771,0.109129,-0.005591079,0,0,0.02629508
12026,9.268534,-0.1673771,0.109129,-0.005591079,0,0,0.02629508
12027,9.269319,-0.1673793,0.109129,-0.005523479,0,0,0.02628692
12028,9.269963,-0.1673793,0.109129,-0.005523479,0,0,0.02628692
12029,9.270589,-0.1673793,0.109129,-0.005523479,0,0,0.02628692
12030,9.271222,-0.1673793,0.109129,-0.005523479,0,0,0.02628692
12031,9.271876,-0.1673793,0.109129,-0.005523479,0,0,0.02628692
12032,9.272542,-0.1674458,0.1091499,-0.00544933,0.0001739772,0.0001739772,0.02579449
12033,9.275398,-0.167448,0.1091499,-0.0053817,0.0001739772,0.0001739772,0.02468912
12034,9.27617,-0.167448,0.1091499,-0.0053817,0.0001739772,0.0001739772,0.02468912
12035,9.276834,-0.167448,0.1091499,-0.0053817,0.0001739772,0.0001739772,0.02468912
12036,9.277519,-0.167448,0.1091499,-0.0053817,0.0001739772,0.0001739772,0.02539236
12037,9.278192,-0.167448,0.1091499,-0.0053817,0.0001739772,0.0001739772,0.02539236
12038,9.278856,-0.167448,0.1091499,-0.0053817,0.0001739772,0.0001739772,0.02539236
12039,9.279598,-0.1674501,0.1091499,-0.005313992,0.0001739772,0.0001739772,0.02427557
12040,9.280282,-0.1674501,0.1091499,-0.005313992,0,0,0.02422107
12041,9.281089,-0.1674501,0.1091499,-0.005313992,0,0,0.02422107
12042,9.281776,-0.1674522,0.1091499,-0.005246361,0,0,0.02422107
12043,9.282639,-0.1674522,0.1091499,-0.005246361,0,0,0.02390475
12044,9.283319,-0.1674522,0.1091499,-0.005246361,0,0,0.02390475
12045,9.283966,-0.1674522,0.1091499,-0.005246361,0,0,0.02390475
12046,9.28464,-0.1674522,0.1091499,-0.005246361,0,0,0.02376666
12047,9.285293,-0.1675176,0.1091713,-0.005239655,0,0,0.02377595
12048,9.286041,-0.1675176,0.1091713,-0.005239655,0.001192074,0.001192074,0.02415029
12049,9.286654,-0.1675176,0.1091713,-0.005239655,0.001192074,0.001192074,0.02330121
12050,9.28734,-0.1675176,0.1091713,-0.005239655,0.001192074,0.001192074,0.02330121
12051,9.287982,-0.1675198,0.1091713,-0.005171958,0.001192074,0.001192074,0.02330297
12052,9.288734,-0.1675198,0.1091713,-0.005171958,0.001192074,0.001192074,0.02100818
12053,9.289471,-0.1675198,0.1091713,-0.005171958,0.001192074,0.001192074,0.02094777
12054,9.290115,-0.1675198,0.1091713,-0.005171958,0.001192074,0.001192074,0.02094777
12055,9.290839,-0.1675198,0.1091713,-0.005171958,0.001192074,0.001192074,0.02094777
12056,9.294309,-0.1675198,0.1091713,-0.005171958,0,0,0.01977464
12057,9.295018,-0.1675218,0.1091713,-0.0051043,0,0,0.01977489
12058,9.295789,-0.1675873,0.1091927,-0.005097535,0.001382887,0.001382887,0.01640349
12059,9.296605,-0.1675873,0.1091927,-0.005097535,0.001382887,0.001382887,0.01640349
12060,9.297263,-0.1675873,0.1091927,-0.005097535,0.001382887,0.001382887,0.01640349
12061,9.297906,-0.1675873,0.1091927,-0.005097535,0.001382887,0.001382887,0.01524482
12062,9.298546,-0.1675873,0.1091927,-0.005097535,0.001382887,0.001382887,0.01524482
12063,9.299171,-0.1675873,0.1091927,-0.005097535,0.001382887,0.001382887,0.01524482
12064,9.299846,-0.1675873,0.1091927,-0.005097535,0.001382887,0.001382887,0.01524482
12065,9.300498,-0.1675873,0.1091927,-0.005097535,0.001382887,0.001382887,0.01524482
12066,9.301349,-0.1675893,0.1091927,-0.005029767,0.001382887,0.001382887,0.01524671
12067,9.302197,-0.1675893,0.1091927,-0.005029767,0.001382887,0.001382887,0.0151306
12068,9.302869,-0.1675893,0.1091927,-0.005029767,0.001382887,0.001382887,0.0151306
12069,9.303533,-0.1675686,0.109244,-0.005031917,0,0,0.01328344
12070,9.30431,-0.1675686,0.109244,-0.005031917,0,0,0.01328344
12071,9.305041,-0.1676341,0.1092654,-0.005025123,0.001988926,0.001988926,0.01391863
12072,9.305781,-0.1676341,0.1092654,-0.005025123,0.001988926,0.001988926,0.01391863
12073,9.306439,-0.1676341,0.1092654,-0.005025123,0.001988926,0.001988926,0.01391863
12074,9.307096,-0.1676341,0.1092654,-0.005025123,0.001988926,0.001988926,0.01391863
12075,9.307729,-0.1676341,0.1092654,-0.005025123,0.001988926,0.001988926,0.01391863
12076,9.308359,-0.1676341,0.1092654,-0.005025123,0.001988926,0.001988926,0.01391863
12077,9.309004,-0.1676341,0.1092654,-0.005025123,0.001988926,0.001988926,0.01391863
12078,9.309674,-0.1676341,0.1092654,-0.005025123,0.001988926,0.001988926,0.0006299967
12079,9.310359,-0.1676361,0.1092654,-0.004957379,0.001988926,0.001988926,0.01143213
12080,9.311189,-0.1676361,0.1092654,-0.004957379,0.001988926,0.001988926,0.01143213
12081,9.311957,-0.1676361,0.1092654,-0.004957379,0.001988926,0.001988926,0.01143213
12082,9.312581,-0.1676361,0.1092654,-0.004957379,0,0,0.01079968
12083,9.313255,-0.1676361,0.1092654,-0.004957379,0,0,0.01079968
12084,9.313895,-0.1677016,0.1092869,-0.004950555,0,0,0.009521157
12085,9.314671,-0.1677016,0.1092869,-0.004950555,0.002060436,0.002060436,0.01017541
12086,9.315319,-0.1677016,0.1092869,-0.004950555,0.002060436,0.002060436,0.01017541
12087,9.315984,-0.1677036,0.1092869,-0.004882823,0.002060436,0.002060436,0.01068059
12088,9.316704,-0.1677036,0.1092869,-0.004882823,0.002060436,0.002060436,0.01068059
12089,9.317322,-0.1677036,0.1092869,-0.004882823,0.002215022,0.002215022,0.01072987
12090,9.317941,-0.1677036,0.1092869,-0.004882823,0.002215022,0.002215022,0.01072987
12091,9.318607,-0.1677036,0.1092869,-0.004882823,0.002215022,0.002215022,0.01072987
12092,9.319271,-0.1677036,0.1092869,-0.004882823,0.002215022,0.002215022,0.01072987
12093,9.31994,-0.1677036,0.1092869,-0.004882823,0.002215022,0.002215022,0.01053925
12094,9.320571,-0.1677036,0.1092869,-0.004882823,0.002215022,0.002215022,0.01053925
12095,9.32135,-0.1677036,0.1092869,-0.004882823,0.002215022,0.002215022,0.01053925
12096,9.321994,-0.1677036,0.1092869,-0.004882823,0.002215022,0.002215022,0.01053925
12097,9.322627,-0.1677036,0.1092869,-0.004882823,0,0,0.009833177
12098,9.323278,-0.1677036,0.1092869,-0.004882823,0,0,0.009833177
12099,9.323995,-0.1677036,0.1092869,-0.004882823,0,0,0
12100,9.324653,-0.1677056,0.1092869,-0.004815051,0,0,0
12101,9.32538,-0.1677056,0.1092869,-0.004815051,0,0,0.009291097
12102,9.326022,-0.1677056,0.1092869,-0.004815051,0,0,0.009291097
12103,9.326675,-0.1677056,0.1092869,-0.004815051,0,0,0.009213907
12104,9.327602,-0.167771,0.1093084,-0.004808177,0,0,0.009217504
12105,9.32837,-0.167771,0.1093084,-0.004808177,0.002044685,0.002044685,0.009870865
12106,9.329006,-0.167773,0.1093084,-0.004740417,0.002044685,0.002044685,0.009873484
12107,9.329827,-0.167773,0.1093084,-0.004740417,0.002044685,0.002044685,0.009873484
12108,9.33055,-0.167773,0.1093084,-0.004740417,0.002044685,0.002044685,0.01065689
12109,9.331196,-0.167773,0.1093084,-0.004740417,0.002044685,0.002044685,0.01065689
12110,9.331905,-0.167773,0.1093084,-0.004740417,0.002044685,0.002044685,0.01065689
12111,9.332541,-0.167773,0.1093084,-0.004740417,0.002044685,0.002044685,0.01065689
12112,9.333167,-0.167773,0.1093084,-0.004740417,0.002044685,0.002044685,0.01033441
12113,9.333836,-0.167773,0.1093084,-0.004740417,0.002044685,0.002044685,0.01033441
12114,9.334595,-0.1677749,0.1093084,-0.004672574,0.002044685,0.002044685,0.01033441
12115,9.335367,-0.1677749,0.1093084,-0.004672574,0,0,0.01002806
12116,9.336039,-0.1677749,0.1093084,-0.004672574,0,0,0.01002806
12117,9.336679,-0.1677749,0.1093084,-0.004672574,0,0,0.01002806
12118,9.337312,-0.1677749,0.1093084,-0.004672574,0,0,0.01002806
12119,9.337955,-0.1677749,0.1093084,-0.004672574,0,0,0.01002806
12120,9.338602,-0.1677749,0.1093084,-0.004672574,0,0,0.01002806
12121,9.339243,-0.1677767,0.1093084,-0.004604812,0,0,0.01002817
12122,9.340037,-0.1677767,0.1093084,-0.004604812,0,0,0.01066506
12123,9.340817,-0.1677767,0.1093084,-0.004604812,0,0,0.01066506
12124,9.341499,-0.1677767,0.1093084,-0.004604812,0,0,0.01066506
12125,9.34217,-0.1677767,0.1093084,-0.004604812,0,0,0.01175687
12126,9.342905,-0.1677786,0.1093084,-0.004537011,0,0,0.0124903
12127,9.343755,-0.1677786,0.1093084,-0.004537011,0,0,0.0124903
12128,9.344502,-0.1677786,0.1093084,-0.004537011,0,0,0.0124903
12129,9.345145,-0.1677786,0.1093084,-0.004537011,0,0,0.0124903
12130,9.345779,-0.1677786,0.1093084,-0.004537011,0,0,0.0124903
12131,9.346398,-0.1677804,0.1093084,-0.004469248,0,0,0.01249043
12132,9.347103,-0.1677804,0.1093084,-0.004469248,0,0,0.01323755
12133,9.347726,-0.1677804,0.1093084,-0.004469248,0,0,0.01323755
12134,9.34835,-0.1677804,0.1093084,-0.004469248,0,0,0.01323755
12135,9.349052,-0.1677804,0.1093084,-0.004469248,0,0,0.01323755
12136,9.349669,-0.1677804,0.1093084,-0.004469248,0,0,0.01323755
12137,9.350291,-0.1677804,0.1093084,-0.004469248,0,0,0.01323755
12138,9.350927,-0.1677822,0.1093084,-0.004401403,0,0,0.01323755
12139,9.35169,-0.1677822,0.1093084,-0.004401403,0,0,0.01323769
12140,9.35424,-0.1677822,0.1093084,-0.004401403,0,0,0.01332741
12141,9.354897,-0.167784,0.1093084,-0.00433364,0,0,0.01418053
12142,9.355726,-0.167784,0.1093084,-0.00433364,0,0,0.016172
12143,9.356452,-0.167784,0.1093084,-0.00433364,0,0,0.016172
12144,9.357214,-0.167784,0.1093084,-0.00433364,0,0,0.016172
12145,9.357867,-0.167784,0.1093084,-0.00433364,0,0,0.016172
12146,9.358728,-0.1677857,0.1093084,-0.004265836,0,0,0.01593936
12147,9.35953,-0.1677857,0.1093084,-0.004265836,0,0,0.01593936
12148,9.360188,-0.1677857,0.1093084,-0.004265836,0,0,0.01593936
12149,9.36099,-0.1677857,0.1093084,-0.004265836,0,0,0.01605835
12150,9.361605,-0.1677857,0.1093084,-0.004265836,0,0,0.01605835
12151,9.362261,-0.1677874,0.1093084,-0.004198069,0,0,0.01605851
12152,9.363043,-0.1677874,0.1093084,-0.004198069,0,0,0.01639731
12153,9.363772,-0.1677874,0.1093084,-0.004198069,0,0,0.01639731
12154,9.364442,-0.1677874,0.1093084,-0.004198069,0,0,0.01639731
12155,9.365088,-0.1677874,0.1093084,-0.004198069,0,0,0.01639731
12156,9.36573,-0.1677874,0.1093084,-0.004198069,0,0,0.01639731
12157,9.366363,-0.1677874,0.1093084,-0.004198069,0,0,0.01738824
12158,9.366985,-0.1677891,0.1093084,-0.004130223,0,0,0.01704952
12159,9.36768,-0.1677891,0.1093084,-0.004130223,0,0,0.01704952
12160,9.368309,-0.1677891,0.1093084,-0.004130223,0,0,0.01704952
12161,9.368991,-0.1677891,0.1093084,-0.004130223,0,0,0.01704952
12162,9.369614,-0.1677891,0.1093084,-0.004130223,0,0,0.01704952
12163,9.370238,-0.1677908,0.1093084,-0.004062415,0,0,0.01704969
12164,9.37097,-0.1677908,0.1093084,-0.004062415,0,0,0.01744619
12165,9.371606,-0.1677908,0.1093084,-0.004062415,0,0,0.01744619
12166,9.372269,-0.1677908,0.1093084,-0.004062415,0,0,0.01744619
12167,9.372928,-0.1677908,0.1093084,-0.004062415,0,0,0.01744619
12168,9.373669,-0.1677908,0.1093084,-0.004062415,0,0,0.01744619
12169,9.374352,-0.1677908,0.1093084,-0.004062415,0,0,0.01734981
12170,9.375306,-0.1677924,0.1093084,-0.003994647,0,0,0.01734998
12171,9.376102,-0.1677924,0.1093084,-0.003994647,0,0,0.01682664
12172,9.376772,-0.1677924,0.1093084,-0.003994647,0,0,0.01682664
12173,9.377424,-0.1677924,0.1093084,-0.003994647,0,0,0.01682664
12174,9.378083,-0.1677924,0.1093084,-0.003994647,0,0,0.01651384
12175,9.378695,-0.1677924,0.1093084,-0.003994647,0,0,0.01651384
12176,9.379357,-0.1677924,0.1093084,-0.003994647,0,0,0.01651384
12177,9.380033,-0.1677924,0.1093084,-0.003994647,0,0,0.01651384
12178,9.380858,-0.1677924,0.1093084,-0.003994647,0,0,0.01651384
12179,9.381595,-0.167794,0.1093084,-0.003926838,0,0,0.01564948
12180,9.382424,-0.167794,0.1093084,-0.003926838,0,0,0.01564948
12181,9.383069,-0.167794,0.1093084,-0.003926838,0,0,0.01593726
12182,9.383722,-0.167794,0.1093084,-0.003926838,0,0,0.01593726
12183,9.384413,-0.167794,0.1093084,-0.003926838,0,0,0.01593726
12184,9.38504,-0.1677956,0.1093084,-0.003859069,0,0,0.0153642
12185,9.385773,-0.1677956,0.1093084,-0.003859069,0,0,0.0153642
12186,9.386465,-0.1677956,0.1093084,-0.003859069,0,0,0.0153642
12187,9.387129,-0.1677956,0.1093084,-0.003859069,0,0,0.0153642
12188,9.387807,-0.1677956,0.1093084,-0.003859069,0,0,0.0153642
12189,9.388566,-0.1677956,0.1093084,-0.003859069,0,0,0.0153642
12190,9.389203,-0.1677956,0.1093084,-0.003859069,0,0,0.0153642
12191,9.389846,-0.1677956,0.1093084,-0.003859069,0,0,0.0153642
12192,9.390466,-0.1677971,0.1093084,-0.003791221,0,0,0.01552199
12193,9.391175,-0.1677971,0.1093084,-0.003791221,0,0,0.01487696
12194,9.391815,-0.1677971,0.1093084,-0.003791221,0,0,0.01487696
12195,9.39244,-0.1677971,0.1093084,-0.003791221,0,0,0.01487696
12196,9.393061,-0.1677971,0.1093084,-0.003791221,0,0,0.01487696
12197,9.393691,-0.1677971,0.1093084,-0.003791221,0,0,0.01487696
12198,9.394369,-0.1677971,0.1093084,-0.003791221,0,0,0.01433519
12199,9.395086,-0.1677986,0.1093084,-0.003723449,0,0,0.01434861
12200,9.395887,-0.1677986,0.1093084,-0.003723449,0,0,0.01434861
12201,9.396594,-0.1677986,0.1093084,-0.003723449,0,0,0.01434861
12202,9.397241,-0.1677986,0.1093084,-0.003723449,0,0,0.01434861
12203,9.397891,-0.1677986,0.1093084,-0.003723449,0,0,0.01434861
12204,9.398532,-0.1677986,0.1093084,-0.003723449,0,0,0.01424496
12205,9.399158,-0.1677986,0.1093084,-0.003723449,0,0,0.01424496
12206,9.399837,-0.1677986,0.1093084,-0.003723449,0,0,0.01424496
12207,9.400541,-0.1678001,0.1093084,-0.00365564,0,0,0.0141934
12208,9.401551,-0.1678001,0.1093084,-0.00365564,0,0,0.0141934
12209,9.402209,-0.1678001,0.1093084,-0.00365564,0,0,0.0136404
12210,9.40288,-0.1678001,0.1093084,-0.00365564,0,0,0.0136404
12211,9.403526,-0.1678016,0.1093084,-0.003587866,0,0,0.01364052
12212,9.404364,-0.1678016,0.1093084,-0.003587866,0,0,0.01422244
12213,9.405009,-0.1678016,0.1093084,-0.003587866,0,0,0.01422244
12214,9.405638,-0.1678016,0.1093084,-0.003587866,0,0,0.01422244
12215,9.406306,-0.1678016,0.1093084,-0.003587866,0,0,0.01422244
12216,9.406969,-0.1678016,0.1093084,-0.003587866,0,0,0.01427871
12217,9.407594,-0.167803,0.1093084,-0.003520014,0,0,0.01427883
12218,9.408303,-0.167803,0.1093084,-0.003520014,0,0,0.01458802
12219,9.408963,-0.167803,0.1093084,-0.003520014,0,0,0.01458802
12220,9.409588,-0.167803,0.1093084,-0.003520014,0,0,0.01458802
12221,9.410194,-0.167803,0.1093084,-0.003520014,0,0,0.01458802
12222,9.410881,-0.167803,0.1093084,-0.003520014,0,0,0.01458802
12223,9.411526,-0.1678044,0.1093084,-0.003452242,0,0,0.01500495
12224,9.412357,-0.1678044,0.1093084,-0.003452242,0,0,0.01570047
12225,9.413003,-0.1678058,0.1093084,-0.003384428,0,0,0.0157006
12226,9.413714,-0.1678058,0.1093084,-0.003384428,0,0,0.0157006
12227,9.41437,-0.1678058,0.1093084,-0.003384428,0,0,0.01678945
12228,9.415061,-0.1678058,0.1093084,-0.003384428,0,0,0.01678945
12229,9.415711,-0.1678058,0.1093084,-0.003384428,0,0,0.01678945
12230,9.416344,-0.1678071,0.1093084,-0.003316656,0,0,0.01724762
12231,9.417048,-0.1678071,0.1093084,-0.003316656,0,0,0.01724762
12232,9.417674,-0.1678071,0.1093084,-0.003316656,0,0,0.01724762
12233,9.418281,-0.1678085,0.1093084,-0.003248801,0,0,0.01955169
12234,9.419141,-0.1678085,0.1093084,-0.003248801,0,0,0.01955169
12235,9.419816,-0.1678085,0.1093084,-0.003248801,0,0,0.01955169
12236,9.420451,-0.1678098,0.1093084,-0.003181026,0,0,0.01955169
12237,9.421337,-0.1678098,0.1093084,-0.003181026,0,0,0.02003717
12238,9.422082,-0.1678098,0.1093084,-0.003181026,0,0,0.02003717
12239,9.422718,-0.167811,0.1093084,-0.00311321,0,0,0.02003717
12240,9.423472,-0.167811,0.1093084,-0.00311321,0,0,0.02192407
12241,9.424126,-0.167811,0.1093084,-0.00311321,0,0,0.02192407
12242,9.424747,-0.1678123,0.1093084,-0.003045433,0,0,0.02192424
12243,9.425499,-0.1678123,0.1093084,-0.003045433,0,0,0.02482654
12244,9.426215,-0.1678123,0.1093084,-0.003045433,0,0,0.02482654
12245,9.426861,-0.1677612,0.1092912,-0.002983688,0,0,0.02481898
12246,9.427583,-0.1677612,0.1092912,-0.002983688,0,0,0.02551229
12247,9.428319,-0.1677612,0.1092912,-0.002983688,0,0,0.02649852
12248,9.429132,-0.1677624,0.1092912,-0.002915852,0,0,0.02700555
12249,9.429887,-0.1677836,0.1092386,-0.002913377,0,0,0.02700897
12250,9.430693,-0.1677848,0.1092386,-0.002845613,0,0,0.02700916
12251,9.433512,-0.1677229,0.1092175,-0.002717586,-0.0002041972,-0.0002041972,0.0299223
12252,9.43445,-0.1677229,0.1092175,-0.002717586,-0.0002041972,-0.0002041972,0.03074447
12253,9.435111,-0.1677229,0.1092175,-0.002717586,-0.0002041972,-0.0002041972,0.03074447
12254,9.435748,-0.167724,0.1092175,-0.002649767,-0.0002041972,-0.0002041972,0.03074441
12255,9.436442,-0.167724,0.1092175,-0.002649767,-0.0002041972,-0.0002041972,0.03134792
12256,9.43708,-0.1677251,0.1092175,-0.002582024,-0.0002041972,-0.0002041972,0.03134792
12257,9.437781,-0.1677251,0.1092175,-0.002582024,-0.0002041972,-0.0002041972,0.03134787
12258,9.438399,-0.1677251,0.1092175,-0.002582024,-0.0002041972,-0.0002041972,0.03134787
12259,9.439038,-0.1677261,0.1092175,-0.002514244,-0.0002041972,-0.0002041972,0.03164385
12260,9.439737,-0.1677261,0.1092175,-0.002514244,-0.0002041972,-0.0002041972,0.034348
12261,9.440362,-0.1676619,0.1091961,-0.002454288,0,0,0.03521626
12262,9.441351,-0.1676619,0.1091961,-0.002454288,0,0,0.03521626
12263,9.44476,-0.1676892,0.1091331,-0.002315718,-0.003052474,-0.003052474,0.03599573
12264,9.445567,-0.1676902,0.1091331,-0.00224795,-0.003507047,-0.003507047,0.03601424
12265,9.44641,-0.1676902,0.1091331,-0.00224795,-0.003507047,-0.003507047,0.03601424
12266,9.447146,-0.1676911,0.1091331,-0.002180223,-0.003507047,-0.003507047,0.03439801
12267,9.447973,-0.1676911,0.1091331,-0.002180223,-0.003507047,-0.003507047,0.03601817
12268,9.448833,-0.1676919,0.1091331,-0.002112416,-0.003507047,-0.003507047,0.03601466
12269,9.449628,-0.1676265,0.1091117,-0.002120353,-0.003308415,-0.003308415,0.03665777
12270,9.45044,-0.1676265,0.1091117,-0.002120353,-0.003308415,-0.003308415,0.03665777
12271,9.451095,-0.1676274,0.1091117,-0.002052612,-0.003308415,-0.003308415,0.03665451
12272,9.45179,-0.1676274,0.1091117,-0.002052612,-0.003308415,-0.003308415,0.03664155
12273,9.452408,-0.1676274,0.1091117,-0.002052612,-0.003308415,-0.003308415,0.03664155
12274,9.453086,-0.1676282,0.1091117,-0.00198491,-0.003308415,-0.003308415,0.03780077
12275,9.453839,-0.1675628,0.1090903,-0.001992899,-0.002853871,-0.002853871,0.03747841
12276,9.454576,-0.1675636,0.1090903,-0.001925184,-0.003123174,-0.003123174,0.03757798
12277,9.455307,-0.1675636,0.1090903,-0.001925184,-0.003123174,-0.003123174,0.03757798
12278,9.455933,-0.1675636,0.1090903,-0.001925184,-0.003123174,-0.003123174,0.03757798
12279,9.456555,-0.1675643,0.1090903,-0.001857508,-0.003123174,-0.003123174,0.03746373
12280,9.457285,-0.1675643,0.1090903,-0.001857508,-0.003123174,-0.003123174,0.03746373
12281,9.458015,-0.1675651,0.1090903,-0.001789753,-0.003123174,-0.003123174,0.03746004
12282,9.458744,-0.1675651,0.1090903,-0.001789753,-0.003123174,-0.003123174,0.03724078
12283,9.459455,-0.1675651,0.1090903,-0.001789753,-0.003123174,-0.003123174,0.03724078
12284,9.460112,-0.1675651,0.1090903,-0.001789753,-0.003123174,-0.003123174,0.03724078
12285,9.46089,-0.1675658,0.1090903,-0.001722074,-0.003123174,-0.003123174,0.03764629
12286,9.461607,-0.1675658,0.1090903,-0.001722074,-0.003123174,-0.003123174,0.03680357
12287,9.462351,-0.1675658,0.1090903,-0.001722074,-0.003123174,-0.003123174,0.03680357
12288,9.463094,-0.1675665,0.1090903,-0.001654358,0,0,0.03847787
12289,9.46382,-0.1675665,0.1090903,-0.001654358,0,0,0.03817493
12290,9.464454,-0.1675012,0.1090689,-0.001662474,0,0,0.03816004
12291,9.465222,-0.1675018,0.1090689,-0.001594824,-0.002672071,-0.002672071,0.03695518
12292,9.466021,-0.1675018,0.1090689,-0.001594824,-0.002672071,-0.002672071,0.03571249
12293,9.466693,-0.1675018,0.1090689,-0.001594824,-0.002672071,-0.002672071,0.03571249
12294,9.467393,-0.1675018,0.1090689,-0.001594824,-0.002672071,-0.002672071,0.03571249
12295,9.468019,-0.1675024,0.1090689,-0.001527093,-0.002672071,-0.002672071,0.03547097
12296,9.468848,-0.1675024,0.1090689,-0.001527093,-0.002672071,-0.002672071,0.03276162
12297,9.469506,-0.1675024,0.1090689,-0.001527093,-0.002672071,-0.002672071,0.03276162
12298,9.470138,-0.1675024,0.1090689,-0.001527093,-0.002672071,-0.002672071,0.03276162
12299,9.470784,-0.1675024,0.1090689,-0.001527093,-0.002672071,-0.002672071,0.03276162
12300,9.471457,-0.1675024,0.1090689,-0.001527093,-0.002672071,-0.002672071,0.03276162
12301,9.47209,-0.1675024,0.1090689,-0.001527093,-0.002672071,-0.002672071,0.03276162
12302,9.472763,-0.1675024,0.1090689,-0.001527093,0,0,0.03378529
12303,9.473502,-0.167503,0.1090689,-0.001459444,0,0,0.0246911
12304,9.474318,-0.167503,0.1090689,-0.001459444,0,0,0.0246911
12305,9.474985,-0.167503,0.1090689,-0.001459444,0,0,0.0246911
12306,9.475634,-0.167503,0.1090689,-0.001459444,0,0,0.0246911
12307,9.476282,-0.167503,0.1090689,-0.001459444,0,0,0.0246911
12308,9.476909,-0.167503,0.1090689,-0.001459444,0,0,0.0246911
12309,9.477612,-0.167503,0.1090689,-0.001459444,0,0,0.0246911
12310,9.478374,-0.167503,0.1090689,-0.001459444,0,0,0.0246911
12311,9.479213,-0.167503,0.1090689,-0.001459444,0,0,0.02324372
12312,9.479845,-0.167503,0.1090689,-0.001459444,0,0,0.02324372
12313,9.480469,-0.167503,0.1090689,-0.001459444,0,0,0.02324372
12314,9.481246,-0.167503,0.1090689,-0.001459444,0,0,0.02324372
12315,9.481923,-0.167503,0.1090689,-0.001459444,0,0,0
12316,9.482551,-0.167503,0.1090689,-0.001459444,0,0,0
12317,9.483171,-0.167503,0.1090689,-0.001459444,0,0,0
12318,9.4838,-0.167503,0.1090689,-0.001459444,0,0,0
12319,9.484446,-0.167503,0.1090689,-0.001459444,0,0,0
12320,9.485099,-0.167503,0.1090689,-0.001459444,0,0,0
12321,9.485738,-0.167503,0.1090689,-0.001459444,0,0,0
12322,9.486377,-0.167503,0.1090689,-0.001459444,0,0,0
12323,9.486995,-0.167503,0.1090689,-0.001459444,0,0,0
12324,9.487634,-0.167503,0.1090689,-0.001459444,0,0,0
12325,9.488251,-0.167503,0.1090689,-0.001459444,0,0,0
12326,9.488855,-0.167503,0.1090689,-0.001459444,0,0,0
12327,9.489479,-0.167503,0.1090689,-0.001459444,0,0,0
12328,9.490128,-0.167503,0.1090689,-0.001459444,0,0,0
12329,9.490754,-0.167503,0.1090689,-0.001459444,0,0,0
12330,9.491389,-0.167503,0.1090689,-0.001459444,0,0,0
12331,9.492027,-0.167503,0.1090689,-0.001459444,0,0,0
12332,9.492694,-0.167503,0.1090689,-0.001459444,0,0,0
12333,9.493378,-0.1674823,0.1091204,-0.001462045,0,0,0
12334,9.494282,-0.1674823,0.1091204,-0.001462045,0,0,0
12335,9.49493,-0.1674823,0.1091204,-0.001462045,0,0,0
12336,9.495569,-0.1674823,0.1091204,-0.001462045,0,0,0
12337,9.496246,-0.1674823,0.1091204,-0.001462045,0,0,0
12338,9.496908,-0.1674823,0.1091204,-0.001462045,0,0,0
12339,9.497552,-0.1674823,0.1091204,-0.001462045,0,0,0
12340,9.4982,-0.1674823,0.1091204,-0.001462045,0,0,0
12341,9.49891,-0.1674823,0.1091204,-0.001462045,0,0,0
12342,9.499581,-0.1674823,0.1091204,-0.001462045,0,0,0
12343,9.500258,-0.1674823,0.1091204,-0.001462045,0,0,0
12344,9.501029,-0.1674823,0.1091204,-0.001462045,0,0,0
12345,9.501657,-0.1674823,0.1091204,-0.001462045,0,0,0
12346,9.502348,-0.1674818,0.1091204,-0.00151619,0,0,0
12347,9.50322,-0.1674818,0.1091204,-0.00151619,0,0,0.002001339
12348,9.503837,-0.1674818,0.1091204,-0.00151619,0,0,0.002001339
12349,9.50453,-0.1674818,0.1091204,-0.00151619,0,0,0
12350,9.505219,-0.1674818,0.1091204,-0.00151619,0,0,0
12351,9.505857,-0.1674818,0.1091204,-0.00151619,0,0,0
12352,9.506509,-0.1674812,0.1091204,-0.001582516,0,0,0
12353,9.507286,-0.1674812,0.1091204,-0.001582516,0,0,0
12354,9.507919,-0.1674812,0.1091204,-0.001582516,0,0,-0.002033933
12355,9.508595,-0.1674812,0.1091204,-0.001582516,0,0,-0.002033933
12356,9.509554,-0.1674812,0.1091204,-0.001582516,0,0,-0.002033933
12357,9.510247,-0.1674812,0.1091204,-0.001582516,0,0,-0.002033933
12358,9.51292,-0.1674812,0.1091204,-0.001582516,0,0,-0.002033933
12359,9.513852,-0.1674806,0.1091204,-0.001650035,0,0,-0.003581422
12360,9.514544,-0.1674806,0.1091204,-0.001650035,0,0,-0.01454077
12361,9.515287,-0.1674806,0.1091204,-0.001650035,0,0,-0.01454077
12362,9.515922,-0.1674806,0.1091204,-0.001650035,0,0,-0.01454077
12363,9.51669,-0.1674799,0.1091204,-0.001717639,0,0,-0.01461188
12364,9.517344,-0.1674799,0.1091204,-0.001717639,0,0,-0.01461188
12365,9.518008,-0.1674799,0.1091204,-0.001717639,0,0,-0.01461188
12366,9.518644,-0.1674799,0.1091204,-0.001717639,0,0,-0.01461188
12367,9.519291,-0.1674792,0.1091204,-0.00178536,0,0,-0.01461182
12368,9.52,-0.1674792,0.1091204,-0.00178536,0,0,-0.0159107
12369,9.520629,-0.1674792,0.1091204,-0.00178536,0,0,-0.0159107
12370,9.52142,-0.1674792,0.1091204,-0.00178536,0,0,-0.0159107
12371,9.522138,-0.1674792,0.1091204,-0.00178536,0,0,-0.0159107
12372,9.522854,-0.1674792,0.1091204,-0.00178536,0,0,-0.0159107
12373,9.523676,-0.1674784,0.1091204,-0.001853002,0,0,-0.01585342
12374,9.5246,-0.1674784,0.1091204,-0.001853002,0,0,-0.01585342
12375,9.525378,-0.1674784,0.1091204,-0.001853002,0,0,-0.01585342
12376,9.526114,-0.1674784,0.1091204,-0.001853002,0,0,-0.01585342
12377,9.526819,-0.1674784,0.1091204,-0.001853002,0,0,-0.01585342
12378,9.527521,-0.1674784,0.1091204,-0.001853002,0,0,-0.01585342
12379,9.528199,-0.1674784,0.1091204,-0.001853002,0,0,-0.01585342
12380,9.528915,-0.1674784,0.1091204,-0.001853002,0,0,-0.01585342
12381,9.52954,-0.1674784,0.1091204,-0.001853002,0,0,-0.01585342
12382,9.530197,-0.1674784,0.1091204,-0.001853002,0,0,-0.01585342
12383,9.530814,-0.1674784,0.1091204,-0.001853002,0,0,-0.01585342
12384,9.531425,-0.1674784,0.1091204,-0.001853002,0,0,-0.01585342
12385,9.532063,-0.1674784,0.1091204,-0.001853002,0,0,0
12386,9.532698,-0.1674784,0.1091204,-0.001853002,0,0,0
12387,9.533352,-0.1674784,0.1091204,-0.001853002,0,0,0
12388,9.533971,-0.1674784,0.1091204,-0.001853002,0,0,0
12389,9.534575,-0.1674784,0.1091204,-0.001853002,0,0,0
12390,9.535192,-0.1674784,0.1091204,-0.001853002,0,0,0
12391,9.535873,-0.1674784,0.1091204,-0.001853002,0,0,0
12392,9.536502,-0.1674784,0.1091204,-0.001853002,0,0,0
12393,9.537145,-0.1674784,0.1091204,-0.001853002,0,0,0
12394,9.537775,-0.1674784,0.1091204,-0.001853002,0,0,0
12395,9.538485,-0.1674784,0.1091204,-0.001853002,0,0,0
12396,9.539234,-0.1674784,0.1091204,-0.001853002,0,0,0
12397,9.540073,-0.1674784,0.1091204,-0.001853002,0,0,0
12398,9.54086,-0.1674784,0.1091204,-0.001853002,0,0,0
12399,9.54152,-0.1674784,0.1091204,-0.001853002,0,0,0
12400,9.542226,-0.1674784,0.1091204,-0.001853002,0,0,0
12401,9.542902,-0.1674784,0.1091204,-0.001853002,0,0,0
12402,9.543539,-0.1674784,0.1091204,-0.001853002,0,0,0
12403,9.544193,-0.1674784,0.1091204,-0.001853002,0,0,0
12404,9.54489,-0.1674784,0.1091204,-0.001853002,0,0,0
12405,9.545531,-0.1674784,0.1091204,-0.001853002,0,0,0
12406,9.54615,-0.1674784,0.1091204,-0.001853002,0,0,0
12407,9.546779,-0.1674784,0.1091204,-0.001853002,0,0,0
12408,9.547403,-0.1674784,0.1091204,-0.001853002,0,0,0
12409,9.548182,-0.1674784,0.1091204,-0.001853002,0,0,0
12410,9.548846,-0.1674784,0.1091204,-0.001853002,0,0,0
12411,9.549506,-0.1674784,0.1091204,-0.001853002,0,0,0
12412,9.550179,-0.1674784,0.1091204,-0.001853002,0,0,0
12413,9.550793,-0.1674784,0.1091204,-0.001853002,0,0,0
12414,9.551431,-0.1674777,0.1091204,-0.001920723,0,0,0
12415,9.552215,-0.1674777,0.1091204,-0.001920723,0,0,-0.004207778
12416,9.552906,-0.1674777,0.1091204,-0.001920723,0,0,-0.004207778
12417,9.553542,-0.1674777,0.1091204,-0.001920723,0,0,-0.004207778
12418,9.554247,-0.1674777,0.1091204,-0.001920723,0,0,-0.004207778
12419,9.554984,-0.1674777,0.1091204,-0.001920723,0,0,-0.002431169
12420,9.555772,-0.1674777,0.1091204,-0.001920723,0,0,-0.002431169
12421,9.556438,-0.1674777,0.1091204,-0.001920723,0,0,-0.002431169
12422,9.55708,-0.1674777,0.1091204,-0.001920723,0,0,-0.002431169
12423,9.557746,-0.1674777,0.1091204,-0.001920723,0,0,-0.002431169
12424,9.558457,-0.1674769,0.1091204,-0.001988403,0,0,-0.002431158
12425,9.55922,-0.1674769,0.1091204,-0.001988403,0,0,-0.003881458
12426,9.559888,-0.1674769,0.1091204,-0.001988403,0,0,-0.003881458
12427,9.560526,-0.1674769,0.1091204,-0.001988403,0,0,-0.003881458
12428,9.561298,-0.1674769,0.1091204,-0.001988403,0,0,-0.003881458
12429,9.561947,-0.1674761,0.1091204,-0.002056004,0,0,-0.00531058
12430,9.562727,-0.1674761,0.1091204,-0.002056004,0,0,-0.00531058
12431,9.563376,-0.1674761,0.1091204,-0.002056004,0,0,-0.01302241
12432,9.564081,-0.1674752,0.1091204,-0.002123725,0,0,-0.01302241
12433,9.56487,-0.1674752,0.1091204,-0.002123725,0,0,-0.01302234
12434,9.565514,-0.1674752,0.1091204,-0.002123725,0,0,-0.01559949
12435,9.566141,-0.1674752,0.1091204,-0.002123725,0,0,-0.01559949
12436,9.566743,-0.1674744,0.1091204,-0.002191405,0,0,-0.01559941
12437,9.567563,-0.1674744,0.1091204,-0.002191405,0,0,-0.01763624
12438,9.568268,-0.1674735,0.1091204,-0.002259085,0,0,-0.01763615
12439,9.569013,-0.1674735,0.1091204,-0.002259085,0,0,-0.0198271
12440,9.569748,-0.1674735,0.1091204,-0.002259085,0,0,-0.0198271
12441,9.570537,-0.1674725,0.1091204,-0.002326724,0,0,-0.0288348
12442,9.571259,-0.1674725,0.1091204,-0.002326724,0,0,-0.0288348
12443,9.571888,-0.1674716,0.1091204,-0.002394404,0,0,-0.0288348
12444,9.572611,-0.1674716,0.1091204,-0.002394404,0,0,-0.02970333
12445,9.573261,-0.1674716,0.1091204,-0.002394404,0,0,-0.02970333
12446,9.573953,-0.1674706,0.1091204,-0.002462081,0,0,-0.03116734
12447,9.574677,-0.1674696,0.1091204,-0.002529757,0,0,-0.03116734
12448,9.575377,-0.1674696,0.1091204,-0.002529757,0,0,-0.03255437
12449,9.576046,-0.1674685,0.1091204,-0.002597396,0,0,-0.03255437
12450,9.576866,-0.1674685,0.1091204,-0.002597396,0,0,-0.03255416
12451,9.577529,-0.1674685,0.1091204,-0.002597396,0,0,-0.03349896
12452,9.578178,-0.1674675,0.1091204,-0.002665074,0,0,-0.03421524
12453,9.57889,-0.1674675,0.1091204,-0.002665074,0,0,-0.03421524
12454,9.579513,-0.1674664,0.1091204,-0.00273271,0,0,-0.03421502
12455,9.580238,-0.1674664,0.1091204,-0.00273271,0,0,-0.03765766
12456,9.581118,-0.1674653,0.1091204,-0.002800426,0,0,-0.03906437
12457,9.581838,-0.1674653,0.1091204,-0.002800426,0,0,-0.03906437
12458,9.582476,-0.1674641,0.1091204,-0.002868061,0,0,-0.0390641
12459,9.58322,-0.167463,0.1091204,-0.002935737,0,0,-0.03960916
12460,9.583954,-0.167463,0.1091204,-0.002935737,0,0,-0.04302378
12461,9.584614,-0.167463,0.1091204,-0.002935737,0,0,-0.04302378
12462,9.585398,-0.1674618,0.1091204,-0.003003372,0,0,-0.04067115
12463,9.586192,-0.1674605,0.1091204,-0.003071046,0,0,-0.04367676
12464,9.586933,-0.1674593,0.1091204,-0.003138759,0,0,-0.04367676
12465,9.58774,-0.1674593,0.1091204,-0.003138759,0,0,-0.04367644
12466,9.588394,-0.1674593,0.1091204,-0.003138759,0,0,-0.04389976
12467,9.589028,-0.167458,0.1091204,-0.003206392,0,0,-0.04425896
12468,9.591606,-0.1674567,0.1091204,-0.003274067,0,0,-0.04425861
12469,9.59513,-0.1674258,0.1091833,-0.003547576,0.0006338074,0.0006338074,-0.04907166
12470,9.595905,-0.1674767,0.1092004,-0.00360935,0.0006338398,0.0006338398,-0.04961747
12471,9.596694,-0.1674752,0.1092004,-0.003677032,0.0006338398,0.0006338398,-0.04961693
12472,9.597443,-0.1674737,0.1092004,-0.003744631,0.0006338398,0.0006338398,-0.05202979
12473,9.598217,-0.1674737,0.1092004,-0.003744631,0.0006338398,0.0006338398,-0.05262048
12474,9.598945,-0.1674722,0.1092004,-0.00381235,0.0006338398,0.0006338398,-0.0528382
12475,9.599713,-0.1674706,0.1092004,-0.00387999,0.0006338398,0.0006338398,-0.05283761
12476,9.600495,-0.167469,0.1092004,-0.003947707,0.0006338398,0.0006338398,-0.05411186
12477,9.601385,-0.1674674,0.1092004,-0.004015384,0.0006338398,0.0006338398,-0.0546574
12478,9.602127,-0.1674674,0.1092004,-0.004015384,0.0006338398,0.0006338398,-0.05601779
12479,9.602811,-0.1674674,0.1092004,-0.004015384,0.0006338398,0.0006338398,-0.05601779
12480,9.603498,-0.1674658,0.1092004,-0.004082981,0,0,-0.0562505
12481,9.604304,-0.1674641,0.1092004,-0.004150697,0,0,-0.05759487
12482,9.605169,-0.1674625,0.1092004,-0.004218373,0,0,-0.05921399
12483,9.605895,-0.1675249,0.1092213,-0.004279095,0.000151119,0.000151119,-0.06268148
12484,9.606615,-0.1675231,0.1092213,-0.004346753,0.000151119,0.000151119,-0.06268101
12485,9.607317,-0.1675214,0.1092213,-0.004414454,0.000151119,0.000151119,-0.06385975
12486,9.607998,-0.1675196,0.1092213,-0.004482151,0.000151119,0.000151119,-0.06492707
12487,9.608683,-0.1675196,0.1092213,-0.004482151,0.000151119,0.000151119,-0.06492707
12488,9.609315,-0.1675178,0.1092213,-0.00454985,0.000151119,0.000151119,-0.06514251
12489,9.609989,-0.1675159,0.1092213,-0.004617507,0.000151119,0.000151119,-0.065594
12490,9.610677,-0.167514,0.1092213,-0.004685202,0.000151119,0.000151119,-0.065594
12491,9.611471,-0.1675121,0.1092213,-0.004752857,0.000151119,0.000151119,-0.06747711
12492,9.612325,-0.1675121,0.1092213,-0.004752857,0.000151119,0.000151119,-0.06838641
12493,9.612957,-0.1675082,0.1092213,-0.004888246,0.000151119,0.000151119,-0.06862139
12494,9.613643,-0.1675736,0.1092427,-0.004881404,0.0001513293,0.0001513293,-0.06864757
12495,9.614345,-0.1675716,0.1092427,-0.004949123,0.002454432,0.002454432,-0.07119349
12496,9.615077,-0.1675696,0.1092427,-0.005016801,0.002454432,0.002454432,-0.07313126
12497,9.615942,-0.1675676,0.1092427,-0.005084519,0.002454432,0.002454432,-0.07165159
12498,9.616786,-0.1675655,0.1092427,-0.005152276,0.002454432,0.002454432,-0.07165373
12499,9.617537,-0.1675634,0.1092427,-0.005219953,0.002454432,0.002454432,-0.0740566
12500,9.618263,-0.1676268,0.1092641,-0.005280974,0.002888893,0.002888893,-0.07343629
12501,9.619066,-0.1676246,0.1092641,-0.005348715,0.002892914,0.002892914,-0.07583401
12502,9.619801,-0.1676224,0.1092641,-0.005416414,0.002892914,0.002892914,-0.0758366
12503,9.620522,-0.1676202,0.1092641,-0.005484153,0.002892914,0.002892914,-0.07684668
12504,9.621391,-0.1676157,0.1092641,-0.005619587,0.002892914,0.002892914,-0.07896519
12505,9.622146,-0.1676157,0.1092641,-0.005619587,0.002892914,0.002892914,-0.07874221
12506,9.622869,-0.1676134,0.1092641,-0.005687364,0.002892914,0.002892914,-0.07925465
12507,9.623612,-0.1676111,0.1092641,-0.005755021,0.002892914,0.002892914,-0.07925712
12508,9.62437,-0.1676064,0.1092641,-0.005890488,0.002892914,0.002892914,-0.08018276
12509,9.625108,-0.1676064,0.1092641,-0.005890488,0.002892914,0.002892914,-0.07993861
12510,9.625748,-0.167604,0.1092641,-0.00595826,0.002892914,0.002892914,-0.07994102
12511,9.626481,-0.1676672,0.1092856,-0.006019547,0.002858175,0.002858175,-0.08091018
12512,9.627203,-0.1676647,0.1092856,-0.006087265,0.002858175,0.002858175,-0.08266362
12513,9.627922,-0.1676622,0.1092856,-0.006155058,0.002858175,0.002858175,-0.08302526
12514,9.628607,-0.1676597,0.1092856,-0.006222815,0.002858175,0.002858175,-0.08302753
12515,9.629372,-0.1676572,0.1092856,-0.006290569,0.002858175,0.002858175,-0.08445937
12516,9.630219,-0.1676547,0.1092856,-0.006358282,0.002858175,0.002858175,-0.08439913
12517,9.631045,-0.167715,0.1093071,-0.006487564,0.003104326,0.003104326,-0.08506925
12518,9.631799,-0.167715,0.1093071,-0.006487564,0.003104326,0.003104326,-0.08507173
12519,9.632424,-0.1677124,0.1093071,-0.006555341,0.003104326,0.003104326,-0.08469062
12520,9.633121,-0.1677097,0.1093071,-0.006623076,0.003104326,0.003104326,-0.08493214
12521,9.633803,-0.167707,0.1093071,-0.006690852,0.003104326,0.003104326,-0.08493458
12522,9.634504,-0.1677043,0.1093071,-0.006758584,0.003104326,0.003104326,-0.08710576
12523,9.635213,-0.1677016,0.1093071,-0.006826396,0.003104326,0.003104326,-0.08675773
12524,9.635949,-0.1677644,0.1093286,-0.006888067,0.003236245,0.003236245,-0.08632383
12525,9.636723,-0.1677616,0.1093286,-0.006955863,0.003236245,0.003236245,-0.08632637
12526,9.637567,-0.1677587,0.1093286,-0.007023619,0.003555565,0.003555565,-0.0868512
12527,9.638419,-0.167753,0.1093286,-0.007159244,0.003555565,0.003555565,-0.08654404
12528,9.639159,-0.167753,0.1093286,-0.007159244,0.003555565,0.003555565,-0.08687733
12529,9.639824,-0.1678157,0.1093502,-0.007221069,0.00356049,0.00356049,-0.08691454
12530,9.640575,-0.1678127,0.1093502,-0.007288887,0.003813772,0.003813772,-0.08810332
12531,9.641447,-0.1678068,0.1093502,-0.007424477,0.003813772,0.003813772,-0.08827964
12532,9.642259,-0.1678068,0.1093502,-0.007424477,0.003813772,0.003813772,-0.08828273
12533,9.642911,-0.1678038,0.1093502,-0.007492291,0.003813772,0.003813772,-0.08860591
12534,9.64362,-0.1678663,0.1093718,-0.007554307,0.003819049,0.003819049,-0.08862381
12535,9.644321,-0.1678663,0.1093718,-0.007554307,0.003983118,0.003983118,-0.08890466
12536,9.645058,-0.1678602,0.1093718,-0.00768998,0.003983118,0.003983118,-0.08890789
12537,9.645871,-0.1678571,0.1093718,-0.007757735,0.004298504,0.004298504,-0.08785487
12538,9.646706,-0.1678539,0.1093718,-0.007825609,0.004298504,0.004298504,-0.08809547
12539,9.647459,-0.1679163,0.1093934,-0.00788774,0.004304443,0.004304443,-0.08872209
12540,9.648365,-0.1679131,0.1093934,-0.007955638,0.004460925,0.004460925,-0.08776008
12541,9.649183,-0.1679131,0.1093934,-0.007955638,0.004460925,0.004460925,-0.08776008
12542,9.649817,-0.1679099,0.1093934,-0.008023455,0.00445192,0.00445192,-0.08836424
12543,9.650553,-0.1679033,0.1093934,-0.008159122,0.00445192,0.00445192,-0.08733714
12544,9.651278,-0.1679689,0.109415,-0.008153566,0.004458064,0.004458064,-0.08737546
12545,9.651993,-0.1679656,0.109415,-0.008221485,0.004627233,0.004627233,-0.0878059
12546,9.652713,-0.1679623,0.109415,-0.008289363,0.004627233,0.004627233,-0.08736244
12547,9.653582,-0.1679589,0.109415,-0.008357199,0.004627233,0.004627233,-0.08779127
12548,9.654309,-0.1680211,0.1094367,-0.008419586,0.004627233,0.004627233,-0.08779127
12549,9.655017,-0.1680177,0.1094367,-0.008487485,0.004821951,0.004821951,-0.08653666
12550,9.655781,-0.1680177,0.1094367,-0.008487485,0.004821951,0.004821951,-0.08529073
12551,9.656523,-0.1680143,0.1094367,-0.008555423,0.004821951,0.004821951,-0.08511618
12552,9.657252,-0.1680108,0.1094367,-0.008623281,0.004821951,0.004821951,-0.08512029
12553,9.658006,-0.1680073,0.1094367,-0.008691177,0.005390144,0.005390144,-0.08473347
12554,9.658719,-0.1680038,0.1094367,-0.008759032,0.005390144,0.005390144,-0.08041132
12555,9.659465,-0.1680002,0.1094367,-0.008826964,0.005390144,0.005390144,-0.08272329
12556,9.660203,-0.1680658,0.1094584,-0.008821674,0.005397561,0.005397561,-0.08276097
12557,9.661116,-0.1680623,0.1094584,-0.008889552,0.00513261,0.00513261,-0.08053169
12558,9.661836,-0.1680586,0.1094584,-0.008957469,0.00513261,0.00513261,-0.08061759
12559,9.66253,-0.168055,0.1094584,-0.009025344,0.005194387,0.005194387,-0.08058354
12560,9.663247,-0.1680514,0.1094584,-0.009093258,0.005194387,0.005194387,-0.08058812
12561,9.663936,-0.168117,0.1094802,-0.009088072,0.005201531,0.005201531,-0.08019729
12562,9.66471,-0.1681133,0.1094802,-0.00915605,0.005300591,0.005300591,-0.08017836
12563,9.665432,-0.1681096,0.1094802,-0.009223946,0.005300591,0.005300591,-0.07876083
12564,9.666161,-0.1681096,0.1094802,-0.009223946,0.005300591,0.005300591,-0.07876083
12565,9.66685,-0.1681059,0.1094802,-0.009291883,0.005300591,0.005300591,-0.0787655
12566,9.667557,-0.1681021,0.1094802,-0.009359777,0.005529011,0.005529011,-0.0771325
12567,9.668254,-0.1681021,0.1094802,-0.009359777,0.005529011,0.005529011,-0.0771325
12568,9.668918,-0.1680983,0.1094802,-0.00942771,0.005529011,0.005529011,-0.0769649
12569,9.669744,-0.1681601,0.1095019,-0.009490616,0.005214637,0.005214637,-0.07216659
12570,9.670493,-0.1681601,0.1095019,-0.009490616,0.005214637,0.005214637,-0.07247126
12571,9.67116,-0.1681562,0.1095019,-0.009558573,0.005214637,0.005214637,-0.07247593
12572,9.671861,-0.1681562,0.1095019,-0.009558573,0.005121378,0.005121378,-0.07171611
12573,9.67265,-0.1681524,0.1095019,-0.009626487,0.005121378,0.005121378,-0.07090778
12574,9.675496,-0.1681406,0.1095019,-0.009830341,0.005076115,0.005076115,-0.06751348
12575,9.676327,-0.1682022,0.1095237,-0.009893382,0.004739823,0.004739823,-0.06650352
12576,9.677111,-0.1682022,0.1095237,-0.009893382,0.004739823,0.004739823,-0.06650769
12577,9.677776,-0.1681982,0.1095237,-0.009961396,0.004739823,0.004739823,-0.06591104
12578,9.678485,-0.1681982,0.1095237,-0.009961396,0.004739823,0.004739823,-0.06355197
12579,9.679148,-0.1681982,0.1095237,-0.009961396,0.004739823,0.004739823,-0.06355197
12580,9.679832,-0.1681942,0.1095237,-0.01002933,0.004604706,0.004604706,-0.06358599
12581,9.680557,-0.1681942,0.1095237,-0.01002933,0.004604706,0.004604706,-0.06083209
12582,9.681381,-0.1681901,0.1095237,-0.01009726,0.004604706,0.004604706,-0.05715959
12583,9.682115,-0.1681901,0.1095237,-0.01009726,0.004604706,0.004604706,-0.05715959
12584,9.682731,-0.1682517,0.1095456,-0.01016046,0.004402592,0.004402592,-0.05723193
12585,9.683476,-0.1682517,0.1095456,-0.01016046,0.004128762,0.004128762,-0.05537599
12586,9.68409,-0.1682476,0.1095456,-0.0102285,0.004128762,0.004128762,-0.05537962
12587,9.684767,-0.1682476,0.1095456,-0.0102285,0.004128762,0.004128762,-0.0554374
12588,9.685531,-0.1682476,0.1095456,-0.0102285,0.003828905,0.003828905,-0.05550236
12589,9.686179,-0.1682476,0.1095456,-0.0102285,0.003828905,0.003828905,-0.05550236
12590,9.686858,-0.168309,0.1095674,-0.01029178,0.003828905,0.003828905,-0.04918214
12591,9.687574,-0.1683049,0.1095674,-0.01035976,0.00398502,0.00398502,-0.0513581
12592,9.688391,-0.1683049,0.1095674,-0.01035976,0.00398502,0.00398502,-0.0513581
12593,9.689016,-0.1683049,0.1095674,-0.01035976,0.00398502,0.00398502,-0.0513581
12594,9.689643,-0.1683007,0.1095674,-0.01042769,0.00398502,0.00398502,-0.04636734
12595,9.690431,-0.1683007,0.1095674,-0.01042769,0.00398502,0.00398502,-0.04636734
12596,9.691164,-0.1682965,0.1095674,-0.01049575,0.00398502,0.00398502,-0.04637099
12597,9.691951,-0.1682965,0.1095674,-0.01049575,0.004013978,0.004013978,-0.04638667
12598,9.692586,-0.1682965,0.1095674,-0.01049575,0.004013978,0.004013978,-0.04638667
12599,9.693212,-0.1682922,0.1095674,-0.0105638,0.004013978,0.004013978,-0.04639034
12600,9.693974,-0.1682922,0.1095674,-0.0105638,0.004013978,0.004013978,-0.04540861
12601,9.694635,-0.1682922,0.1095674,-0.0105638,0.004013978,0.004013978,-0.04439493
12602,9.695271,-0.1682879,0.1095674,-0.01063177,0,0,-0.04396865
12603,9.695983,-0.1682879,0.1095674,-0.01063177,0,0,-0.04396865
12604,9.696629,-0.1682879,0.1095674,-0.01063177,0,0,-0.04396865
12605,9.697242,-0.1683493,0.1095893,-0.01069523,0,0,-0.04398468
12606,9.697946,-0.1683493,0.1095893,-0.01069523,0.003260637,0.003260637,-0.04266595
12607,9.698586,-0.1683493,0.1095893,-0.01069523,0.003260637,0.003260637,-0.04266595
12608,9.699228,-0.1683493,0.1095893,-0.01069523,0.003260637,0.003260637,-0.04266595
12609,9.699856,-0.1683449,0.1095893,-0.01076322,0.003260637,0.003260637,-0.03964524
12610,9.700563,-0.1683449,0.1095893,-0.01076322,0.003161841,0.003161841,-0.03874795
12611,9.701354,-0.1683449,0.1095893,-0.01076322,0.003161841,0.003161841,-0.03874795
12612,9.702004,-0.1683449,0.1095893,-0.01076322,0.003161841,0.003161841,-0.03874795
12613,9.702814,-0.1684062,0.1096112,-0.0108268,0.003320948,0.003320948,-0.03584053
12614,9.703615,-0.1684062,0.1096112,-0.0108268,0.003320948,0.003320948,-0.03584053
12615,9.704294,-0.1684018,0.1096112,-0.01089481,0.003320948,0.003320948,-0.03481783
12616,9.705024,-0.1684018,0.1096112,-0.01089481,0.003320948,0.003320948,-0.03481783
12617,9.70575,-0.1684018,0.1096112,-0.01089481,0.003320948,0.003320948,-0.03481783
12618,9.706697,-0.1684018,0.1096112,-0.01089481,0.003320948,0.003320948,-0.03481783
12619,9.707382,-0.1683974,0.1096112,-0.01096287,0.00330374,0.00330374,-0.03244359
12620,9.708157,-0.1683974,0.1096112,-0.01096287,0.00330374,0.00330374,-0.03244359
12621,9.708812,-0.1683974,0.1096112,-0.01096287,0.00330374,0.00330374,-0.03244359
12622,9.709492,-0.1684631,0.1096332,-0.01095843,0.003308241,0.003308241,-0.03245652
12623,9.710239,-0.1684586,0.1096332,-0.01102646,0.003286067,0.003286067,-0.03246409
12624,9.711034,-0.1684586,0.1096332,-0.01102646,0.003286067,0.003286067,-0.03003201
12625,9.711688,-0.1684586,0.1096332,-0.01102646,0.003286067,0.003286067,-0.03003201
12626,9.712315,-0.1684586,0.1096332,-0.01102646,0.003286067,0.003286067,-0.03003201
12627,9.712945,-0.1684586,0.1096332,-0.01102646,0.003286067,0.003286067,-0.02890229
12628,9.713552,-0.1685198,0.1096552,-0.01109015,0.00329054,0.00329054,-0.02891703
12629,9.71428,-0.1685198,0.1096552,-0.01109015,0.003524004,0.003524004,-0.02827383
12630,9.714929,-0.1685198,0.1096552,-0.01109015,0.003604279,0.003604279,-0.02825781
12631,9.715553,-0.1685153,0.1096552,-0.01115829,0.003604279,0.003604279,-0.02826139
12632,9.716252,-0.1685153,0.1096552,-0.01115829,0.003604279,0.003604279,-0.02843288
12633,9.716897,-0.1685153,0.1096552,-0.01115829,0.003604279,0.003604279,-0.02843288
12634,9.717525,-0.1685153,0.1096552,-0.01115829,0.003604279,0.003604279,-0.02843288
12635,9.718313,-0.1685765,0.1096772,-0.01122202,0.003609177,0.003609177,-0.02844783
12636,9.719184,-0.1685765,0.1096772,-0.01122202,0.003507773,0.003507773,-0.02804118
12637,9.719979,-0.1685765,0.1096772,-0.01122202,0.003507773,0.003507773,-0.02804118
12638,9.72063,-0.1685765,0.1096772,-0.01122202,0.003507773,0.003507773,-0.02785479
12639,9.721446,-0.1685719,0.1096772,-0.01129015,0.003507773,0.003507773,-0.02785824
12640,9.722391,-0.1685719,0.1096772,-0.01129015,0.003507773,0.003507773,-0.02722065
12641,9.723169,-0.1686376,0.1096992,-0.01128584,0.003512535,0.003512535,-0.02630115
12642,9.723977,-0.1686376,0.1096992,-0.01128584,0.003695947,0.003695947,-0.02626533
12643,9.724665,-0.1686376,0.1096992,-0.01128584,0.003695947,0.003695947,-0.02626533
12644,9.72536,-0.168633,0.1096992,-0.01135395,0.003695947,0.003695947,-0.02567335
12645,9.726172,-0.168633,0.1096992,-0.01135395,0.003695947,0.003695947,-0.02482178
12646,9.726848,-0.168633,0.1096992,-0.01135395,0.003695947,0.003695947,-0.02438218
12647,9.727515,-0.1686987,0.1097213,-0.01134967,0.003700956,0.003700956,-0.02439198
12648,9.728273,-0.1686987,0.1097213,-0.01134967,0.003852771,0.003852771,-0.02436255
12649,9.72891,-0.1686987,0.1097213,-0.01134967,0.004383864,0.004383864,-0.02353934
12650,9.729544,-0.168694,0.1097213,-0.01141784,0.004383864,0.004383864,-0.02354394
12651,9.730297,-0.168694,0.1097213,-0.01141784,0.004383864,0.004383864,-0.02239418
12652,9.730985,-0.168694,0.1097213,-0.01141784,0.004383864,0.004383864,-0.0221611
12653,9.73166,-0.1687597,0.1097434,-0.01141359,0.004389801,0.004389801,-0.02217009
12654,9.732387,-0.1687551,0.1097434,-0.01148178,0.004527089,0.004527089,-0.02214848
12655,9.733104,-0.1687551,0.1097434,-0.01148178,0.004527089,0.004527089,-0.02188249
12656,9.73376,-0.1687551,0.1097434,-0.01148178,0.00459425,0.00459425,-0.02169005
12657,9.734468,-0.1687551,0.1097434,-0.01148178,0.00459425,0.00459425,-0.02169005
12658,9.735229,-0.1687551,0.1097434,-0.01148178,0.00459425,0.00459425,-0.02169005
12659,9.735933,-0.1688161,0.1097655,-0.01154578,0.004693686,0.004693686,-0.02096
12660,9.736904,-0.1688161,0.1097655,-0.01154578,0.004693686,0.004693686,-0.02096
12661,9.737697,-0.1688161,0.1097655,-0.01154578,0.004693686,0.004693686,-0.02096
12662,9.738373,-0.1688161,0.1097655,-0.01154578,0.004693686,0.004693686,-0.02096
12663,9.739057,-0.1688771,0.1097877,-0.01160979,0.004700024,0.004700024,-0.02067093
12664,9.739879,-0.1688771,0.1097877,-0.01160979,0.004852989,0.004852989,-0.02048549
12665,9.740572,-0.1688771,0.1097877,-0.01160979,0.004852989,0.004852989,-0.02048549
12666,9.741379,-0.1688771,0.1097877,-0.01160979,0.005228002,0.005228002,-0.0204149
12667,9.742093,-0.1689427,0.1098098,-0.01160561,0.005448994,0.005448994,-0.02034745
12668,9.745633,-0.1690037,0.1098321,-0.01166978,0.005447241,0.005447241,-0.01946705
12669,9.746405,-0.1690037,0.1098321,-0.01166978,0.005618353,0.005618353,-0.01943514
12670,9.747058,-0.168999,0.1098321,-0.01173799,0.005618353,0.005618353,-0.01851822
12671,9.74779,-0.168999,0.1098321,-0.01173799,0.005618353,0.005618353,-0.01851822
12672,9.748427,-0.1690646,0.1098543,-0.01173387,0.005618353,0.005618353,-0.01851822
12673,9.749138,-0.1690646,0.1098543,-0.01173387,0.005666344,0.005666344,-0.01851837
12674,9.749774,-0.1690646,0.1098543,-0.01173387,0.005923026,0.005923026,-0.01798964
12675,9.750378,-0.1690646,0.1098543,-0.01173387,0.005923026,0.005923026,-0.01798964
12676,9.750979,-0.1691255,0.1098766,-0.01179814,0.005923026,0.005923026,-0.01799616
12677,9.751907,-0.1691255,0.1098766,-0.01179814,0.0061327,0.0061327,-0.01767376
12678,9.752599,-0.1691255,0.1098766,-0.01179814,0.0061327,0.0061327,-0.01767376
12679,9.755308,-0.1691255,0.1098766,-0.01179814,0.0061327,0.0061327,-0.01733102
12680,9.755975,-0.1691864,0.1098989,-0.01186238,0.006381846,0.006381846,-0.01700373
12681,9.756771,-0.1691864,0.1098989,-0.01186238,0.006381846,0.006381846,-0.01700373
12682,9.75752,-0.1691864,0.1098989,-0.01186238,0.006381846,0.006381846,-0.01691479
12683,9.758252,-0.169252,0.1099212,-0.01185832,0.006381846,0.006381846,-0.01691479
12684,9.759237,-0.1692472,0.1099212,-0.01192675,0.006481193,0.006481193,-0.0172055
12685,9.760006,-0.1693129,0.1099436,-0.01192271,0.006489874,0.006489874,-0.01721269
12686,9.760937,-0.1692866,0.1100077,-0.01192433,0.007186509,0.007186509,-0.01753861
12687,9.761688,-0.1692866,0.1100077,-0.01192433,0.007186509,0.007186509,-0.01753861
12688,9.762313,-0.1692818,0.1100077,-0.0119927,0.007186509,0.007186509,-0.01754606
12689,9.763088,-0.1692818,0.1100077,-0.0119927,0.007345285,0.007345285,-0.01752789
12690,9.76372,-0.1693474,0.1100301,-0.01198869,0.007354609,0.007354609,-0.01753522
12691,9.764458,-0.1693474,0.1100301,-0.01198869,0.007332131,0.007332131,-0.01734744
12692,9.765106,-0.1693474,0.1100301,-0.01198869,0.007332131,0.007332131,-0.01734744
12693,9.765782,-0.1693474,0.1100301,-0.01198869,0.007332131,0.007332131,-0.01734744
12694,9.766417,-0.1693425,0.1100301,-0.01205708,0.007332131,0.007332131,-0.01735506
12695,9.767224,-0.1694082,0.1100526,-0.0120531,0.007486632,0.007486632,-0.01673814
12696,9.767954,-0.1694082,0.1100526,-0.0120531,0.007486632,0.007486632,-0.01673814
12697,9.768605,-0.1694082,0.1100526,-0.0120531,0.007486632,0.007486632,-0.01673814
12698,9.769238,-0.1694082,0.1100526,-0.0120531,0.007100217,0.007100217,-0.01672851
12699,9.769858,-0.1694082,0.1100526,-0.0120531,0.007100217,0.007100217,-0.01672851
12700,9.770502,-0.1694689,0.110075,-0.0121176,0.007109683,0.007109683,-0.0167434
12701,9.771244,-0.1694689,0.110075,-0.0121176,0.00722069,0.00722069,-0.01623892
12702,9.771865,-0.1694689,0.110075,-0.0121176,0.00722069,0.00722069,-0.01623892
12703,9.772539,-0.1695345,0.1100975,-0.01211364,0.007230307,0.007230307,-0.01624576
12704,9.773284,-0.1695345,0.1100975,-0.01211364,0.007306121,0.007306121,-0.01623242
12705,9.773997,-0.1695345,0.1100975,-0.01211364,0.007306121,0.007306121,-0.01623242
12706,9.774794,-0.1695296,0.1100975,-0.01218215,0.007306121,0.007306121,-0.01624053
12707,9.775516,-0.1695296,0.1100975,-0.01218215,0.007306121,0.007306121,-0.01625734
12708,9.776152,-0.1695952,0.11012,-0.01217822,0.007264044,0.007264044,-0.01627322
12709,9.776965,-0.1695952,0.11012,-0.01217822,0.007260448,0.007260448,-0.01627385
12710,9.777734,-0.1695952,0.11012,-0.01217822,0.007260448,0.007260448,-0.01627385
12711,9.778461,-0.1696559,0.1101426,-0.01224289,0.007270093,0.007270093,-0.01609409
12712,9.779276,-0.1696559,0.1101426,-0.01224289,0.007369138,0.007369138,-0.01615392
12713,9.779945,-0.1696559,0.1101426,-0.01224289,0.007526647,0.007526647,-0.01612666
12714,9.780643,-0.1696559,0.1101426,-0.01224289,0.007526647,0.007526647,-0.01612666
12715,9.781463,-0.1697166,0.1101652,-0.01230753,0.007526647,0.007526647,-0.01613499
12716,9.782226,-0.1697166,0.1101652,-0.01230753,0.007476582,0.007476582,-0.01645484
12717,9.782854,-0.1697166,0.1101652,-0.01230753,0.007476582,0.007476582,-0.01645484
12718,9.783484,-0.1697822,0.1101878,-0.01230365,0.00739445,0.00739445,-0.01660175
12719,9.784187,-0.1697822,0.1101878,-0.01230365,0.007703145,0.007703145,-0.01654884
12720,9.784814,-0.1697822,0.1101878,-0.01230365,0.007703145,0.007703145,-0.01654884
12721,9.785477,-0.1697822,0.1101878,-0.01230365,0.007703145,0.007703145,-0.01654884
12722,9.786304,-0.1697773,0.1101878,-0.01237218,0.007765758,0.007765758,-0.01627728
12723,9.787067,-0.1698429,0.1102104,-0.01236833,0.007765758,0.007765758,-0.01647712
12724,9.78778,-0.1698429,0.1102104,-0.01236833,0.007776035,0.007776035,-0.01648406
12725,9.788411,-0.1698429,0.1102104,-0.01236833,0.007576852,0.007576852,-0.01651793
12726,9.789048,-0.1698429,0.1102104,-0.01236833,0.007576852,0.007576852,-0.01651793
12727,9.789685,-0.1698429,0.1102104,-0.01236833,0.007576852,0.007576852,-0.01651793
12728,9.790355,-0.1699085,0.1102331,-0.01236448,0.007904831,0.007904831,-0.01607379
12729,9.79121,-0.1699085,0.1102331,-0.01236448,0.007904831,0.007904831,-0.01607379
12730,9.79193,-0.1699085,0.1102331,-0.01236448,0.007641537,0.007641537,-0.0161185
12731,9.79266,-0.1699691,0.1102558,-0.01242935,0.007641537,0.007641537,-0.01612692
12732,9.793432,-0.1699691,0.1102558,-0.01242935,0.007665407,0.007665407,-0.01482802
12733,9.794071,-0.1699691,0.1102558,-0.01242935,0.007665407,0.007665407,-0.01449368
12734,9.794704,-0.1699691,0.1102558,-0.01242935,0.007665407,0.007665407,-0.01449368
12735,9.795377,-0.1699691,0.1102558,-0.01242935,0.007759048,0.007759048,-0.01447791
12736,9.796038,-0.1700347,0.1102785,-0.01242553,0.007710283,0.007710283,-0.01449398
12737,9.796782,-0.1700347,0.1102785,-0.01242553,0.007710283,0.007710283,-0.01449398
12738,9.797502,-0.1700297,0.1102785,-0.01249428,0.007710283,0.007710283,-0.01450251
12739,9.798374,-0.1700953,0.1103013,-0.01249049,0.007852425,0.007852425,-0.0142107
12740,9.799156,-0.1700953,0.1103013,-0.01249049,0.007992097,0.007992097,-0.01419519
12741,9.79982,-0.1700953,0.1103013,-0.01249049,0.007992097,0.007992097,-0.01419519
12742,9.800477,-0.1700953,0.1103013,-0.01249049,0.007992097,0.007992097,-0.01419519
12743,9.801307,-0.1701609,0.1103241,-0.01248669,0.008002609,0.008002609,-0.01420124
12744,9.802039,-0.1701558,0.1103241,-0.01255541,0.00803645,0.00803645,-0.01400649
12745,9.802797,-0.1701558,0.1103241,-0.01255541,0.00803645,0.00803645,-0.01400649
12746,9.803412,-0.1701558,0.1103241,-0.01255541,0.00803645,0.00803645,-0.01400649
12747,9.804044,-0.1702215,0.1103469,-0.01255164,0.008077286,0.008077286,-0.01400747
12748,9.804866,-0.1702215,0.1103469,-0.01255164,0.008077286,0.008077286,-0.01400747
12749,9.805565,-0.170287,0.1103698,-0.01254787,0.008087883,0.008087883,-0.01401344
12750,9.806354,-0.170287,0.1103698,-0.01254787,0.008349782,0.008349782,-0.01372806
12751,9.807012,-0.170282,0.1103698,-0.01261668,0.008514742,0.008514742,-0.0134364
12752,9.807797,-0.170282,0.1103698,-0.01261668,0.008514742,0.008514742,-0.0134364
12753,9.808579,-0.1703476,0.1103926,-0.01261294,0.008525902,0.008525902,-0.01344218
12754,9.809375,-0.1703476,0.1103926,-0.01261294,0.008390856,0.008390856,-0.01346427
12755,9.810094,-0.1703476,0.1103926,-0.01261294,0.008367554,0.008367554,-0.01303935
12756,9.810825,-0.1703476,0.1103926,-0.01261294,0.008367554,0.008367554,-0.01303935
12757,9.811483,-0.1704081,0.1104155,-0.01267802,0.008378509,0.008378509,-0.01305422
12758,9.812238,-0.1704081,0.1104155,-0.01267802,0.008364036,0.008364036,-0.01316571
12759,9.812959,-0.1704081,0.1104155,-0.01267802,0.008511421,0.008511421,-0.01245491
12760,9.813661,-0.1704081,0.1104155,-0.01267802,0.008511421,0.008511421,-0.01245491
12761,9.814289,-0.1704737,0.1104385,-0.0126743,0.008511421,0.008511421,-0.01245491
12762,9.815009,-0.1704737,0.1104385,-0.0126743,0.008191065,0.008191065,-0.01251399
12763,9.81564,-0.1704737,0.1104385,-0.0126743,0.008191065,0.008191065,-0.01251399
12764,9.816258,-0.1704685,0.1104385,-0.01274324,0.008191065,0.008191065,-0.01268006
12765,9.816973,-0.1705341,0.1104614,-0.01273954,0.008328174,0.008328174,-0.01240778
12766,9.817675,-0.1705341,0.1104614,-0.01273954,0.008328174,0.008328174,-0.01240778
12767,9.818307,-0.1705341,0.1104614,-0.01273954,0.008328174,0.008328174,-0.01240778
12768,9.818929,-0.1705997,0.1104844,-0.01273585,0.008789679,0.008789679,-0.01234087
12769,9.819653,-0.1705997,0.1104844,-0.01273585,0.008789679,0.008789679,-0.01234087
12770,9.820313,-0.1705997,0.1104844,-0.01273585,0.008789679,0.008789679,-0.01234087
12771,9.821146,-0.1705945,0.1104844,-0.01280475,0.008770976,0.008770976,-0.01232897
12772,9.821874,-0.1706601,0.1105075,-0.01280109,0.008782405,0.008782405,-0.01233432
12773,9.822623,-0.1706601,0.1105075,-0.01280109,0.008687225,0.008687225,-0.01234945
12774,9.823256,-0.1706601,0.1105075,-0.01280109,0.008687225,0.008687225,-0.01234945
12775,9.823899,-0.1707257,0.1105305,-0.01279742,0.008698527,0.008698527,-0.0123548
12776,9.824619,-0.1707205,0.1105305,-0.01286642,0.008946406,0.008946406,-0.01302967
12777,9.825367,-0.1707205,0.1105305,-0.01286642,0.008946406,0.008946406,-0.01355653
12778,9.825999,-0.1707861,0.1105536,-0.01286278,0.009011311,0.009011311,-0.01355396
12779,9.826713,-0.1707861,0.1105536,-0.01286278,0.009011311,0.009011311,-0.01355396
12780,9.827409,-0.1707861,0.1105536,-0.01286278,0.009193581,0.009193581,-0.01352527
12781,9.828152,-0.1708465,0.1105767,-0.01292815,0.009193581,0.009193581,-0.01402817
12782,9.82901,-0.1708465,0.1105767,-0.01292815,0.009293174,0.009293174,-0.01413119
12783,9.829658,-0.1708465,0.1105767,-0.01292815,0.009293174,0.009293174,-0.01413119
12784,9.830285,-0.1708465,0.1105767,-0.01292815,0.009259556,0.009259556,-0.01413643
12785,9.83094,-0.1709121,0.1105999,-0.01292454,0.009330879,0.009330879,-0.01413324
12786,9.831677,-0.1709068,0.1105999,-0.0129936,0.009330879,0.009330879,-0.01414344
12787,9.832482,-0.1709458,0.1106874,-0.01299147,0.0093445,0.0093445,-0.01459823
12788,9.833205,-0.1709458,0.1106874,-0.01299147,0.01047178,0.01047178,-0.01476566
12789,9.833829,-0.1709458,0.1106874,-0.01299147,0.01047178,0.01047178,-0.01476566
12790,9.834518,-0.1709406,0.1106874,-0.01306055,0.01047178,0.01047178,-0.01477596
12791,9.835261,-0.1709406,0.1106874,-0.01306055,0.01048742,0.01048742,-0.01545882
12792,9.837757,-0.1710062,0.1107106,-0.013057,0.01040445,0.01040445,-0.01548001
12793,9.838486,-0.1710398,0.1107982,-0.01312401,0.01108216,0.01108216,-0.01725481
12794,9.839212,-0.1711054,0.1108215,-0.01312048,0.01108216,0.01108216,-0.01725481
12795,9.840028,-0.1711,0.1108215,-0.01318958,0.01147895,0.01147895,-0.01732149
12796,9.840898,-0.1711656,0.1108448,-0.01318608,0.01149166,0.01149166,-0.01732876
12797,9.841643,-0.1711656,0.1108448,-0.01318608,0.01181265,0.01181265,-0.01728056
12798,9.842299,-0.1711603,0.1108448,-0.01325525,0.01181265,0.01181265,-0.01728056
12799,9.84307,-0.1711603,0.1108448,-0.01325525,0.01181265,0.01181265,-0.01729119
12800,9.843738,-0.1712258,0.1108681,-0.01325177,0.01201443,0.01201443,-0.01854411
12801,9.8445,-0.1712258,0.1108681,-0.01325177,0.01201443,0.01201443,-0.01854411
12802,9.845156,-0.1712258,0.1108681,-0.01325177,0.01201443,0.01201443,-0.01854411
12803,9.845972,-0.171286,0.1108915,-0.01331752,0.01034105,0.01034105,-0.01852587
12804,9.84674,-0.171286,0.1108915,-0.01331752,0.01041342,0.01041342,-0.01885468
12805,9.847403,-0.1713515,0.1109149,-0.01331407,0.01041342,0.01041342,-0.01968251
12806,9.848135,-0.1713515,0.1109149,-0.01331407,0.01042678,0.01042678,-0.01969071
12807,9.848803,-0.1713194,0.1109792,-0.01338471,0.01282481,0.01282481,-0.01994161
12808,9.849614,-0.1713194,0.1109792,-0.01338471,0.01282481,0.01282481,-0.01994161
12809,9.85033,-0.171385,0.1110026,-0.01338129,0.01269877,0.01269877,-0.01997031
12810,9.851078,-0.171385,0.1110026,-0.01338129,0.01269877,0.01269877,-0.01997031
12811,9.851746,-0.1714451,0.1110261,-0.01344715,0.01302558,0.01302558,-0.02011213
12812,9.852454,-0.1714451,0.1110261,-0.01344715,0.01913629,0.01913629,-0.02158742
12813,9.853065,-0.1714451,0.1110261,-0.01344715,0.01913629,0.01913629,-0.02158742
12814,9.853715,-0.1715051,0.1110496,-0.01351303,0.01949918,0.01949918,-0.02155646
12815,9.854473,-0.1714784,0.111114,-0.0135144,0.01949871,0.01949871,-0.02207788
12816,9.855315,-0.1715439,0.1111375,-0.01351103,0.02017695,0.02017695,-0.0220777
12817,9.856066,-0.1715384,0.1111375,-0.0135804,0.02017695,0.02017695,-0.02208823
12818,9.856936,-0.1716039,0.111161,-0.01357706,0.02019193,0.02019193,-0.02326756
12819,9.857709,-0.1716039,0.111161,-0.01357706,0.02038868,0.02038868,-0.02323967
12820,9.858571,-0.1716694,0.1111846,-0.01357372,0.02038868,0.02038868,-0.02323967
12821,9.859356,-0.1716639,0.1111846,-0.01364301,0.02043904,0.02043904,-0.02346057
12822,9.860168,-0.1716971,0.1112726,-0.01371048,0.02060573,0.02060573,-0.02345631
12823,9.861115,-0.1716971,0.1112726,-0.01371048,0.02060573,0.02060573,-0.02345631
12824,9.86179,-0.1716971,0.1112726,-0.01371048,0.02103066,0.02103066,-0.02428759
12825,9.862446,-0.1717626,0.1112962,-0.01370719,0.02117417,0.02117417,-0.02427978
12826,9.863256,-0.1717571,0.1112962,-0.01377656,0.02117417,0.02117417,-0.0249542
12827,9.863999,-0.1718225,0.1113199,-0.0137733,0.02117417,0.02117417,-0.0249542
12828,9.864823,-0.1718225,0.1113199,-0.0137733,0.02136935,0.02136935,-0.02493971
12829,9.865454,-0.1718881,0.1113436,-0.01377004,0.02168771,0.02168771,-0.02490837
12830,9.86619,-0.1718825,0.1113436,-0.01383954,0.02168771,0.02168771,-0.02527814
12831,9.86705,-0.171948,0.1113674,-0.01383631,0.02170397,0.02170397,-0.0252885
12832,9.867787,-0.1719424,0.1113674,-0.01390575,0.0221353,0.0221353,-0.02524168
12833,9.868481,-0.1719424,0.1113674,-0.01390575,0.02104169,0.02104169,-0.02527712
12834,9.869138,-0.1720079,0.1113911,-0.01390255,0.02105844,0.02105844,-0.0252875
12835,9.869883,-0.1720022,0.1113911,-0.01397202,0.0129162,0.0129162,-0.02513071
12836,9.870613,-0.1720677,0.1114149,-0.01396883,0.01312071,0.01312071,-0.02561101
12837,9.871339,-0.1720677,0.1114149,-0.01396883,0.01317408,0.01317408,-0.02650795
12838,9.87199,-0.1721275,0.1114388,-0.01403522,0.01319068,0.01319068,-0.0265188
12839,9.872718,-0.1721006,0.1115031,-0.01403651,0.01317389,0.01317389,-0.02661469
12840,9.873521,-0.1721006,0.1115031,-0.01403651,0.02036691,0.02036691,-0.02675966
12841,9.874288,-0.1721661,0.111527,-0.01403336,0.02037406,0.02037406,-0.02673886
12842,9.875032,-0.1721604,0.111527,-0.01410293,0.02037406,0.02037406,-0.02675132
12843,9.875795,-0.1722259,0.1115509,-0.01409981,0.02052787,0.02052787,-0.02659783
12844,9.876539,-0.1722259,0.1115509,-0.01409981,0.02052787,0.02052787,-0.02659783
12845,9.877156,-0.1722856,0.1115748,-0.01416635,0.02105659,0.02105659,-0.02700525
12846,9.877904,-0.1722587,0.1116391,-0.01416762,0.02105659,0.02105659,-0.02700525
12847,9.878683,-0.1723241,0.1116631,-0.01416452,0.02181573,0.02181573,-0.02700676
12848,9.879435,-0.1723184,0.1116631,-0.01423412,0.02262066,0.02262066,-0.02758563
12849,9.880237,-0.1723839,0.1116871,-0.01423105,0.02263872,0.02263872,-0.02759689
12850,9.881179,-0.1724493,0.1117111,-0.01422797,0.02281328,0.02281328,-0.02758813
12851,9.881916,-0.1724436,0.1117111,-0.01429758,0.02322806,0.02322806,-0.02753509
12852,9.882646,-0.1724436,0.1117111,-0.01429758,0.02322806,0.02322806,-0.02754874
12853,9.883294,-0.172509,0.1117351,-0.01429454,0.02306154,0.02306154,-0.02781272
12854,9.884001,-0.172509,0.1117351,-0.01429454,0.02309638,0.02309638,-0.02780831
12855,9.884623,-0.1725745,0.1117592,-0.01429149,0.02309638,0.02309638,-0.02780831
12856,9.885356,-0.1725416,0.1118235,-0.01436252,0.02332778,0.02332778,-0.02773547
12857,9.886105,-0.17258,0.111912,-0.01436075,0.02352265,0.02352265,-0.02765535
12858,9.886822,-0.1725742,0.111912,-0.01443053,0.02517141,0.02517141,-0.02767964
12859,9.887532,-0.1726396,0.1119361,-0.01442754,0.02519054,0.02519054,-0.02769092
12860,9.888302,-0.1726396,0.1119361,-0.01442754,0.02516516,0.02516516,-0.02749419
12861,9.889059,-0.1726992,0.1119603,-0.0144943,0.02529556,0.02529556,-0.02750531
12862,9.889915,-0.1726992,0.1119603,-0.0144943,0.02543084,0.02543084,-0.02792022
12863,9.890624,-0.1727646,0.1119845,-0.01449133,0.02545024,0.02545024,-0.0279316
12864,9.89138,-0.1727646,0.1119845,-0.01449133,0.02565253,0.02565253,-0.02871995
12865,9.892138,-0.1728241,0.1120087,-0.01455821,0.0257809,0.0257809,-0.02873247
12866,9.895775,-0.1729219,0.1121216,-0.01462339,0.02577158,0.02577158,-0.02753934
12867,9.896571,-0.1729873,0.1121459,-0.01462048,0.02579206,0.02579206,-0.02755059
12868,9.897354,-0.1730196,0.1122346,-0.01468874,0.02535352,0.02535352,-0.02762682
12869,9.89814,-0.1730196,0.1122346,-0.01468874,0.02657702,0.02657702,-0.02746436
12870,9.89886,-0.173079,0.112259,-0.01475576,0.02666948,0.02666948,-0.0274818
12871,9.899632,-0.173079,0.112259,-0.01475576,0.02666948,0.02666948,-0.0274818
12872,9.900259,-0.1731172,0.1123478,-0.0147541,0.02644984,0.02644984,-0.02736764
12873,9.90118,-0.1731172,0.1123478,-0.0147541,0.03002938,0.03002938,-0.02740825
12874,9.901826,-0.1731765,0.1123722,-0.01482122,0.02997613,0.02997613,-0.02701732
12875,9.902526,-0.1731765,0.1123722,-0.01482122,0.02997613,0.02997613,-0.02701732
12876,9.90317,-0.1732146,0.112461,-0.01481958,0.03004633,0.03004633,-0.02662644
12877,9.903869,-0.1732146,0.112461,-0.01481958,0.03107807,0.03107807,-0.02652379
12878,9.90448,-0.173274,0.1124855,-0.01488673,0.03107807,0.03107807,-0.02653795
12879,9.905185,-0.1732467,0.1125498,-0.0148879,0.03112836,0.03112836,-0.02660726
12880,9.905943,-0.173312,0.1125744,-0.0148851,0.03265816,0.03265816,-0.02658284
12881,9.906628,-0.173306,0.1125744,-0.01495514,0.03267967,0.03267967,-0.02660811
12882,9.907354,-0.173344,0.1126632,-0.01495352,0.03352093,0.03352093,-0.02726454
12883,9.908081,-0.173344,0.1126632,-0.01495352,0.04136201,0.04136201,-0.02738477
12884,9.908822,-0.1734032,0.1126878,-0.01502082,0.04155142,0.04155142,-0.02730817
12885,9.909637,-0.1734032,0.1126878,-0.01502082,0.04155142,0.04155142,-0.02730817
12886,9.910335,-0.1734412,0.1127767,-0.01501922,0.0415152,0.0415152,-0.02731573
12887,9.911115,-0.1734412,0.1127767,-0.01501922,0.041502,0.041502,-0.02721287
12888,9.911757,-0.173473,0.1128657,-0.01508774,0.04142747,0.04142747,-0.02711658
12889,9.912457,-0.173473,0.1128657,-0.01508774,0.04142747,0.04142747,-0.02711658
12890,9.913126,-0.1735383,0.1128904,-0.01508501,0.0421449,0.0421449,-0.02713126
12891,9.913895,-0.1735047,0.1129546,-0.01515623,0.04354851,0.04354851,-0.02788735
12892,9.914718,-0.1735425,0.1130436,-0.01515467,0.0454306,0.0454306,-0.02790917
12893,9.915462,-0.1736078,0.1130684,-0.01515198,0.0454306,0.0454306,-0.02790917
12894,9.916276,-0.1736394,0.1131574,-0.01522059,0.04556871,0.04556871,-0.02797775
12895,9.917057,-0.1736394,0.1131574,-0.01522059,0.04894825,0.04894825,-0.02752269
12896,9.917696,-0.1736709,0.1132464,-0.01528919,0.0494584,0.0494584,-0.02753248
12897,9.918399,-0.1736709,0.1132464,-0.01528919,0.04948179,0.04948179,-0.02755611
12898,9.919043,-0.1736709,0.1132464,-0.01528919,0.04934504,0.04934504,-0.02784998
12899,9.919712,-0.1737676,0.1133604,-0.0153553,0.04955211,0.04955211,-0.0278497
12900,9.920514,-0.1737676,0.1133604,-0.0153553,0.04957557,0.04957557,-0.02786685
12901,9.921384,-0.1738052,0.1134495,-0.01535379,0.04974729,0.04974729,-0.02787812
12902,9.922019,-0.1737713,0.1135137,-0.01542513,0.05122539,0.05122539,-0.02787692
12903,9.922738,-0.1738365,0.1135387,-0.01542254,0.0546494,0.0546494,-0.02833619
12904,9.925471,-0.1738088,0.1136028,-0.01542364,0.0546663,0.0546663,-0.0283437
12905,9.926491,-0.1739364,0.1138062,-0.01555867,0.05876365,0.05876365,-0.02928597
12906,9.927224,-0.1739023,0.1138703,-0.01562995,0.05910569,0.05910569,-0.02966584
12907,9.927963,-0.1739396,0.1139595,-0.01562851,0.06544263,0.06544263,-0.03049117
12908,9.928689,-0.1740047,0.1139846,-0.01562601,0.06509051,0.06509051,-0.03092052
12909,9.929436,-0.1739705,0.1140487,-0.01569742,0.06508025,0.06508025,-0.0309267
12910,9.930163,-0.1740078,0.1141379,-0.01569601,0.06448548,0.06448548,-0.03139909
12911,9.930884,-0.1740014,0.1141379,-0.01576629,0.06681096,0.06681096,-0.03218619
12912,9.931599,-0.1740386,0.1142272,-0.01576488,0.06732197,0.06732197,-0.03215207
12913,9.932314,-0.1740043,0.1142912,-0.01583626,0.06731142,0.06731142,-0.03214765
12914,9.933041,-0.1740414,0.1143804,-0.01583488,0.06993271,0.06993271,-0.03249731
12915,9.933917,-0.174072,0.1144697,-0.01590384,0.07599592,0.07599592,-0.03488261
12916,9.935144,-0.1741396,0.1146483,-0.01597145,0.07588293,0.07588293,-0.03556331
12917,9.935897,-0.1741396,0.1146483,-0.01597145,0.08229969,0.08229969,-0.03597745
12918,9.936556,-0.1741115,0.1147123,-0.01597247,0.08229969,0.08229969,-0.03597745
12919,9.937429,-0.1741419,0.1148016,-0.0160415,0.08177933,0.08177933,-0.03785285
12920,9.938229,-0.1741723,0.1148909,-0.01611056,0.08239932,0.08239932,-0.03786999
12921,9.93894,-0.1742091,0.1149803,-0.01610925,0.08469439,0.08469439,-0.03818784
12922,9.939664,-0.1742393,0.1150697,-0.0161784,0.08496998,0.08496998,-0.03930882
12923,9.940528,-0.1742695,0.115159,-0.01624749,0.08545902,0.08545902,-0.04124672
12924,9.941419,-0.1742412,0.1152229,-0.01624848,0.08547191,0.08547191,-0.04126566
12925,9.942142,-0.1742713,0.1153123,-0.01631755,0.08712084,0.08712084,-0.04153549
12926,9.942887,-0.1743079,0.1154017,-0.01631629,0.09257054,0.09257054,-0.04343833
12927,9.943605,-0.1743378,0.1154912,-0.01638553,0.09495664,0.09495664,-0.04364352
12928,9.94432,-0.1743027,0.115555,-0.01645697,0.09493934,0.09493934,-0.0436464
12929,9.945159,-0.174369,0.1157339,-0.01652495,0.09522015,0.09522015,-0.0462932
12930,9.945892,-0.174369,0.1157339,-0.01652495,0.1037391,0.1037391,-0.04684297
12931,9.94659,-0.1743768,0.1158871,-0.01652469,0.1072411,0.1072411,-0.04877603
12932,9.947289,-0.1744064,0.1159766,-0.01659397,0.1072208,0.1072208,-0.04877717
12933,9.948004,-0.1743711,0.1160403,-0.01666533,0.1074209,0.1074209,-0.05000925
12934,9.948745,-0.1744006,0.1161297,-0.01673464,0.1101675,0.1101675,-0.05224221
12935,9.949487,-0.1744654,0.1161556,-0.01673257,0.1102007,0.1102007,-0.05226242
12936,9.950271,-0.1744661,0.1163088,-0.01680283,0.1072509,0.1072509,-0.05222621
12937,9.950971,-0.1744954,0.1163983,-0.01687221,0.110969,0.110969,-0.05513964
12938,9.951696,-0.1744958,0.1165515,-0.01694247,0.111798,0.111798,-0.05837137
12939,9.95242,-0.174467,0.1166151,-0.01694335,0.11181,0.11181,-0.05838533
12940,9.953147,-0.1745608,0.1167307,-0.0170108,0.1171616,0.1171616,-0.05849442
12941,9.953882,-0.174525,0.1167942,-0.01708221,0.1191995,0.1191995,-0.05905163
12942,9.954651,-0.174525,0.1169473,-0.01715253,0.1208669,0.1208669,-0.06235885
12943,9.955348,-0.1745538,0.1170369,-0.01722197,0.1208784,0.1208784,-0.06238006
12944,9.95608,-0.1745895,0.1171265,-0.01722093,0.1267676,0.1267676,-0.0636439
12945,9.956875,-0.1745822,0.1172796,-0.01736181,0.1281474,0.1281474,-0.06347039
12946,9.957672,-0.1745816,0.1174327,-0.01743222,0.1277623,0.1277623,-0.06923561
12947,9.958411,-0.17461,0.1175223,-0.01750179,0.1277495,0.1277495,-0.06924131
12948,9.959109,-0.1746384,0.117612,-0.01757135,0.1318988,0.1318988,-0.06936298
12949,9.959821,-0.1746092,0.1176754,-0.01757215,0.1320461,0.1320461,-0.07480545
12950,9.960593,-0.1746082,0.1178284,-0.01764258,0.1333243,0.1333243,-0.07229449
12951,9.961482,-0.1746292,0.117918,-0.01778275,0.133336,0.133336,-0.07232346
12952,9.962291,-0.1746925,0.1180974,-0.01785148,0.1364299,0.1364299,-0.07776374
12953,9.963089,-0.174691,0.1182504,-0.01792193,0.1411569,0.1411569,-0.07690088
12954,9.963834,-0.1746543,0.1183136,-0.01799325,0.1446737,0.1446737,-0.08332935
12955,9.964537,-0.1746599,0.1184665,-0.01799311,0.144684,0.144684,-0.08334803
12956,9.965292,-0.1746802,0.1185562,-0.0181334,0.1507392,0.1507392,-0.08353426
12957,9.966038,-0.1746783,0.1187091,-0.01820386,0.1508853,0.1508853,-0.08444328
12958,9.966793,-0.1746687,0.118862,-0.01834492,0.1540987,0.1540987,-0.09070057
12959,9.96765,-0.174701,0.1191046,-0.01841453,0.155014,0.155014,-0.08958669
12960,9.968427,-0.1747655,0.1191312,-0.0184131,0.1550242,0.1550242,-0.08960634
12961,9.96915,-0.1747553,0.1192841,-0.01855433,0.1559341,0.1559341,-0.08910504
12962,9.969847,-0.1747525,0.1194369,-0.0186248,0.1612746,0.1612746,-0.09029295
12963,9.970535,-0.1747227,0.1194999,-0.01862543,0.1612746,0.1612746,-0.09029681
12964,9.971272,-0.1747764,0.1196794,-0.01876517,0.1638923,0.1638923,-0.09271303
12965,9.972014,-0.1748032,0.1197692,-0.01883516,0.1620419,0.1620419,-0.09535456
12966,9.97275,-0.1747697,0.1199849,-0.0189063,0.1662756,0.1662756,-0.09562792
12967,9.973492,-0.1747963,0.1200747,-0.01897627,0.1662852,0.1662852,-0.0956484
12968,9.97428,-0.1747547,0.1202902,-0.01911798,0.1711656,0.1711656,-0.09492047
12969,9.975012,-0.1747888,0.12038,-0.01911736,0.1751085,0.1751085,-0.09816849
12970,9.975727,-0.174777,0.1205326,-0.01925856,0.1770965,0.1770965,-0.09845832
12971,9.97662,-0.174837,0.1207123,-0.01932799,0.1776077,0.1776077,-0.09859861
12972,9.977368,-0.1748326,0.1208649,-0.01939859,0.1775698,0.1775698,-0.09858606
12973,9.978089,-0.1747898,0.1210801,-0.01954032,0.1801745,0.1801745,-0.09979786
12974,9.978805,-0.1748234,0.12117,-0.01953979,0.1813348,0.1813348,-0.1002688
12975,9.979518,-0.1748491,0.1212598,-0.01960992,0.1813047,0.1813047,-0.1002757
12976,9.980478,-0.174831,0.1215648,-0.01982172,0.1846769,0.1846769,-0.1027707
12977,9.981426,-0.1748563,0.1216547,-0.01989195,0.184645,0.184645,-0.1027765
12978,9.982309,-0.1748842,0.121897,-0.01996209,0.1875177,0.1875177,-0.1037468
12979,9.98309,-0.1748396,0.1221118,-0.02010379,0.1891599,0.1891599,-0.1047014
12980,9.983943,-0.1748727,0.1222018,-0.02010337,0.1920669,0.1920669,-0.1049728
12981,9.984703,-0.1748275,0.1224165,-0.020245,0.1949883,0.1949883,-0.1053882
12982,9.98549,-0.1748523,0.1225064,-0.02031528,0.1949527,0.1949527,-0.1053914
12983,9.986238,-0.1748788,0.1227486,-0.02038556,0.196945,0.196945,-0.1057427
12984,9.986978,-0.1748394,0.1228109,-0.02045655,0.1969517,0.1969517,-0.1057639
12985,9.987716,-0.1748883,0.1229908,-0.02059718,0.1960369,0.1960369,-0.1058565
12986,9.988434,-0.1748814,0.1231429,-0.0206678,0.1989322,0.1989322,-0.10579
12987,9.989173,-0.174843,0.1233572,-0.02073878,0.2003268,0.2003268,-0.1076135
12988,9.989959,-0.1748671,0.1234472,-0.02080916,0.2003339,0.2003339,-0.1076348
12989,9.990694,-0.1748921,0.1236893,-0.02087947,0.2003182,0.2003182,-0.1077327
12990,9.991393,-0.1748845,0.1238413,-0.02095018,0.2050716,0.2050716,-0.1087922
12991,9.992436,-0.1748682,0.1239933,-0.02109152,0.2051502,0.2051502,-0.1075233
12992,9.993349,-0.1748201,0.1242073,-0.02123299,0.206602,0.206602,-0.1089481
12993,9.994084,-0.1748438,0.1244491,-0.02130346,0.2074845,0.2074845,-0.1098706
12994,9.994858,-0.1748671,0.1245391,-0.02137394,0.2074898,0.2074898,-0.10989
12995,9.995714,-0.1748181,0.1247528,-0.02151537,0.2082883,0.2082883,-0.1093393
12996,9.996592,-0.1748409,0.1249946,-0.02158585,0.2083193,0.2083193,-0.1103489
12997,9.997366,-0.1748319,0.1251464,-0.02165654,0.2121764,0.2121764,-0.1101304
12998,9.998107,-0.1748862,0.1253264,-0.02172699,0.2112802,0.2112802,-0.1096245
12999,9.998878,-0.1748133,0.1254498,-0.02179781,0.2111828,0.2111828,-0.1095831
13000,9.999636,-0.1748351,0.1256915,-0.02186837,0.2149705,0.2149705,-0.1104149
13001,10.0005,-0.1748476,0.1259331,-0.02200962,0.2128469,0.2128469,-0.1116268
13002,10.00145,-0.1748065,0.1259947,-0.02208028,0.2152454,0.2152454,-0.1103599
13003,10.00218,-0.1748274,0.1262363,-0.0221509,0.2162003,0.2162003,-0.1097019
13004,10.00291,-0.1748494,0.1263263,-0.02222153,0.2162047,0.2162047,-0.1097193
13005,10.00368,-0.1748373,0.1266293,-0.02229215,0.2156119,0.2156119,-0.1094691
13006,10.00444,-0.1748916,0.1266579,-0.02236282,0.2181038,0.2181038,-0.1100865
13007,10.00518,-0.1748483,0.1268707,-0.02243347,0.2168376,0.2168376,-0.1100316
13008,10.0059,-0.1748372,0.1270221,-0.02250413,0.216791,0.216791,-0.1100277
13009,10.00661,-0.1748565,0.1272635,-0.02257483,0.2170114,0.2170114,-0.1073135
13010,10.00737,-0.174782,0.127386,-0.02264527,0.2184875,0.2184875,-0.109049
13011,10.00832,-0.1748007,0.1276273,-0.02271601,0.2187934,0.2187934,-0.1087018
13012,10.0093,-0.1748428,0.1278075,-0.02285748,0.2186375,0.2186375,-0.1072083
13013,10.0122,-0.174833,0.1285021,-0.02306947,0.2194681,0.2194681,-0.1010195
13014,10.01302,-0.1747573,0.128624,-0.02313981,0.2194161,0.2194161,-0.1009979
13015,10.01378,-0.1747742,0.128865,-0.02321056,0.2206792,0.2206792,-0.1007048
13016,10.01448,-0.1747944,0.1289551,-0.02328132,0.221381,0.221381,-0.1007645
13017,10.01528,-0.1748107,0.1291961,-0.02335211,0.2221986,0.2221986,-0.09997219
13018,10.01603,-0.1748307,0.1292862,-0.02342294,0.222149,0.222149,-0.09996606
13019,10.01672,-0.1747837,0.1294978,-0.02349333,0.2220085,0.2220085,-0.09785709
13020,10.01744,-0.1747795,0.1296487,-0.0234933,0.2229014,0.2229014,-0.09775866
13021,10.01817,-0.1747852,0.1298895,-0.02363471,0.2235131,0.2235131,-0.09638202
13022,10.0189,-0.1747711,0.1300402,-0.02370526,0.2235155,0.2235155,-0.09639379
13023,10.01965,-0.1747857,0.130281,-0.02377613,0.223884,0.223884,-0.0969677
13024,10.02041,-0.1747374,0.1304922,-0.02384642,0.2244723,0.2244723,-0.09402221
13025,10.02131,-0.1747662,0.1305823,-0.02384668,0.2257034,0.2257034,-0.094476
13026,10.02213,-0.1747703,0.130823,-0.02398811,0.2259045,0.2259045,-0.09381796
13027,10.02287,-0.1747024,0.1309437,-0.02398745,0.2257946,0.2257946,-0.09377997
13028,10.0237,-0.1747157,0.1311843,-0.02405824,0.2270707,0.2270707,-0.09399136
13029,10.02441,-0.1747002,0.1313347,-0.02412883,0.2286206,0.2286206,-0.09031264
13030,10.02519,-0.174713,0.1315751,-0.02419963,0.2275794,0.2275794,-0.08996269
13031,10.02589,-0.1747069,0.1317254,-0.02419956,0.2275249,0.2275249,-0.08995747
13032,10.02659,-0.1746468,0.1319358,-0.02434028,0.2301664,0.2301664,-0.08819375
13033,10.02729,-0.1746749,0.1320259,-0.02434061,0.2312496,0.2312496,-0.0892277
13034,10.028,-0.1746586,0.1321761,-0.02441108,0.2311925,0.2311925,-0.08922208
13035,10.02873,-0.17467,0.1324164,-0.02448193,0.2319535,0.2319535,-0.08614488
13036,10.02947,-0.1746978,0.1325065,-0.02448227,0.2327834,0.2327834,-0.08612154
13037,10.03023,-0.1747087,0.1327467,-0.02455314,0.2326839,0.2326839,-0.08615409
13038,10.03092,-0.1746917,0.1328968,-0.02462361,0.2326255,0.2326255,-0.08614286
13039,10.03166,-0.1746399,0.1331066,-0.02469367,0.2332082,0.2332082,-0.08385061
13040,10.0325,-0.1746325,0.1332566,-0.02469357,0.2354668,0.2354668,-0.08398205
13041,10.0333,-0.1745974,0.1335563,-0.02483444,0.2355127,0.2355127,-0.08325564
13042,10.03401,-0.1746247,0.1336464,-0.02483484,0.2354521,0.2354521,-0.08324906
13043,10.03478,-0.1745988,0.1339459,-0.02490513,0.2388384,0.2388384,-0.08360393
13044,10.03552,-0.1746157,0.134036,-0.02497614,0.2393704,0.2393704,-0.08313312
13045,10.03623,-0.1745892,0.1343354,-0.02504645,0.240196,0.240196,-0.08188412
13046,10.03693,-0.1745892,0.1343354,-0.02504645,0.2401936,0.2401936,-0.08189477
13047,10.03758,-0.1745166,0.134694,-0.02518664,0.2402501,0.2402501,-0.0815691
13048,10.03827,-0.1745432,0.1347841,-0.02518708,0.2393513,0.2393513,-0.08333086
13049,10.039,-0.1744623,0.1349029,-0.02525642,0.239348,0.239348,-0.08334155
13050,10.03984,-0.1744342,0.1352017,-0.02532661,0.2433938,0.2433938,-0.08127198
13051,10.0407,-0.1744411,0.1354411,-0.02539736,0.2442762,0.2442762,-0.0820087
13052,10.04156,-0.1744476,0.1356804,-0.02546816,0.2457334,0.2457334,-0.08072043
13053,10.04232,-0.174438,0.1358296,-0.02546799,0.2453862,0.2453862,-0.07987549
13054,10.04579,-0.1743005,0.1367829,-0.02574799,0.2547552,0.2547552,-0.07944065
13055,10.04657,-0.1743305,0.1371118,-0.0258192,0.2557547,0.2557547,-0.07874437
13056,10.04731,-0.1742477,0.1372294,-0.0258882,0.2580326,0.2580326,-0.0784494
13057,10.04801,-0.174273,0.1373194,-0.02588872,0.2579566,0.2579566,-0.07843994
13058,10.04876,-0.17423,0.1376168,-0.02602905,0.2564284,0.2564284,-0.0778293
13059,10.04947,-0.1742445,0.1377068,-0.02609996,0.2600392,0.2600392,-0.07847086
13060,10.05021,-0.1742218,0.138004,-0.02609947,0.2599418,0.2599418,-0.07776727
13061,10.05107,-0.1741774,0.1383011,-0.02623979,0.260894,0.260894,-0.07686447
13062,10.05192,-0.1741656,0.1384495,-0.02623952,0.2608849,0.2608849,-0.07686062
13063,10.05268,-0.1741676,0.1386879,-0.02631016,0.261735,0.261735,-0.07724679
13064,10.05343,-0.1741188,0.1388946,-0.02630903,0.2615828,0.2615828,-0.07708281
13065,10.05418,-0.1740727,0.1391911,-0.02644916,0.266418,0.266418,-0.07576142
13066,10.05496,-0.174097,0.139281,-0.02644974,0.2663353,0.2663353,-0.07575053
13067,10.05576,-0.1740238,0.1396354,-0.02651854,0.2672941,0.2672941,-0.07690006
13068,10.05654,-0.1740241,0.1398734,-0.02658914,0.2725454,0.2725454,-0.07674601
13069,10.05726,-0.1740002,0.1400213,-0.02665913,0.2737247,0.2737247,-0.0768381
13070,10.05801,-0.1739762,0.1401692,-0.02672907,0.273574,0.273574,-0.0768004
13071,10.05875,-0.1739384,0.1404649,-0.02679872,0.2736514,0.2736514,-0.07594175
13072,10.05947,-0.1739247,0.1406128,-0.02679837,0.2753951,0.2753951,-0.07669391
13073,10.0602,-0.1738862,0.1409081,-0.02686784,0.2788378,0.2788378,-0.07614372
13074,10.06114,-0.1738362,0.1412034,-0.02700761,0.2812082,0.2812082,-0.07566063
13075,10.06188,-0.1738219,0.1413509,-0.02700722,0.2811938,0.2811938,-0.07565087
13076,10.06269,-0.1737443,0.1417034,-0.02707568,0.2784769,0.2784769,-0.07675133
13077,10.0634,-0.1737673,0.1417932,-0.02707631,0.282346,0.282346,-0.07579175
13078,10.06428,-0.1737267,0.1420879,-0.0271457,0.2867699,0.2867699,-0.07585385
13079,10.06502,-0.1736628,0.1422925,-0.02721433,0.2865907,0.2865907,-0.07580306
13080,10.06574,-0.1736212,0.1425867,-0.02728368,0.2881118,0.2881118,-0.07497682
13081,10.06652,-0.1735947,0.1427338,-0.02735339,0.2917262,0.2917262,-0.07524491
13082,10.06727,-0.1735141,0.1430849,-0.02742149,0.2927722,0.2927722,-0.07546417
13083,10.06797,-0.1735364,0.1431747,-0.02742215,0.2926704,0.2926704,-0.07544987
13084,10.06867,-0.173455,0.1435254,-0.02749013,0.2921431,0.2921431,-0.07553449
13085,10.06948,-0.1734276,0.1436721,-0.02755973,0.2936203,0.2936203,-0.07397028
13086,10.07039,-0.1734439,0.1439981,-0.02763062,0.2952504,0.2952504,-0.07457411
13087,10.07117,-0.1733607,0.1443481,-0.02769851,0.2980682,0.2980682,-0.07356209
13088,10.07194,-0.1733437,0.1444945,-0.02769798,0.2979605,0.2979605,-0.07354698
13089,10.07265,-0.1732595,0.1448439,-0.02776569,0.3016676,0.3016676,-0.07450624
13090,10.07337,-0.1732421,0.1449902,-0.02776514,0.304332,0.304332,-0.07380366
13091,10.07413,-0.1731845,0.1452825,-0.02790398,0.3049266,0.3049266,-0.07354531
13092,10.07482,-0.1731667,0.1454287,-0.02790341,0.3048365,0.3048365,-0.07352519
13093,10.07554,-0.1730805,0.1457771,-0.02797098,0.3075808,0.3075808,-0.07329195
13094,10.07636,-0.173051,0.145923,-0.02804028,0.3104015,0.3104015,-0.07259908
13095,10.07717,-0.1729638,0.1462709,-0.02810767,0.3098992,0.3098992,-0.07230959
13096,10.07797,-0.1729451,0.1464166,-0.02810704,0.3097822,0.3097822,-0.07229289
13097,10.07874,-0.1728963,0.1467078,-0.02817562,0.3100622,0.3100622,-0.0722348
13098,10.07948,-0.1728379,0.1469094,-0.02817364,0.3107631,0.3107631,-0.07179276
13099,10.08028,-0.1727881,0.1472003,-0.02824216,0.3140998,0.3140998,-0.07050636
13100,10.0812,-0.1726982,0.1475468,-0.0283093,0.3137133,0.3137133,-0.070049
13101,10.08192,-0.1727068,0.1476361,-0.02837976,0.3135904,0.3135904,-0.07000513
13102,10.08267,-0.1726159,0.1479822,-0.02844673,0.3148834,0.3148834,-0.07068546
13103,10.08342,-0.1725959,0.1481272,-0.02844602,0.3146113,0.3146113,-0.06988498
13104,10.08415,-0.1725635,0.1485065,-0.02851497,0.3153018,0.3153018,-0.06977357
13105,10.08496,-0.1725315,0.1486514,-0.02858396,0.3150134,0.3150134,-0.06968614
13106,10.08578,-0.1724501,0.1489963,-0.028581,0.3152694,0.3152694,-0.07012036
13107,10.08652,-0.1724177,0.149141,-0.02864993,0.3170605,0.3170605,-0.06748768
13108,10.08727,-0.1723237,0.1494854,-0.02871654,0.3164616,0.3164616,-0.06700262
13109,10.08801,-0.1723024,0.1496298,-0.02871575,0.3162372,0.3162372,-0.06693675
13110,10.08872,-0.1722075,0.1499737,-0.02878221,0.3159155,0.3159155,-0.06651059
13111,10.08945,-0.1721494,0.1501674,-0.02878003,0.3163579,0.3163579,-0.06567905
13112,10.09016,-0.1721304,0.1504062,-0.02884935,0.3151494,0.3151494,-0.06418648
13113,10.09093,-0.1720967,0.1505503,-0.02891799,0.3149232,0.3149232,-0.06412029
13114,10.09171,-0.1720705,0.1509274,-0.02891698,0.3151212,0.3151212,-0.06421818
13115,10.09244,-0.1720363,0.1510713,-0.02898568,0.315369,0.315369,-0.06276701
13116,10.09319,-0.17195,0.1514136,-0.02898234,0.3139879,0.3139879,-0.06274335
13117,10.09402,-0.1719154,0.1515573,-0.02905089,0.3139283,0.3139283,-0.06271658
13118,10.09663,-0.1718753,0.1519336,-0.02911928,0.3137225,0.3137225,-0.05917599
13119,10.09743,-0.1717282,0.1525616,-0.02918333,0.314589,0.314589,-0.06161143
13120,10.09816,-0.1716273,0.1529022,-0.02924904,0.3139314,0.3139314,-0.0582879
13121,10.0989,-0.1716031,0.1530453,-0.02924807,0.3140742,0.3140742,-0.05437411
13122,10.09976,-0.1716012,0.1533661,-0.02931786,0.3147327,0.3147327,-0.05497406
13123,10.10062,-0.1714401,0.153671,-0.02938105,0.3132946,0.3132946,-0.05720293
13124,10.10154,-0.1714369,0.1539914,-0.0294507,0.3131706,0.3131706,-0.05720997
13125,10.10235,-0.1714118,0.154134,-0.02944965,0.3130393,0.3130393,-0.05716164
13126,10.1031,-0.1713495,0.1544192,-0.02951676,0.3099672,0.3099672,-0.05411887
13127,10.10383,-0.1713241,0.1545617,-0.02951569,0.3073447,0.3073447,-0.05384787
13128,10.10456,-0.1712191,0.1549,-0.02958094,0.3090049,0.3090049,-0.05378828
13129,10.10529,-0.1712352,0.1549888,-0.02958163,0.3088748,0.3088748,-0.05374072
13130,10.106,-0.1711874,0.155362,-0.02964929,0.3073933,0.3073933,-0.05242945
13131,10.10669,-0.1711032,0.1554688,-0.02964568,0.3070423,0.3070423,-0.05184919
13132,10.10746,-0.1711191,0.1555575,-0.02964636,0.3069132,0.3069132,-0.05182997
13133,10.10817,-0.17107,0.1559301,-0.02971395,0.303982,0.303982,-0.05087604
13134,10.10897,-0.1710166,0.1562138,-0.02971164,0.3039629,0.3039629,-0.05019251
13135,10.10978,-0.1709897,0.1563556,-0.02971048,0.3032787,0.3032787,-0.05026517
13136,10.11054,-0.1709236,0.156639,-0.02977718,0.3033226,0.3033226,-0.04763027
13137,10.11128,-0.1708843,0.1567806,-0.02984505,0.3031939,0.3031939,-0.04761134
13138,10.1121,-0.1708295,0.1570636,-0.02984264,0.2999332,0.2999332,-0.04758821
13139,10.11287,-0.1707898,0.157205,-0.0299104,0.3000877,0.3000877,-0.04754236
13140,10.11363,-0.1707919,0.1575235,-0.0299105,0.2996126,0.2996126,-0.04788544
13141,10.11434,-0.1707091,0.1577174,-0.02997638,0.2995535,0.2995535,-0.04788053
13142,10.1151,-0.1706956,0.1579471,-0.02997578,0.2989032,0.2989032,-0.04713817
13143,10.11605,-0.1706267,0.1582292,-0.03004215,0.2967085,0.2967085,-0.04654393
13144,10.1168,-0.1706131,0.1584581,-0.03004153,0.2964865,0.2964865,-0.0456356
13145,10.1177,-0.1705429,0.1587403,-0.03010783,0.2957774,0.2957774,-0.04645665
13146,10.11844,-0.170545,0.1588288,-0.03017736,0.2957483,0.2957483,-0.04645379
13147,10.11917,-0.1705008,0.1591986,-0.03017533,0.2932282,0.2932282,-0.04696318
13148,10.11989,-0.1704019,0.1593031,-0.0302402,0.2966929,0.2966929,-0.04643161
13149,10.12059,-0.1703864,0.1595319,-0.03023948,0.2959037,0.2959037,-0.04592273
13150,10.12145,-0.1703583,0.1597607,-0.03030763,0.2957478,0.2957478,-0.04587311
13151,10.12214,-0.1702986,0.1600414,-0.03030483,0.2974307,0.2974307,-0.04560158
13152,10.12284,-0.1702686,0.1601816,-0.03030343,0.2951688,0.2951688,-0.04499479
13153,10.12365,-0.1701959,0.1604619,-0.03036934,0.2953625,0.2953625,-0.04431456
13154,10.12437,-0.1702103,0.1606385,-0.03043938,0.2952357,0.2952357,-0.04426796
13155,10.12528,-0.170093,0.1609701,-0.03050308,0.2933702,0.2933702,-0.04512845
13156,10.1262,-0.1700628,0.1611983,-0.03057095,0.2954792,0.2954792,-0.04579324
13157,10.12695,-0.1700319,0.161338,-0.03056945,0.2942279,0.2942279,-0.04506925
13158,10.12769,-0.16997,0.1617056,-0.03063574,0.2938713,0.2938713,-0.04545724
13159,10.12847,-0.1699262,0.1618452,-0.03070288,0.293745,0.293745,-0.04543661
13160,10.12924,-0.1698631,0.1621241,-0.03069977,0.2932172,0.2932172,-0.04666535
13161,10.13,-0.1697428,0.1624539,-0.03076301,0.2932794,0.2932794,-0.04726919
13162,10.13089,-0.1696983,0.1625932,-0.03083004,0.2928146,0.2928146,-0.04671931
13163,10.13209,-0.1696458,0.1630475,-0.03089651,0.2937514,0.2937514,-0.04682887
13164,10.13289,-0.1696133,0.1631864,-0.03089487,0.2946203,0.2946203,-0.04927794
13165,10.13365,-0.1695473,0.1635522,-0.03096073,0.294641,0.294641,-0.04909568
13166,10.1345,-0.1694563,0.1638297,-0.03109434,0.2955927,0.2955927,-0.05135731
13167,10.13526,-0.1694232,0.1639684,-0.03109263,0.2954638,0.2954638,-0.05130661
13168,10.13603,-0.1693555,0.1643333,-0.03115818,0.2958567,0.2958567,-0.05179008
13169,10.13679,-0.1693094,0.1644718,-0.03122482,0.301671,0.301671,-0.05266774
13170,10.13754,-0.1691844,0.1647988,-0.03128733,0.302643,0.302643,-0.05281762
13171,10.13824,-0.1692065,0.1649745,-0.0312885,0.3025746,0.3025746,-0.05277758
13172,10.13896,-0.1691038,0.1650751,-0.03135203,0.3038606,0.3038606,-0.05478492
13173,10.1397,-0.1690335,0.165439,-0.03141731,0.307214,0.307214,-0.05777486
13174,10.14043,-0.1689625,0.1658024,-0.03148242,0.3057669,0.3057669,-0.05804316
13175,10.14133,-0.1689732,0.1658902,-0.031483,0.3056273,0.3056273,-0.05801712
13176,10.14205,-0.1688454,0.1662155,-0.03154497,0.3037911,0.3037911,-0.05902652
13177,10.14275,-0.1688079,0.1664408,-0.03161184,0.3066484,0.3066484,-0.05903679
13178,10.14357,-0.168679,0.1667654,-0.03167367,0.3083541,0.3083541,-0.0594076
13179,10.14429,-0.1686763,0.166853,-0.03174235,0.3082102,0.3082102,-0.05934644
13180,10.14505,-0.1686021,0.1672151,-0.03180707,0.3085975,0.3085975,-0.06375876
13181,10.14581,-0.1685663,0.1673522,-0.03180506,0.3097944,0.3097944,-0.06076395
13182,10.14661,-0.1684782,0.1677138,-0.03193774,0.3110288,0.3110288,-0.06332821
13183,10.14738,-0.1683961,0.1679001,-0.03193305,0.3107054,0.3107054,-0.06325772
13184,10.14814,-0.1682643,0.1682227,-0.03199425,0.3137363,0.3137363,-0.0641755
13185,10.14894,-0.16827,0.1683977,-0.03206332,0.3155449,0.3155449,-0.06375903
13186,10.14967,-0.1681834,0.1686707,-0.03212699,0.3182969,0.3182969,-0.06357569
13187,10.15036,-0.1681464,0.1688071,-0.03212484,0.3181432,0.3181432,-0.06354581
13188,10.15108,-0.1679997,0.1691287,-0.03225365,0.3144854,0.3144854,-0.06480521
13189,10.15184,-0.1679712,0.1693521,-0.03225197,0.3165931,0.3165931,-0.06682742
13190,10.15265,-0.1678235,0.169673,-0.0323804,0.3169774,0.3169774,-0.06642269
13191,10.15338,-0.1677942,0.1698962,-0.03237865,0.3168921,0.3168921,-0.0663716
13192,10.15413,-0.1677051,0.1701677,-0.03244183,0.3195626,0.3195626,-0.0666928
13193,10.15484,-0.1676666,0.1703858,-0.03250807,0.3192341,0.3192341,-0.06625228
13194,10.15554,-0.1675253,0.17071,-0.032568,0.3197938,0.3197938,-0.06767944
13195,10.15623,-0.1674735,0.1708454,-0.03263332,0.3195198,0.3195198,-0.06758073
13196,10.15698,-0.1674505,0.1711549,-0.03263191,0.3223421,0.3223421,-0.06817183
13197,10.15768,-0.1673515,0.1713383,-0.03269423,0.3258765,0.3258765,-0.06732121
13198,10.15839,-0.1673068,0.1715604,-0.03275994,0.325711,0.325711,-0.06724524
13199,10.15936,-0.1671678,0.1718782,-0.03281959,0.3210674,0.3210674,-0.06771644
13200,10.16008,-0.1670694,0.1722348,-0.03295013,0.3245552,0.3245552,-0.06787838
13201,10.16109,-0.1669896,0.172504,-0.03294506,0.3260271,0.3260271,-0.06989247
13202,10.16184,-0.1668889,0.1726861,-0.033007,0.3247408,0.3247408,-0.06800497
13203,10.16256,-0.1668067,0.173037,-0.03306998,0.327129,0.327129,-0.06840518
13204,10.16329,-0.1668024,0.1732153,-0.03313793,0.3270193,0.3270193,-0.06834275
13205,10.16405,-0.1666601,0.173531,-0.03319695,0.3254711,0.3254711,-0.06893756
13206,10.16479,-0.1665583,0.1737123,-0.0332585,0.328204,0.328204,-0.06961748
13207,10.16553,-0.1664691,0.1740666,-0.03332086,0.3275121,0.3275121,-0.06983458
13208,10.16628,-0.1664278,0.1742003,-0.03331814,0.3275326,0.3275326,-0.06984605
13209,10.167,-0.1662702,0.1745145,-0.03344384,0.3268906,0.3268906,-0.07020961
13210,10.16773,-0.1662346,0.1747345,-0.03344147,0.3267206,0.3267206,-0.07004009
13211,10.16852,-0.1661373,0.1750012,-0.03350302,0.3256938,0.3256938,-0.07081887
13212,10.16925,-0.1660338,0.1751811,-0.03356412,0.3255223,0.3255223,-0.07073637
13213,10.17004,-0.1659358,0.1754472,-0.03362544,0.3249676,0.3249676,-0.07032878
13214,10.17077,-0.165899,0.1756666,-0.03362294,0.3244211,0.3244211,-0.06997406
13215,10.17148,-0.1658347,0.1758858,-0.03375443,0.3235941,0.3235941,-0.07112037
13216,10.17218,-0.1657491,0.1761513,-0.03374854,0.3231813,0.3231813,-0.07102549
13217,10.17288,-0.1656977,0.1763703,-0.03381295,0.3245975,0.3245975,-0.07093585
13218,10.1736,-0.1655978,0.1766352,-0.03387387,0.3233553,0.3233553,-0.07056922
13219,10.17436,-0.1655544,0.1767676,-0.03387085,0.3230607,0.3230607,-0.07045635
13220,10.17514,-0.1654586,0.1771184,-0.03393201,0.3230265,0.3230265,-0.07016587
13221,10.17593,-0.1654013,0.1772505,-0.03399576,0.3237421,0.3237421,-0.0691689
13222,10.17681,-0.1652998,0.1775146,-0.03405639,0.3224568,0.3224568,-0.06996194
13223,10.17759,-0.1651537,0.1779101,-0.03411381,0.3219505,0.3219505,-0.06980248
13224,10.17839,-0.1651094,0.1780419,-0.03411065,0.3217752,0.3217752,-0.06971623
13225,10.17916,-0.1650067,0.178305,-0.03417097,0.3200951,0.3200951,-0.06782269
13226,10.17993,-0.1648995,0.1784819,-0.03423093,0.3164353,0.3164353,-0.06820054
13227,10.18066,-0.1648627,0.1787852,-0.03422828,0.3132853,0.3132853,-0.06845847
13228,10.18352,-0.1645005,0.1796165,-0.03440461,0.30898,0.30898,-0.06213813
13229,10.18431,-0.1644444,0.179833,-0.03446798,0.3088136,0.3088136,-0.06205729
13230,10.18511,-0.1644019,0.1800494,-0.03446485,0.3102379,0.3102379,-0.06304292
13231,10.18586,-0.1642928,0.1802247,-0.0345242,0.301456,0.301456,-0.06172606
13232,10.18661,-0.1643021,0.1804818,-0.03452489,0.3013403,0.3013403,-0.06177414
13233,10.18738,-0.1641461,0.180787,-0.03458075,0.3030019,0.3030019,-0.0576607
13234,10.18813,-0.1640333,0.180876,-0.03463961,0.3028365,0.3028365,-0.05758092
13235,10.18889,-0.1639782,0.1811771,-0.03470284,0.296057,0.296057,-0.0569558
13236,10.18966,-0.1639809,0.1812627,-0.03470304,0.2958973,0.2958973,-0.05687854
13237,10.19042,-0.163887,0.1815224,-0.03469598,0.2913059,0.2913059,-0.05661463
13238,10.19129,-0.1637762,0.1816964,-0.03475485,0.2890942,0.2890942,-0.05598632
13239,10.19212,-0.1637313,0.1819113,-0.03475145,0.286883,0.286883,-0.05034797
13240,10.19293,-0.1636743,0.1822117,-0.03481435,0.2843318,0.2843318,-0.05012242
13241,10.19651,-0.1633105,0.1831158,-0.03492079,0.2742585,0.2742585,-0.04394129
13242,10.19733,-0.1632622,0.1832446,-0.03491707,0.2741056,0.2741056,-0.04391
13243,10.19808,-0.1631511,0.1835021,-0.03497555,0.2690041,0.2690041,-0.04359378
13244,10.1988,-0.1631025,0.1836307,-0.03497179,0.2634297,0.2634297,-0.04205863
13245,10.19952,-0.1630049,0.1838877,-0.03496425,0.2623085,0.2623085,-0.04187453
13246,10.2002,-0.1630062,0.1839728,-0.03496435,0.2622659,0.2622659,-0.04186452
13247,10.20114,-0.162894,0.1842294,-0.0350226,0.2582961,0.2582961,-0.03343751
13248,10.20194,-0.1628458,0.1844427,-0.03501886,0.2589008,0.2589008,-0.03340496
13249,10.20267,-0.1627823,0.1845707,-0.03508086,0.2580221,0.2580221,-0.03234825
13250,10.20336,-0.1627328,0.1846988,-0.03507699,0.2579203,0.2579203,-0.03229272
13251,10.20416,-0.1626841,0.1849116,-0.03507319,0.2526371,0.2526371,-0.03249982
13252,10.20493,-0.1625839,0.1850824,-0.03506536,0.250408,0.250408,-0.03275121
13253,10.20567,-0.1624836,0.1852529,-0.03505752,0.2483436,0.2483436,-0.03162652
13254,10.20653,-0.1624341,0.1854652,-0.03505366,0.2430225,0.2430225,-0.03159409
13255,10.20724,-0.1623698,0.1855927,-0.03511532,0.24298,0.24298,-0.03154785
13256,10.20803,-0.1623199,0.1858049,-0.03511141,0.2434809,0.2434809,-0.02301194
13257,10.20878,-0.1622695,0.1859322,-0.03510745,0.2389814,0.2389814,-0.02286321
13258,10.20951,-0.1621683,0.1861019,-0.03509951,0.2387964,0.2387964,-0.02283007
13259,10.21025,-0.1621177,0.1862289,-0.03509553,0.2388215,0.2388215,-0.0228232
13260,10.21107,-0.162067,0.1864406,-0.03509155,0.2358163,0.2358163,-0.02266647
13261,10.21179,-0.1620161,0.1865675,-0.03508756,0.2309563,0.2309563,-0.02307547
13262,10.21253,-0.1618633,0.1867787,-0.03507556,0.2304509,0.2304509,-0.02039093
13263,10.21321,-0.1618631,0.1868632,-0.03507555,0.2303155,0.2303155,-0.02036865
13264,10.21405,-0.1618116,0.1870743,-0.0350715,0.2274719,0.2274719,-0.02015185
13265,10.21478,-0.1617603,0.1872008,-0.03506747,0.2274768,0.2274768,-0.02014629
13266,10.21563,-0.1616577,0.1873692,-0.03505942,0.2194328,0.2194328,0.006748149
13267,10.21671,-0.1616056,0.1875799,-0.03505533,0.2192071,0.2192071,0.006765516
13268,10.21743,-0.1615027,0.1877478,-0.03504725,0.2171364,0.2171364,0.006793872
13269,10.21815,-0.1614508,0.1878739,-0.03504318,0.2128783,0.2128783,0.006399158
13270,10.21894,-0.1613988,0.1879998,-0.0350391,0.2106794,0.2106794,0.006711812
13271,10.21974,-0.1613468,0.1881258,-0.03503501,0.2106352,0.2106352,0.006720304
13272,10.22053,-0.1612937,0.1883358,-0.03503084,0.2058646,0.2058646,0.006478539
13273,10.2215,-0.1611899,0.188503,-0.0350227,0.2056933,0.2056933,0.00649909
13274,10.22223,-0.1611376,0.1886286,-0.03501859,0.2034904,0.2034904,0.00658265
13275,10.22296,-0.1610336,0.1887954,-0.03501042,0.2043845,0.2043845,0.006471619
13276,10.22374,-0.1610323,0.1888795,-0.03501033,0.2042564,0.2042564,0.006483767
13277,10.2249,-0.1608753,0.1891713,-0.034998,0.1975322,0.1975322,0.006300689
13278,10.22566,-0.1608238,0.1892124,-0.03499395,0.1975322,0.1975322,0.006300689
13279,10.22641,-0.1607693,0.1894214,-0.03498967,0.1958805,0.1958805,0.006427006
13280,10.22711,-0.1607177,0.1894625,-0.03498562,0.1923895,0.1923895,0.006621398
13281,10.22789,-0.1606629,0.1896712,-0.03498133,0.1868843,0.1868843,0.006276384
13282,10.22863,-0.1606113,0.1897122,-0.03497727,0.1868047,0.1868047,0.006279926
13283,10.22934,-0.1605579,0.1898369,-0.03497308,0.1886782,0.1886782,0.006425934
13284,10.23005,-0.1605045,0.1899616,-0.03496889,0.1845626,0.1845626,0.006374983
13285,10.23078,-0.160401,0.1900432,-0.03496077,0.1844832,0.1844832,0.006378473
13286,10.23152,-0.1603973,0.1902107,-0.03496047,0.1813792,0.1813792,0.006667947
13287,10.23225,-0.1603435,0.1903351,-0.03495625,0.180371,0.180371,0.006391942
13288,10.23298,-0.1602897,0.1904594,-0.03495203,0.1790124,0.1790124,0.006512975
13289,10.23384,-0.1601861,0.1905406,-0.03494389,0.1789342,0.1789342,0.006516329
13290,10.23456,-0.1601817,0.1907079,-0.03494355,0.1755404,0.1755404,0.006286301
13291,10.23526,-0.160078,0.1907888,-0.03493541,0.174431,0.174431,0.006344772
13292,10.23597,-0.1600734,0.190956,-0.03493505,0.1703403,0.1703403,0.006170554
13293,10.23678,-0.1600215,0.1909964,-0.03493097,0.1702252,0.1702252,0.00618059
13294,10.23757,-0.1599152,0.1911606,-0.03492263,0.1693506,0.1693506,0.005944098
13295,10.23833,-0.1599648,0.1912038,-0.03492652,0.1673436,0.1673436,0.006040786
13296,10.23908,-0.1598696,0.1913678,-0.03486648,0.1664254,0.1664254,0.006169085
13297,10.23979,-0.1597655,0.1914482,-0.03485834,0.166352,0.166352,0.006172154
13298,10.24054,-0.1597108,0.1915717,-0.03485406,0.1622248,0.1622248,0.005795154
13299,10.24141,-0.1597055,0.1917385,-0.03485365,0.1616665,0.1616665,0.005851128
13300,10.24214,-0.1596012,0.1918185,-0.03484549,0.1607631,0.1607631,0.00597669
13301,10.2429,-0.1595463,0.1919418,-0.0348412,0.1585031,0.1585031,0.006030205
13302,10.24367,-0.1595434,0.1920251,-0.03484098,0.1584633,0.1584633,0.006036569
13303,10.24441,-0.1594883,0.1921483,-0.03483667,0.1572026,0.1572026,0.005838602
13304,10.24521,-0.1593976,0.1922279,-0.03476542,0.1524872,0.1524872,0.005417129
13305,10.24605,-0.1593424,0.1923509,-0.03476113,0.1523346,0.1523346,0.00754677
13306,10.24679,-0.1593393,0.1924341,-0.03476088,0.1522957,0.1522957,0.007552824
13307,10.24762,-0.1592839,0.192557,-0.03475657,0.1500618,0.1500618,0.007319571
13308,10.24837,-0.1592808,0.1926402,-0.03475633,0.1480886,0.1480886,0.007209047
13309,10.24915,-0.1591728,0.1928025,-0.03474794,0.1479239,0.1479239,0.007127609
13310,10.24987,-0.1591205,0.1928421,-0.03474386,0.1479532,0.1479532,0.007131365
13311,10.25061,-0.1590648,0.1929646,-0.03473953,0.1457094,0.1457094,0.007036889
13312,10.25134,-0.1590614,0.1930477,-0.03473927,0.1458119,0.1458119,0.007211172
13313,10.25211,-0.1589565,0.1931265,-0.03473111,0.144479,0.144479,0.007105446
13314,10.25286,-0.1589006,0.1932489,-0.03472676,0.1443786,0.1443786,0.007113216
13315,10.25356,-0.1589111,0.1933319,-0.03466239,0.1435836,0.1435836,0.007202608
13316,10.25428,-0.1588061,0.1934104,-0.03465426,0.1392232,0.1392232,0.007992263
13317,10.25498,-0.15875,0.1935326,-0.03464992,0.1388602,0.1388602,0.01364173
13318,10.25568,-0.1587989,0.1935763,-0.0346537,0.1388251,0.1388251,0.01364705
13319,10.25645,-0.15869,0.1937375,-0.03464528,0.1338415,0.1338415,0.01333905
13320,10.25717,-0.15869,0.1937375,-0.03464528,0.1341334,0.1341334,0.01341422
13321,10.25785,-0.1585848,0.1938157,-0.03463715,0.1340734,0.1340734,0.01341381
13322,10.25861,-0.158581,0.1938985,-0.03463685,0.1320716,0.1320716,0.01335789
13323,10.25935,-0.1585772,0.1939813,-0.03463655,0.129468,0.129468,0.01320831
13324,10.26007,-0.1584679,0.1941421,-0.0346281,0.129424,0.129424,0.01326733
13325,10.2611,-0.158464,0.1942248,-0.03462779,0.1274637,0.1274637,0.01307586
13326,10.26183,-0.1584113,0.1942637,-0.03462372,0.127407,0.127407,0.01307533
13327,10.26256,-0.1583545,0.1943852,-0.03461932,0.1271524,0.1271524,0.004780154
13328,10.26331,-0.1583018,0.1944241,-0.03461524,0.1255809,0.1255809,0.004863769
13329,10.26414,-0.1582976,0.1945067,-0.03461492,0.1221185,0.1221185,0.004578221
13330,10.26488,-0.1582407,0.1946281,-0.03461052,0.1224872,0.1224872,0.004620661
13331,10.26564,-0.1582365,0.1947107,-0.03461019,0.1224323,0.1224323,0.004622808
13332,10.26849,-0.1580693,0.1949918,-0.03459726,0.1164871,0.1164871,0.004210069
13333,10.26935,-0.1579636,0.1950689,-0.03458907,0.1157599,0.1157599,0.004147866
13334,10.27013,-0.158012,0.1951129,-0.03459282,0.112739,0.112739,0.004364938
13335,10.27094,-0.1579062,0.1951898,-0.03458464,0.111565,0.111565,0.004254751
13336,10.27171,-0.1579017,0.1952723,-0.03458429,0.1115366,0.1115366,0.004259183
13337,10.27246,-0.1578488,0.1953107,-0.03458019,0.1081879,0.1081879,0.00412624
13338,10.2733,-0.1578442,0.1953931,-0.03457984,0.1040958,0.1040958,0.003721331
13339,10.27402,-0.15778,0.1954315,-0.03462675,0.09915172,0.09915172,0.003661366
13340,10.27472,-0.1578284,0.1954755,-0.0346305,0.09917163,0.09917163,0.003678888
13341,10.27558,-0.1577707,0.1955963,-0.03462603,0.09666075,0.09666075,0.005510893
13342,10.27633,-0.1577177,0.1956345,-0.03462191,0.0953699,0.0953699,0.005497774
13343,10.27707,-0.1576647,0.1956728,-0.03461779,0.09502012,0.09502012,0.00546554
13344,10.27777,-0.1576462,0.1957552,-0.03467985,0.09173343,0.09173343,0.003323656
13345,10.27851,-0.1575932,0.1957933,-0.03467571,0.09169268,0.09169268,0.003325264
13346,10.27936,-0.1575402,0.1958315,-0.03467157,0.09175032,0.09175032,0.003384505
13347,10.28015,-0.1575353,0.1959137,-0.03467119,0.08717997,0.08717997,0.003487353
13348,10.28104,-0.1575353,0.1959137,-0.03467119,0.08393349,0.08393349,0.003134425
13349,10.28179,-0.1574773,0.1960341,-0.03466666,0.07979884,0.07979884,0.002869037
13350,10.28267,-0.1574773,0.1960341,-0.03466666,0.07976342,0.07976342,0.002870432
13351,10.28334,-0.1574242,0.1960722,-0.03466251,0.07985499,0.07985499,0.002880405
13352,10.28413,-0.1574723,0.1961164,-0.03466627,0.07627938,0.07627938,0.002495883
13353,10.28487,-0.1574192,0.1961544,-0.03466212,0.07181767,0.07181767,-4.886044E-05
13354,10.28559,-0.1574192,0.1961544,-0.03466212,0.07181767,0.07181767,-4.886044E-05
13355,10.28629,-0.1574142,0.1962367,-0.03466173,0.07162199,0.07162199,0.002567162
13356,10.287,-0.1573611,0.1962746,-0.03465758,0.06797876,0.06797876,0.002331863
13357,10.28779,-0.1573611,0.1962746,-0.03465758,0.06628998,0.06628998,0.002258167
13358,10.28843,-0.1573611,0.1962746,-0.03465758,0.06628998,0.06628998,0.002258167
13359,10.28906,-0.1573079,0.1963125,-0.03465343,0.06264246,0.06264246,0.00186334
13360,10.28987,-0.1573079,0.1963125,-0.03465343,0.05869583,0.05869583,0.001788828
13361,10.29063,-0.1572548,0.1963505,-0.03464928,0.05867091,0.05867091,0.001789861
13362,10.29144,-0.1573029,0.1963947,-0.03465303,0.05221192,0.05221192,0.002087681
13363,10.29224,-0.1573029,0.1963947,-0.03465303,0.05221192,0.05221192,0.002087681
13364,10.29293,-0.1572497,0.1964326,-0.03464888,0.04643809,0.04643809,0.00145814
13365,10.29368,-0.1572497,0.1964326,-0.03464888,0.04643809,0.04643809,0.00145814
13366,10.29435,-0.1572497,0.1964326,-0.03464888,0.04643809,0.04643809,0.00145814
13367,10.29498,-0.1572497,0.1964326,-0.03464888,0.04575496,0.04575496,0.001383238
13368,10.29563,-0.1572497,0.1964326,-0.03464888,0.04575496,0.04575496,0.001383238
13369,10.29627,-0.1571825,0.1964705,-0.0347081,0.04198049,0.04198049,0.0009769921
13370,10.29701,-0.1571825,0.1964705,-0.0347081,0.04049238,0.04049238,-0.002149726
13371,10.29767,-0.1571825,0.1964705,-0.0347081,0.04049238,0.04049238,-0.002149726
13372,10.2983,-0.1571825,0.1964705,-0.0347081,0.0387581,0.0387581,-0.002341024
13373,10.29893,-0.1571825,0.1964705,-0.0347081,0.02007562,0.02007562,-0.0007481703
13374,10.29964,-0.1571825,0.1964705,-0.0347081,0.02007562,0.02007562,-0.0007481703
13375,10.30034,-0.1571825,0.1964705,-0.0347081,0.02007562,0.02007562,-0.0007481703
13376,10.30124,-0.1571825,0.1964705,-0.0347081,0.02007562,0.02007562,-0.0007481703
13377,10.302,-0.1571825,0.1964705,-0.0347081,0.02007562,0.02007562,-0.0007481703
13378,10.30265,-0.1571825,0.1964705,-0.0347081,0.02007562,0.02007562,-0.0007481703
13379,10.30331,-0.1571293,0.1965083,-0.03470392,0.01089334,0.01089334,-0.001758992
13380,10.30403,-0.1571293,0.1965083,-0.03470392,0.01089334,0.01089334,-0.001758992
13381,10.30467,-0.1571293,0.1965083,-0.03470392,0.01089334,0.01089334,-0.001758992
13382,10.30529,-0.1571293,0.1965083,-0.03470392,0.01089334,0.01089334,0.00120258
13383,10.3059,-0.1571293,0.1965083,-0.03470392,0.01089334,0.01089334,0.00120258
13384,10.30655,-0.1571293,0.1965083,-0.03470392,0.01089334,0.01089334,0.00120258
13385,10.30721,-0.1571293,0.1965083,-0.03470392,0.01089334,0.01089334,0.00120258
13386,10.30789,-0.1571293,0.1965083,-0.03470392,0.01089334,0.01089334,0.00120258
13387,10.30852,-0.1571293,0.1965083,-0.03470392,0.01089334,0.01089334,0.00120258
13388,10.3092,-0.1571293,0.1965083,-0.03470392,0.01089334,0.01089334,0.00120258
13389,10.30985,-0.1571293,0.1965083,-0.03470392,0.01089334,0.01089334,0.00120258
13390,10.31048,-0.1571293,0.1965083,-0.03470392,0.01089334,0.01089334,0.00120258
13391,10.3111,-0.1570908,0.196473,-0.0347009,0.001801211,0.001801211,-0.0001536311
13392,10.31189,-0.1570908,0.196473,-0.0347009,0.001801211,0.001801211,-0.0001536311
13393,10.31255,-0.1570908,0.196473,-0.0347009,0.001801211,0.001801211,-0.0001536311
13394,10.31318,-0.1570438,0.1964296,-0.03469721,0,0,0
13395,10.31396,-0.1570863,0.1963993,-0.03470055,0.002140774,0.002140774,0.0002360683
13396,10.3147,-0.1570863,0.1963993,-0.03470055,0.002140774,0.002140774,0.0002360683
13397,10.31536,-0.1570383,0.1963552,-0.03469678,-0.001512136,-0.001512136,0.0005481364
13398,10.31618,-0.1570383,0.1963552,-0.03469678,-0.001512136,-0.001512136,0.0005481364
13399,10.31689,-0.1570423,0.196274,-0.03469709,-0.005102676,-0.005102676,0.0004364413
13400,10.31767,-0.1570423,0.196274,-0.03469709,-0.005102676,-0.005102676,0.0004364413
13401,10.31829,-0.1570472,0.196192,-0.03469748,-0.005099803,-0.005099803,0.0004366467
13402,10.31901,-0.1570472,0.196192,-0.03469748,-0.01126936,-0.01126936,2.534204E-05
13403,10.31968,-0.1570472,0.196192,-0.03469748,-0.01126936,-0.01126936,2.534204E-05
13404,10.32036,-0.1570522,0.19611,-0.03469787,-0.01307044,-0.01307044,-0.000172137
13405,10.32141,-0.1570522,0.19611,-0.03469787,-0.03047718,-0.03047718,0.001319776
13406,10.32203,-0.1570572,0.196028,-0.03469826,-0.03219902,-0.03219902,0.001208672
13407,10.32275,-0.1570572,0.196028,-0.03469826,-0.03219902,-0.03219902,0.001208672
13408,10.32337,-0.1570621,0.1959459,-0.03469865,-0.0458984,-0.0458984,-3.272778E-05
13409,10.32408,-0.1570621,0.1959459,-0.03469865,-0.0458984,-0.0458984,-3.272778E-05
13410,10.32473,-0.1570621,0.1959459,-0.03469865,-0.0458984,-0.0458984,-3.272778E-05
13411,10.32539,-0.1570669,0.1958639,-0.03469903,-0.04527885,-0.04527885,-1.481863E-05
13412,10.32615,-0.15712,0.1958259,-0.03470319,-0.04529328,-0.04529328,-1.396549E-05
13413,10.32693,-0.1571247,0.1957438,-0.03470356,-0.04852436,-0.04852436,-0.0002830862
13414,10.32768,-0.1571247,0.1957438,-0.03470356,-0.04852436,-0.04852436,-0.0002830862
13415,10.32833,-0.1571295,0.1956617,-0.03470394,-0.04955408,-0.04955408,-0.000374806
13416,10.32906,-0.1571295,0.1956617,-0.03470394,-0.04955408,-0.04955408,-0.000374806
13417,10.32971,-0.1571342,0.1955796,-0.03470431,-0.04955653,-0.04955653,-0.0003728087
13418,10.33047,-0.1571872,0.1955415,-0.03470847,-0.05048808,-0.05048808,-0.000381542
13419,10.33119,-0.1571389,0.1954976,-0.03470468,-0.05047321,-0.05047321,-0.000380448
13420,10.33196,-0.1571435,0.1954155,-0.03470504,-0.05564209,-0.05564209,-0.0008378723
13421,10.33268,-0.1571964,0.1953773,-0.03470919,-0.05569049,-0.05569049,-0.0007867737
13422,10.33342,-0.157201,0.1952952,-0.03470955,-0.05712093,-0.05712093,-0.0009393622
13423,10.33417,-0.157201,0.1952952,-0.03470955,-0.05712093,-0.05712093,-0.0009393622
13424,10.3348,-0.1572055,0.195213,-0.0347099,-0.05771072,-0.05771072,-0.000871036
13425,10.33555,-0.1572584,0.1951748,-0.03471406,-0.05805372,-0.05805372,-0.0008765796
13426,10.33628,-0.1572629,0.1950926,-0.03471441,-0.06128739,-0.06128739,-0.001152206
13427,10.33702,-0.1572673,0.1950105,-0.03471475,-0.06129497,-0.06129497,-0.001149735
13428,10.33777,-0.1572717,0.1949284,-0.0347151,-0.06478412,-0.06478412,-0.001307021
13429,10.33856,-0.1572717,0.1949284,-0.0347151,-0.06683762,-0.06683762,-0.001206335
13430,10.33934,-0.1573288,0.1948078,-0.03471958,-0.06859381,-0.06859381,-0.001214138
13431,10.34013,-0.1573331,0.1947256,-0.03471992,-0.07434828,-0.07434828,-0.001560039
13432,10.34103,-0.1573373,0.1946435,-0.03472025,-0.07435852,-0.07435852,-0.001557042
13433,10.34182,-0.1573414,0.1945612,-0.03472058,-0.0764276,-0.0764276,-0.001519168
13434,10.34257,-0.1573942,0.1945227,-0.03472472,-0.07772654,-0.07772654,-0.001380893
13435,10.34335,-0.1573984,0.1944405,-0.03472504,-0.07952042,-0.07952042,-0.001474102
13436,10.34685,-0.1575197,0.1940342,-0.03473457,-0.08694658,-0.08694658,-0.001523738
13437,10.34766,-0.1575235,0.193952,-0.03473487,-0.09331586,-0.09331586,-0.002186666
13438,10.34843,-0.15758,0.1938309,-0.0347393,-0.09303971,-0.09303971,-0.002097386
13439,10.35119,-0.1576363,0.1937097,-0.03474372,-0.09937996,-0.09937996,-0.002265266
13440,10.35198,-0.1576473,0.1934627,-0.03474459,-0.1016079,-0.1016079,-0.002138419
13441,10.3527,-0.1577033,0.1933414,-0.03474898,-0.1016128,-0.1016128,-0.002235868
13442,10.35341,-0.1577068,0.193259,-0.03474926,-0.1030853,-0.1030853,-0.0023428
13443,10.35422,-0.1577627,0.1931376,-0.03475365,-0.1088051,-0.1088051,-0.002331784
13444,10.35492,-0.1578151,0.1930985,-0.03475776,-0.1088477,-0.1088477,-0.002329767
13445,10.35561,-0.1578185,0.1930161,-0.03475803,-0.1071282,-0.1071282,-0.00248198
13446,10.35634,-0.1578742,0.1928945,-0.0347624,-0.1142672,-0.1142672,-0.002878182
13447,10.35712,-0.1578775,0.192812,-0.03476266,-0.1142862,-0.1142862,-0.002873572
13448,10.35796,-0.1579331,0.1926903,-0.03476702,-0.1152027,-0.1152027,-0.002939359
13449,10.35877,-0.1579916,0.192486,-0.03477162,-0.1179445,-0.1179445,-0.003152727
13450,10.35958,-0.1579916,0.192486,-0.03477162,-0.1199234,-0.1199234,-0.003094833
13451,10.36028,-0.1580991,0.1923247,-0.03478006,-0.1210748,-0.1210748,-0.003389
13452,10.36122,-0.1581051,0.1921595,-0.03478052,-0.1228671,-0.1228671,-0.003298108
13453,10.36194,-0.1581573,0.19212,-0.03478462,-0.1228888,-0.1228888,-0.003293155
13454,10.36274,-0.1582123,0.1919979,-0.03478894,-0.1242394,-0.1242394,-0.003377915
13455,10.36355,-0.1582151,0.1919153,-0.03478916,-0.1270106,-0.1270106,-0.003661391
13456,10.36431,-0.1582207,0.19175,-0.0347896,-0.1322042,-0.1322042,-0.004026354
13457,10.36506,-0.1583248,0.1916706,-0.03479777,-0.1322598,-0.1322598,-0.004023913
13458,10.36576,-0.1583301,0.1915053,-0.03479819,-0.1344077,-0.1344077,-0.003898124
13459,10.36648,-0.1583821,0.1914655,-0.03480228,-0.1357502,-0.1357502,-0.003935282
13460,10.36729,-0.1584391,0.1912602,-0.03480675,-0.1346821,-0.1346821,-0.00401796
13461,10.36804,-0.1584911,0.1912203,-0.03481083,-0.1346821,-0.1346821,-0.00401796
13462,10.36878,-0.1584959,0.1910548,-0.03481121,-0.137206,-0.137206,-0.003918992
13463,10.36953,-0.1585502,0.190932,-0.03481546,-0.1419035,-0.1419035,-0.003985911
13464,10.37029,-0.1586043,0.1908092,-0.03481972,-0.1412363,-0.1412363,-0.004043757
13465,10.37102,-0.1586065,0.1907264,-0.03481989,-0.1412629,-0.1412629,-0.004038063
13466,10.37173,-0.1587123,0.1905632,-0.0348282,-0.1447321,-0.1447321,-0.004179998
13467,10.37254,-0.1587144,0.1904804,-0.03482836,-0.1495815,-0.1495815,-0.004616278
13468,10.37324,-0.1587184,0.1903146,-0.03482867,-0.149475,-0.149475,-0.004303344
13469,10.37409,-0.1588219,0.1902341,-0.0348368,-0.149565,-0.149565,-0.004294508
13470,10.37486,-0.1588774,0.1900278,-0.03484116,-0.1528298,-0.1528298,-0.004584914
13471,10.37559,-0.158929,0.1899875,-0.03484521,-0.1544901,-0.1544901,-0.004433455
13472,10.37641,-0.1589843,0.189781,-0.03484954,-0.1566146,-0.1566146,-0.00458781
13473,10.37716,-0.1589859,0.189698,-0.03484967,-0.1566794,-0.1566794,-0.004584857
13474,10.37788,-0.1590392,0.1895744,-0.03485385,-0.1553073,-0.1553073,-0.004457286
13475,10.37858,-0.1590923,0.1894508,-0.03485802,-0.1581742,-0.1581742,-0.004471347
13476,10.37928,-0.1591968,0.1892864,-0.03486623,-0.1594937,-0.1594937,-0.004499496
13477,10.37996,-0.1591983,0.1892032,-0.03486634,-0.1595887,-0.1595887,-0.004490032
13478,10.38073,-0.1593039,0.1889554,-0.03487463,-0.1620101,-0.1620101,-0.004647759
13479,10.38158,-0.1593553,0.1889146,-0.03487867,-0.1658163,-0.1658163,-0.004924166
13480,10.38234,-0.1593577,0.1887481,-0.03487886,-0.1660861,-0.1660861,-0.004878935
13481,10.38306,-0.1594102,0.1886239,-0.03488298,-0.1661868,-0.1661868,-0.004869074
13482,10.38379,-0.1595139,0.1884587,-0.03489112,-0.1682577,-0.1682577,-0.004928354
13483,10.38455,-0.1595149,0.1883754,-0.0348912,-0.1706966,-0.1706966,-0.005228393
13484,10.38528,-0.159568,0.1881677,-0.03489537,-0.1736675,-0.1736675,-0.005093741
13485,10.38602,-0.1595688,0.1880843,-0.03489543,-0.1737009,-0.1737009,-0.005086742
13486,10.38674,-0.1596727,0.1878352,-0.03490359,-0.1738323,-0.1738323,-0.005073865
13487,10.38745,-0.1597239,0.187794,-0.03490761,-0.1765421,-0.1765421,-0.005107818
13488,10.38817,-0.1597757,0.1876692,-0.03491167,-0.1766145,-0.1766145,-0.005104421
13489,10.38887,-0.1598784,0.187503,-0.03491974,-0.1767505,-0.1767505,-0.005475648
13490,10.38965,-0.15993,0.187378,-0.03492379,-0.1789196,-0.1789196,-0.005364472
13491,10.39036,-0.1599818,0.1871695,-0.03492785,-0.1832132,-0.1832132,-0.005659603
13492,10.39112,-0.1600328,0.1871279,-0.03493186,-0.1832895,-0.1832895,-0.005656063
13493,10.39182,-0.1601352,0.1868774,-0.0349399,-0.1824203,-0.1824203,-0.005706173
13494,10.39254,-0.1601354,0.1867938,-0.03493991,-0.1873036,-0.1873036,-0.005971533
13495,10.39334,-0.1601866,0.1865848,-0.03494393,-0.1891936,-0.1891936,-0.005901693
13496,10.39415,-0.1602374,0.1864593,-0.03494792,-0.1893511,-0.1893511,-0.005894355
13497,10.3949,-0.1603248,0.1862918,-0.03502061,-0.1895629,-0.1895629,-0.005954613
13498,10.39568,-0.1603247,0.1862081,-0.0350206,-0.1897156,-0.1897156,-0.006653947
13499,10.3964,-0.160426,0.1860404,-0.0350286,-0.190397,-0.190397,-0.006639143
13500,10.3971,-0.1605271,0.1858725,-0.03503657,-0.1905152,-0.1905152,-0.006627906
13501,10.3978,-0.160577,0.1856626,-0.03504051,-0.19256,-0.19256,-0.006743917
13502,10.39859,-0.1606782,0.1855782,-0.0350485,-0.1937205,-0.1937205,-0.006638297
13503,10.39933,-0.1607278,0.1853681,-0.03505241,-0.1941203,-0.1941203,-0.006585778
13504,10.40019,-0.160777,0.1851578,-0.0350563,-0.200277,-0.200277,-0.007181062
13505,10.40109,-0.1608268,0.1850314,-0.03506023,-0.2004034,-0.2004034,-0.007169197
13506,10.40183,-0.1609269,0.1848624,-0.03506812,-0.1997518,-0.1997518,-0.006903301
13507,10.40262,-0.1610268,0.1846933,-0.03507601,-0.2040162,-0.2040162,-0.007306037
13508,10.40336,-0.1610753,0.1844824,-0.03507983,-0.2039913,-0.2039913,-0.006468025
13509,10.40412,-0.1611103,0.1843556,-0.03514886,-0.2041604,-0.2041604,-0.006493011
13510,10.40487,-0.1612097,0.1841859,-0.03515675,-0.2073901,-0.2073901,-0.00797528
13511,10.40559,-0.1612587,0.1840589,-0.03516063,-0.2062942,-0.2062942,-0.007876787
13512,10.40633,-0.1613063,0.1838475,-0.03516441,-0.2086005,-0.2086005,-0.007920957
13513,10.40715,-0.161355,0.1837203,-0.03516828,-0.2087733,-0.2087733,-0.007913327
13514,10.408,-0.1614523,0.1834656,-0.03517599,-0.209626,-0.209626,-0.00795179
13515,10.40872,-0.1615508,0.183295,-0.0351838,-0.2139754,-0.2139754,-0.008147521
13516,10.40944,-0.1615991,0.1831674,-0.03518764,-0.2159153,-0.2159153,-0.008318159
13517,10.41014,-0.1616973,0.1829965,-0.03519543,-0.2160973,-0.2160973,-0.008296544
13518,10.41084,-0.1618452,0.1827819,-0.03520715,-0.2197772,-0.2197772,-0.008605503
13519,10.41168,-0.1618912,0.1825694,-0.0352108,-0.2200134,-0.2200134,-0.008590332
13520,10.41249,-0.161939,0.1824414,-0.03521459,-0.2225595,-0.2225595,-0.007499466
13521,10.41324,-0.1620862,0.182226,-0.03522627,-0.2261338,-0.2261338,-0.007718589
13522,10.41397,-0.1621337,0.1820977,-0.03523003,-0.2262785,-0.2262785,-0.007704766
13523,10.41469,-0.1621787,0.1818846,-0.03523361,-0.2236136,-0.2236136,-0.007516001
13524,10.4155,-0.1622614,0.1817122,-0.03530691,-0.2274828,-0.2274828,-0.007713971
13525,10.41628,-0.1624076,0.1814958,-0.03531856,-0.2269348,-0.2269348,-0.01399345
13526,10.41701,-0.1624051,0.1814109,-0.03531836,-0.2269851,-0.2269851,-0.01398406
13527,10.41784,-0.1624987,0.1811532,-0.03532583,-0.227876,-0.227876,-0.01393906
13528,10.41856,-0.1625948,0.1809801,-0.03533349,-0.2292235,-0.2292235,-0.01403144
13529,10.41944,-0.1626907,0.1808068,-0.03534114,-0.2329321,-0.2329321,-0.01426593
13530,10.4202,-0.1628358,0.1805889,-0.03535271,-0.2362757,-0.2362757,-0.01446963
13531,10.42115,-0.1629313,0.1804151,-0.03536032,-0.2364272,-0.2364272,-0.01445681
13532,10.42187,-0.1630235,0.1801559,-0.03536767,-0.2379181,-0.2379181,-0.01470159
13533,10.42258,-0.1630694,0.1800263,-0.03537133,-0.239564,-0.239564,-0.0146391
13534,10.42327,-0.1632134,0.1798072,-0.03538281,-0.2392001,-0.2392001,-0.01475681
13535,10.42408,-0.1632448,0.1796772,-0.03545238,-0.2393549,-0.2393549,-0.01478615
13536,10.42483,-0.1633358,0.1794172,-0.03545967,-0.2408641,-0.2408641,-0.01532246
13537,10.42556,-0.1634827,0.1792826,-0.03547145,-0.2451442,-0.2451442,-0.01563184
13538,10.42631,-0.1635731,0.1790219,-0.0354787,-0.2444795,-0.2444795,-0.01549785
13539,10.42705,-0.1636709,0.1789319,-0.03548653,-0.2447847,-0.2447847,-0.01548832
13540,10.42782,-0.1638623,0.1786658,-0.03550187,-0.247424,-0.247424,-0.01576977
13541,10.42866,-0.1638542,0.1784947,-0.03550122,-0.2504343,-0.2504343,-0.01615765
13542,10.42946,-0.1639962,0.1782732,-0.0355126,-0.2524774,-0.2524774,-0.01616827
13543,10.43021,-0.164138,0.1780514,-0.03552396,-0.2553335,-0.2553335,-0.01640998
13544,10.43096,-0.164231,0.1778746,-0.03553141,-0.2555031,-0.2555031,-0.01639581
13545,10.4317,-0.1643677,0.1775663,-0.03554236,-0.2569188,-0.2569188,-0.01648463
13546,10.43243,-0.1643972,0.1774348,-0.03561232,-0.2566027,-0.2566027,-0.01670413
13547,10.43509,-0.1644894,0.1772575,-0.03561974,-0.2569426,-0.2569426,-0.01672382
13548,10.43595,-0.1649047,0.1765,-0.03565319,-0.2579258,-0.2579258,-0.01690558
13549,10.43673,-0.1649959,0.1763216,-0.03566054,-0.2609953,-0.2609953,-0.01696276
13550,10.43744,-0.1651832,0.1760505,-0.03567563,-0.2624732,-0.2624732,-0.01717752
13551,10.4382,-0.1651634,0.1759642,-0.0357419,-0.2626929,-0.2626929,-0.0172206
13552,10.43891,-0.1653501,0.1756923,-0.03575701,-0.2643065,-0.2643065,-0.01824505
13553,10.43962,-0.1653925,0.1755594,-0.03576044,-0.2674358,-0.2674358,-0.0185576
13554,10.44035,-0.1655786,0.1752867,-0.03577551,-0.26746,-0.26746,-0.01850359
13555,10.44128,-0.1656207,0.1751536,-0.03577891,-0.2675722,-0.2675722,-0.01849992
13556,10.44211,-0.1658061,0.1748801,-0.03579392,-0.2681811,-0.2681811,-0.01866987
13557,10.44307,-0.1659289,0.1746529,-0.03587209,-0.272751,-0.272751,-0.01895759
13558,10.4438,-0.1659704,0.1745193,-0.03587547,-0.2688937,-0.2688937,-0.01946624
13559,10.44454,-0.1661548,0.1742445,-0.03589047,-0.2693558,-0.2693558,-0.01947046
13560,10.44534,-0.1662437,0.1740634,-0.0358977,-0.2696508,-0.2696508,-0.01945158
13561,10.44617,-0.1663733,0.173748,-0.03590824,-0.2709603,-0.2709603,-0.01962194
13562,10.44696,-0.1665485,0.1735587,-0.03599099,-0.2762978,-0.2762978,-0.01992777
13563,10.44776,-0.1666367,0.1733768,-0.0359982,-0.2733266,-0.2733266,-0.02216739
13564,10.44865,-0.1667177,0.1731077,-0.03600482,-0.2766271,-0.2766271,-0.02233012
13565,10.44946,-0.1668526,0.1728777,-0.03601585,-0.2754314,-0.2754314,-0.02226283
13566,10.45023,-0.1669796,0.1727347,-0.0360949,-0.2756619,-0.2756619,-0.02225623
13567,10.45096,-0.1671068,0.1724167,-0.03610535,-0.2759626,-0.2759626,-0.02334841
13568,10.45169,-0.167248,0.172273,-0.03611695,-0.2761765,-0.2761765,-0.0233798
13569,10.45238,-0.1672877,0.1721377,-0.03612022,-0.2764807,-0.2764807,-0.02336136
13570,10.45312,-0.1674066,0.1719062,-0.03619881,-0.2759364,-0.2759364,-0.02355042
13571,10.45389,-0.1675867,0.1716261,-0.03621367,-0.2759824,-0.2759824,-0.02565259
13572,10.45476,-0.1676727,0.171442,-0.03622078,-0.2761366,-0.2761366,-0.02567172
13573,10.4555,-0.1678052,0.1712094,-0.03623172,-0.2760836,-0.2760836,-0.02569821
13574,10.45623,-0.1678908,0.1710249,-0.03623879,-0.2763133,-0.2763133,-0.02569291
13575,10.45693,-0.1680081,0.1707916,-0.03631758,-0.2772703,-0.2772703,-0.0258454
13576,10.45774,-0.1680932,0.1706066,-0.03632465,-0.2765806,-0.2765806,-0.02628811
13577,10.45846,-0.1682794,0.1704119,-0.03634009,-0.27582,-0.27582,-0.02627567
13578,10.45922,-0.1683494,0.1702264,-0.0364152,-0.2762362,-0.2762362,-0.02631172
13579,10.45995,-0.1685267,0.1699429,-0.03642998,-0.2741204,-0.2741204,-0.0301051
13580,10.46065,-0.168573,0.169894,-0.03643385,-0.2758828,-0.2758828,-0.03022562
13581,10.46158,-0.168735,0.1696098,-0.03651673,-0.2755446,-0.2755446,-0.03108407
13582,10.46235,-0.1688188,0.1694234,-0.03652376,-0.2758485,-0.2758485,-0.03106817
13583,10.4632,-0.1689486,0.1691875,-0.03653463,-0.2759433,-0.2759433,-0.03111321
13584,10.46394,-0.1691093,0.168902,-0.03661768,-0.2755812,-0.2755812,-0.03125012
13585,10.46468,-0.1691003,0.1688136,-0.03661692,-0.276589,-0.276589,-0.03339447
13586,10.46543,-0.1692604,0.1685273,-0.03670001,-0.2757224,-0.2757224,-0.03327747
13587,10.46617,-0.1693522,0.1684283,-0.03670778,-0.2759496,-0.2759496,-0.03333228
13588,10.4669,-0.1694348,0.1682405,-0.03671477,-0.2769616,-0.2771908,-0.0347202
13589,10.46769,-0.1695629,0.1680028,-0.0367256,-0.2756571,-0.2756571,-0.03456507
13590,10.4685,-0.1697363,0.167715,-0.03674028,-0.2759849,-0.2759849,-0.03454178
13591,10.46924,-0.1697576,0.1675764,-0.03681194,-0.2760609,-0.2760609,-0.03458598
13592,10.47002,-0.1699253,0.1673765,-0.03689613,-0.2733576,-0.2733576,-0.03424886
13593,10.47078,-0.169961,0.1672377,-0.03689919,-0.2704433,-0.2704433,-0.03800259
13594,10.47155,-0.1701332,0.1669483,-0.03691389,-0.2710653,-0.2710653,-0.03802157
13595,10.47233,-0.1701637,0.1668981,-0.03698654,-0.2712876,-0.2712876,-0.03802143
13596,10.47305,-0.1703354,0.166608,-0.03700128,-0.2722403,-0.2722403,-0.03855433
13597,10.47388,-0.1703555,0.1664686,-0.0370731,-0.2714492,-0.2714492,-0.03845544
13598,10.47462,-0.1705264,0.1661777,-0.03708784,-0.2723599,-0.2723599,-0.04088508
13599,10.47534,-0.1705612,0.1660381,-0.03709083,-0.2726567,-0.2726567,-0.04087223
13600,10.47607,-0.1707269,0.1658357,-0.03717546,-0.2716804,-0.2716804,-0.04076593
13601,10.47679,-0.1707614,0.1656958,-0.03717845,-0.270766,-0.270766,-0.04075718
13602,10.47754,-0.1709159,0.1654034,-0.03726213,-0.2703982,-0.2703982,-0.04273199
13603,10.47829,-0.1710059,0.1653017,-0.03726996,-0.2705807,-0.2705807,-0.04271888
13604,10.47914,-0.1711148,0.1650595,-0.03734995,-0.2689123,-0.2689123,-0.04277455
13605,10.47999,-0.1712383,0.164817,-0.03736075,-0.2682733,-0.2682733,-0.0447596
13606,10.4808,-0.1713912,0.164523,-0.03744467,-0.2644389,-0.2644389,-0.04429882
13607,10.48173,-0.171436,0.1644718,-0.0374486,-0.2671466,-0.2671466,-0.0445386
13608,10.48248,-0.1716034,0.164177,-0.03746331,-0.264132,-0.264132,-0.04447959
13609,10.48318,-0.1716214,0.1640359,-0.03753558,-0.2643433,-0.2643433,-0.04453538
13610,10.48402,-0.171829,0.1637788,-0.03762469,-0.2620316,-0.2620316,-0.0447673
13611,10.48479,-0.1718618,0.1636374,-0.0376276,-0.263812,-0.263812,-0.04789247
13612,10.48552,-0.171939,0.1634443,-0.03763444,-0.2617441,-0.2617441,-0.04771061
13613,10.48623,-0.1720721,0.1632894,-0.03764625,-0.2619184,-0.2619184,-0.04769832
13614,10.48693,-0.172178,0.1630441,-0.03772653,-0.2639287,-0.2639287,-0.04753214
13615,10.48764,-0.1722665,0.1629405,-0.03773442,-0.2609499,-0.2609499,-0.04738259
13616,10.48835,-0.1722834,0.1627986,-0.0378069,-0.2612604,-0.2612604,-0.04738817
13617,10.48909,-0.1725042,0.1625389,-0.03782666,-0.2582631,-0.2582631,-0.04767914
13618,10.48986,-0.1725207,0.1623966,-0.03789924,-0.2586424,-0.2586424,-0.04827322
13619,10.49059,-0.1725964,0.1622022,-0.03790604,-0.2590048,-0.2590048,-0.04843656
13620,10.49129,-0.1727284,0.1620457,-0.03791791,-0.259209,-0.259209,-0.04844062
13621,10.49198,-0.1727884,0.1618509,-0.03799455,-0.2579644,-0.2579644,-0.04858384
13622,10.49271,-0.1728635,0.1616559,-0.03800134,-0.2584786,-0.2584786,-0.0492321
13623,10.49367,-0.1730234,0.1614464,-0.03808705,-0.2584018,-0.2584018,-0.04920483
13624,10.4972,-0.1734336,0.1605959,-0.0382672,-0.256447,-0.256447,-0.05041188
13625,10.49805,-0.1735941,0.1602938,-0.0382819,-0.2555869,-0.2555869,-0.05043352
13626,10.49886,-0.1735807,0.160203,-0.03828066,-0.255785,-0.255785,-0.05043801
13627,10.49968,-0.1737386,0.1599912,-0.03836679,-0.25699,-0.25699,-0.05056945
13628,10.50049,-0.1738826,0.1596881,-0.03845169,-0.2564735,-0.2564735,-0.05004233
13629,10.50135,-0.173969,0.1595818,-0.03845967,-0.2589085,-0.2589085,-0.05360083
13630,10.50209,-0.174069,0.1593311,-0.03854069,-0.2564702,-0.2564702,-0.05218653
13631,10.50281,-0.1741552,0.1592245,-0.03854868,-0.2566673,-0.2566673,-0.05219126
13632,10.5035,-0.1743132,0.1589199,-0.03856334,-0.2563956,-0.2563956,-0.05161942
13633,10.50423,-0.1743265,0.1587752,-0.03863638,-0.2579017,-0.2579017,-0.05234918
13634,10.50494,-0.1744981,0.1585611,-0.03865236,-0.258199,-0.258199,-0.05201261
13635,10.50569,-0.1745266,0.1584162,-0.03865502,-0.2582672,-0.2582672,-0.05199701
13636,10.50643,-0.1746248,0.1581639,-0.03873624,-0.2572778,-0.2572778,-0.0519541
13637,10.50714,-0.1747529,0.1580027,-0.03874823,-0.2575741,-0.2575741,-0.05205822
13638,10.50786,-0.1747226,0.1579112,-0.03881748,-0.2576723,-0.2576723,-0.05206019
13639,10.50862,-0.1748783,0.1576043,-0.03883211,-0.2577197,-0.2577197,-0.05279093
13640,10.50963,-0.1750327,0.1573885,-0.03891883,-0.2583383,-0.2583383,-0.05222836
13641,10.51044,-0.1751451,0.1571346,-0.03892943,-0.2592235,-0.2592235,-0.05229917
13642,10.51131,-0.1752564,0.1569722,-0.03901222,-0.259043,-0.259043,-0.05194852
13643,10.51203,-0.1753681,0.1567178,-0.0390228,-0.2604908,-0.2604908,-0.05196248
13644,10.51278,-0.1754949,0.1565549,-0.03903482,-0.2606868,-0.2606868,-0.0519655
13645,10.5136,-0.175548,0.1563542,-0.0391123,-0.2601354,-0.2601354,-0.05246028
13646,10.51438,-0.1757164,0.1561365,-0.03912833,-0.2601153,-0.2601153,-0.05222073
13647,10.51511,-0.1758111,0.1558808,-0.0392099,-0.2610473,-0.2610473,-0.05279008
13648,10.51584,-0.1758374,0.1557341,-0.03921241,-0.2611152,-0.2611152,-0.05277368
13649,10.51657,-0.1759891,0.1555154,-0.03929956,-0.2661904,-0.2661904,-0.05264708
13650,10.51734,-0.1760568,0.1553137,-0.03930606,-0.2682845,-0.2682845,-0.05326184
13651,10.51804,-0.1762239,0.1550943,-0.0393221,-0.2713164,-0.2713164,-0.0543029
13652,10.51879,-0.1762914,0.1549846,-0.03940131,-0.2715184,-0.2715184,-0.05435704
13653,10.5195,-0.1764258,0.1546722,-0.03948711,-0.2709554,-0.2709554,-0.05338727
13654,10.52027,-0.1765755,0.1543594,-0.03950161,-0.2715951,-0.2715951,-0.05396367
13655,10.52122,-0.1766999,0.1541938,-0.03951365,-0.2725103,-0.2725103,-0.05362839
13656,10.52193,-0.1767914,0.1539353,-0.03959551,-0.2731635,-0.2731635,-0.05394952
13657,10.52265,-0.176816,0.1537874,-0.0395979,-0.2733653,-0.2733653,-0.05395086
13658,10.52342,-0.176907,0.1535285,-0.0396798,-0.273785,-0.273785,-0.05411499
13659,10.52416,-0.1769893,0.1534176,-0.03968783,-0.2747722,-0.2747722,-0.05380654
13660,10.52721,-0.1774559,0.1525082,-0.03987994,-0.2762634,-0.2762634,-0.05360111
13661,10.52818,-0.1775448,0.1522474,-0.03996203,-0.2792036,-0.2792036,-0.05398496
13662,10.52893,-0.177667,0.1520796,-0.03997411,-0.2794062,-0.2794062,-0.05403741
13663,10.52972,-0.1778135,0.1518554,-0.04006201,-0.2836739,-0.2836739,-0.0550504
13664,10.53052,-0.1779418,0.1515376,-0.04014832,-0.2802231,-0.2802231,-0.05556644
13665,10.53129,-0.1780633,0.1513688,-0.04016043,-0.2825162,-0.2825162,-0.05716388
13666,10.53202,-0.1782069,0.1510502,-0.04017474,-0.2862253,-0.2862253,-0.05621594
13667,10.53276,-0.1782473,0.1509938,-0.04017876,-0.2865349,-0.2865349,-0.05621549
13668,10.53353,-0.1783739,0.1506745,-0.04026505,-0.283209,-0.283209,-0.05560435
13669,10.53429,-0.1784782,0.1505048,-0.04034925,-0.2836831,-0.2836831,-0.05636505
13670,10.53504,-0.1785801,0.1502413,-0.04035949,-0.2876576,-0.2876576,-0.05699962
13671,10.53578,-0.1786839,0.1500712,-0.04044377,-0.2878629,-0.2878629,-0.05705262
13672,10.53649,-0.178825,0.1497503,-0.04045802,-0.2873658,-0.2873658,-0.05819349
13673,10.53722,-0.1788885,0.1496365,-0.04053832,-0.2884298,-0.2884298,-0.05819599
13674,10.53794,-0.1789682,0.1495227,-0.0405464,-0.2885323,-0.2885323,-0.05819576
13675,10.53878,-0.1791506,0.1492376,-0.04063895,-0.2884369,-0.2884369,-0.05830295
13676,10.53953,-0.1792341,0.1489724,-0.04072155,-0.2878424,-0.2878424,-0.05991017
13677,10.54039,-0.1793567,0.1486496,-0.04080828,-0.2880912,-0.2880912,-0.06019659
13678,10.54127,-0.1794357,0.148535,-0.04081638,-0.2882637,-0.2882637,-0.06095145
13679,10.542,-0.1795574,0.1482115,-0.04090307,-0.2892598,-0.2892598,-0.06094867
13680,10.54274,-0.179636,0.1480966,-0.04091117,-0.289463,-0.289463,-0.06094841
13681,10.54348,-0.1797374,0.1479242,-0.04099586,-0.2891081,-0.2891081,-0.06167803
13682,10.54423,-0.1798943,0.1476939,-0.04101208,-0.289857,-0.289857,-0.0622606
13683,10.54507,-0.1800143,0.1473688,-0.041099,-0.2900407,-0.2900407,-0.06561228
13684,10.54581,-0.1801148,0.1471956,-0.04118394,-0.290345,-0.290345,-0.06566737
13685,10.54656,-0.1801949,0.1469276,-0.04126684,-0.2906551,-0.2906551,-0.06574097
13686,10.54733,-0.1802727,0.1468118,-0.04127498,-0.2899997,-0.2899997,-0.06674054
13687,10.54807,-0.1804501,0.146522,-0.0413682,-0.289284,-0.289284,-0.06720991
13688,10.54889,-0.1805108,0.1464059,-0.0414492,-0.2895849,-0.2895849,-0.06726453
13689,10.54962,-0.1806449,0.1460787,-0.04146333,-0.2898908,-0.2898908,-0.07219304
13690,10.55037,-0.1807054,0.1459622,-0.04154455,-0.2902487,-0.2902487,-0.07210087
13691,10.55121,-0.1808427,0.1457292,-0.04163394,-0.2905787,-0.2905787,-0.07301401
13692,10.55195,-0.1808987,0.1455176,-0.04163989,-0.2908549,-0.2908549,-0.07299428
13693,10.55269,-0.1810567,0.1452254,-0.04180656,-0.2907045,-0.2907045,-0.07428671
13694,10.55346,-0.181095,0.1451669,-0.04181066,-0.2906519,-0.2906519,-0.07792923
13695,10.55431,-0.1812098,0.1448377,-0.04189799,-0.2906831,-0.2906831,-0.07875138
13696,10.55516,-0.1813284,0.144603,-0.04206095,-0.2906008,-0.2906008,-0.07887663
13697,10.55593,-0.1814425,0.1444268,-0.0420733,-0.2908001,-0.2908001,-0.07893404
13698,10.55669,-0.1815774,0.1441915,-0.04216308,-0.2906113,-0.2906113,-0.08181409
13699,10.55744,-0.181674,0.1440149,-0.04224886,-0.2895926,-0.2895926,-0.08247426
13700,10.55822,-0.1817486,0.1437426,-0.04233227,-0.2891257,-0.2891257,-0.08542026
13701,10.55893,-0.1818618,0.1435656,-0.04234466,-0.2893233,-0.2893233,-0.0854264
13702,10.55966,-0.1819405,0.1433882,-0.04250414,-0.2890764,-0.2890764,-0.08661798
13703,10.56044,-0.1821112,0.1430923,-0.04259843,-0.2863217,-0.2863217,-0.09223419
13704,10.56137,-0.1821264,0.1429374,-0.04260011,-0.2855004,-0.2855004,-0.09207149
13705,10.56213,-0.182279,0.1426407,-0.04276812,-0.285678,-0.285678,-0.09507439
13706,10.56287,-0.1823537,0.1425219,-0.04277645,-0.2859681,-0.2859681,-0.0950885
13707,10.56358,-0.1824456,0.1421881,-0.04293803,-0.2870896,-0.2870896,-0.09523145
13708,10.56431,-0.1825199,0.1420691,-0.04294638,-0.2856972,-0.2856972,-0.09613935
13709,10.56506,-0.182688,0.1417709,-0.04304105,-0.2860006,-0.2860006,-0.09554922
13710,10.56581,-0.1827076,0.1417112,-0.04311907,-0.2861924,-0.2861924,-0.09560863
13711,10.56653,-0.182875,0.1414124,-0.04321384,-0.2864926,-0.2864926,-0.09657235
13712,10.56724,-0.1829681,0.1412328,-0.04330036,-0.2863474,-0.2863474,-0.09990745
13713,10.568,-0.1830977,0.1409932,-0.04339112,-0.2873992,-0.2873992,-0.101027
13714,10.56871,-0.1831536,0.1408732,-0.04347359,-0.2875898,-0.2875898,-0.1010867
13715,10.56941,-0.183227,0.1407532,-0.04348201,-0.2879715,-0.2879715,-0.1008566
13716,10.57013,-0.1833148,0.1404164,-0.04364417,-0.2841235,-0.2841235,-0.1058286
13717,10.57086,-0.1833701,0.1402961,-0.04372676,-0.2843127,-0.2843127,-0.10584
13718,10.57158,-0.1834982,0.1400552,-0.04381784,-0.2845356,-0.2845356,-0.1041343
13719,10.57231,-0.1835895,0.1398743,-0.04390473,-0.2852376,-0.2852376,-0.1062988
13720,10.573,-0.1837169,0.1396328,-0.04399594,-0.2836327,-0.2836327,-0.1073911
13721,10.57374,-0.1837716,0.1395119,-0.04407861,-0.283913,-0.283913,-0.1074572
13722,10.57449,-0.1838804,0.1392699,-0.0442443,-0.2833309,-0.2833309,-0.1086101
13723,10.57521,-0.1839525,0.1391487,-0.04425285,-0.283824,-0.283824,-0.1113695
13724,10.57595,-0.1840427,0.1389669,-0.04434004,-0.2840101,-0.2840101,-0.1113817
13725,10.57664,-0.1841685,0.1387241,-0.04443151,-0.2835337,-0.2835337,-0.1109839
13726,10.57733,-0.1842223,0.1386026,-0.04451452,-0.2822726,-0.2822726,-0.1115857
13727,10.57803,-0.1843832,0.1382985,-0.04461046,-0.2720488,-0.2720488,-0.1155516
13728,10.57879,-0.1844008,0.1382376,-0.04468927,-0.2722336,-0.2722336,-0.1156195
13729,10.57961,-0.1845429,0.1379329,-0.04485988,-0.2730372,-0.2730372,-0.1180206
13730,10.58043,-0.1847024,0.1376276,-0.04495604,-0.2726768,-0.2726768,-0.1177684
13731,10.58134,-0.1847196,0.1375665,-0.04503505,-0.2716738,-0.2716738,-0.1193193
13732,10.5821,-0.1848601,0.1372606,-0.04520605,-0.2716449,-0.2716449,-0.1225832
13733,10.5828,-0.1849124,0.1371381,-0.04528946,-0.2719175,-0.2719175,-0.1226046
13734,10.58357,-0.1849744,0.1368568,-0.04537409,-0.2767241,-0.2767241,-0.1223021
13735,10.5843,-0.1850615,0.1366726,-0.04546198,-0.2744358,-0.2744358,-0.1257022
13736,10.58511,-0.1851833,0.1364268,-0.0455542,-0.2754755,-0.2754755,-0.1254791
13737,10.58589,-0.1852349,0.1363038,-0.04563778,-0.2756539,-0.2756539,-0.125542
13738,10.58663,-0.1853376,0.1360575,-0.04580501,-0.2752326,-0.2752326,-0.1261275
13739,10.58744,-0.1853887,0.1359343,-0.0458887,-0.2755428,-0.2755428,-0.1296404
13740,10.58818,-0.1855253,0.1356258,-0.04606057,-0.2757994,-0.2757994,-0.1284723
13741,10.58893,-0.18556,0.135564,-0.04606498,-0.2759761,-0.2759761,-0.1285342
13742,10.58976,-0.1856958,0.1352549,-0.04623703,-0.2742046,-0.2742046,-0.1305196
13743,10.59055,-0.1857963,0.1350073,-0.04640491,-0.2742845,-0.2742845,-0.131362
13744,10.59129,-0.1858464,0.1348833,-0.04648889,-0.2686804,-0.2686804,-0.1341638
13745,10.59214,-0.185965,0.1346351,-0.04658178,-0.2696633,-0.2696633,-0.1350593
13746,10.59288,-0.1860147,0.1345109,-0.04666576,-0.2698371,-0.2698371,-0.1351237
13747,10.59361,-0.1861479,0.1342001,-0.04683849,-0.2708825,-0.2708825,-0.1381959
13748,10.59434,-0.186182,0.1341379,-0.04684296,-0.2675761,-0.2675761,-0.1353269
13749,10.59511,-0.1863143,0.1338264,-0.04701578,-0.2675649,-0.2675649,-0.1387205
13750,10.59587,-0.1863632,0.1337018,-0.04710004,-0.2678207,-0.2678207,-0.1387921
13751,10.5967,-0.1864606,0.1334521,-0.04726866,-0.2681009,-0.2681009,-0.1391338
13752,10.59744,-0.1865092,0.1333272,-0.04735297,-0.2680157,-0.2680157,-0.1410773
13753,10.59819,-0.1866395,0.1330144,-0.04752627,-0.2684171,-0.2684171,-0.1394597
13754,10.59896,-0.1866539,0.1329518,-0.04760626,-0.2685862,-0.2685862,-0.1395214
13755,10.5998,-0.1867832,0.1326385,-0.04777978,-0.2679084,-0.2679084,-0.1439777
13756,10.60052,-0.1868784,0.1323875,-0.0479489,-0.2671537,-0.2671537,-0.1442438
13757,10.60155,-0.1869924,0.1321362,-0.04804268,-0.2681849,-0.2681849,-0.1480207
13758,10.60243,-0.1870396,0.1320104,-0.04812733,-0.2654326,-0.2654326,-0.1468053
13759,10.60321,-0.1871335,0.1317587,-0.04829678,-0.2652815,-0.2652815,-0.14527
13760,10.604,-0.1872268,0.1315066,-0.04846634,-0.2662501,-0.2662501,-0.1467536
13761,10.60474,-0.1872929,0.1313804,-0.0484755,-0.2663321,-0.2663321,-0.146805
13762,10.60548,-0.1873197,0.1312542,-0.04863601,-0.2650938,-0.2650938,-0.1481341
13763,10.60626,-0.1874316,0.1310014,-0.04873016,-0.2664213,-0.2664213,-0.1503358
13764,10.60747,-0.1875234,0.1307484,-0.04898502,-0.2665546,-0.2665546,-0.1511626
13765,10.60822,-0.1876146,0.1304951,-0.04907011,-0.2659827,-0.2659827,-0.1508624
13766,10.60904,-0.1877054,0.1302414,-0.04924021,-0.2655625,-0.2655625,-0.1514358
13767,10.60976,-0.1877505,0.1301145,-0.04932539,-0.2657231,-0.2657231,-0.1514932
13768,10.61047,-0.1878279,0.129924,-0.0494152,-0.265684,-0.265684,-0.1546044
13769,10.61118,-0.1878728,0.1297968,-0.04950041,-0.2645082,-0.2645082,-0.1525685
13770,10.61387,-0.1879943,0.1294787,-0.04967552,-0.2636181,-0.2636181,-0.1526066
13771,10.6147,-0.1882147,0.128841,-0.05010222,-0.2647209,-0.2647209,-0.155869
13772,10.6155,-0.1882903,0.1286493,-0.05019239,-0.2643096,-0.2643096,-0.1548485
13773,10.61624,-0.1883656,0.1284574,-0.05028257,-0.2644658,-0.2644658,-0.1549026
13774,10.61706,-0.1883999,0.1282654,-0.05052497,-0.2638828,-0.2638828,-0.1543613
13775,10.61777,-0.1884633,0.1281373,-0.0505344,-0.2621491,-0.2621491,-0.1563635
13776,10.61847,-0.1885806,0.1278166,-0.05071033,-0.259085,-0.259085,-0.1551987
13777,10.61924,-0.1885917,0.1277525,-0.05079126,-0.2592363,-0.2592363,-0.1552507
13778,10.61994,-0.1886766,0.1274956,-0.05096259,-0.263116,-0.263116,-0.1569721
13779,10.62073,-0.1887608,0.1272384,-0.05113408,-0.2598822,-0.2598822,-0.1571118
13780,10.62161,-0.1888028,0.1271097,-0.05121982,-0.2622183,-0.2622183,-0.1579391
13781,10.62246,-0.1888863,0.126852,-0.05139143,-0.2578386,-0.2578386,-0.1593083
13782,10.62325,-0.1889278,0.1267231,-0.05147734,-0.2579127,-0.2579127,-0.1593509
13783,10.62401,-0.1890104,0.126465,-0.05164915,-0.2596597,-0.2596597,-0.15993
13784,10.62492,-0.1891418,0.1262352,-0.05182859,-0.2587376,-0.2587376,-0.1595808
13785,10.62571,-0.1892036,0.1261059,-0.05183816,-0.2587697,-0.2587697,-0.1612195
13786,10.6265,-0.1892638,0.125847,-0.05208677,-0.2555651,-0.2555651,-0.1609853
13787,10.62727,-0.1892946,0.1257823,-0.05209156,-0.25571,-0.25571,-0.1610333
13788,10.62809,-0.189354,0.1255231,-0.05234022,-0.2580278,-0.2580278,-0.1613007
13789,10.62882,-0.1894552,0.1252636,-0.05243606,-0.2560314,-0.2560314,-0.1612896
13790,10.62957,-0.1894645,0.1251987,-0.0525174,-0.2563597,-0.2563597,-0.1637751
13791,10.63028,-0.1895346,0.1250038,-0.05260844,-0.2565036,-0.2565036,-0.1638219
13792,10.63099,-0.1895832,0.1248088,-0.05277612,-0.2540895,-0.2540895,-0.1621643
13793,10.63168,-0.1896224,0.1246786,-0.05286241,-0.2526474,-0.2526474,-0.1631648
13794,10.63252,-0.1897006,0.1244182,-0.05303502,-0.2513364,-0.2513364,-0.1621998
13795,10.63336,-0.1898085,0.1242576,-0.05321267,-0.2499038,-0.2499038,-0.1635873
13796,10.63415,-0.1898472,0.1241272,-0.05329905,-0.2500425,-0.2500425,-0.1636319
13797,10.63496,-0.1899241,0.1238661,-0.05347195,-0.250259,-0.250259,-0.1648354
13798,10.6357,-0.1899622,0.1237354,-0.05355844,-0.2514851,-0.2514851,-0.1644153
13799,10.63642,-0.1900382,0.1234739,-0.05373151,-0.2507575,-0.2507575,-0.1650604
13800,10.63711,-0.190076,0.123343,-0.05381803,-0.2508952,-0.2508952,-0.1651035
13801,10.63786,-0.1901215,0.1231466,-0.05398629,-0.2506412,-0.2506412,-0.1648657
13802,10.63865,-0.1901589,0.1230155,-0.05407297,-0.2471363,-0.2471363,-0.165135
13803,10.63946,-0.1902655,0.1228544,-0.05425165,-0.2442248,-0.2442248,-0.1674854
13804,10.64028,-0.1903394,0.1225918,-0.05442502,-0.239687,-0.239687,-0.1676646
13805,10.64125,-0.1903761,0.1224604,-0.05451182,-0.2398857,-0.2398857,-0.1677152
13806,10.64199,-0.1904199,0.1222633,-0.05468048,-0.2410201,-0.2410201,-0.1663562
13807,10.64272,-0.1904563,0.1221317,-0.05476725,-0.237361,-0.237361,-0.1673442
13808,10.64344,-0.1904995,0.1219343,-0.05493597,-0.2376391,-0.2376391,-0.1680748
13809,10.64422,-0.1905355,0.1218025,-0.0550229,-0.2377691,-0.2377691,-0.168117
13810,10.64785,-0.1908848,0.1209496,-0.05573003,-0.2365705,-0.2365705,-0.1708176
13811,10.64877,-0.1909196,0.1208174,-0.05581718,-0.234838,-0.234838,-0.1697679
13812,10.64954,-0.1909602,0.1206188,-0.05598641,-0.2307232,-0.2307232,-0.171348
13813,10.65028,-0.1909947,0.1204863,-0.05607352,-0.2307855,-0.2307855,-0.1713542
13814,10.651,-0.1910967,0.1203231,-0.05625379,-0.2316525,-0.2316525,-0.1710342
13815,10.65176,-0.1911307,0.1201905,-0.05634103,-0.2291656,-0.2291656,-0.1720928
13816,10.65249,-0.1911701,0.1199914,-0.05651055,-0.2291574,-0.2291574,-0.1711615
13817,10.65325,-0.1911756,0.119925,-0.05659273,-0.2292188,-0.2292188,-0.1712218
13818,10.65405,-0.1912426,0.1196592,-0.05676736,-0.2270962,-0.2270962,-0.1709157
13819,10.65479,-0.1912477,0.1195927,-0.05684971,-0.2255428,-0.2255428,-0.1716089
13820,10.65549,-0.1913761,0.1193622,-0.05703548,-0.2269472,-0.2269472,-0.1720769
13821,10.65622,-0.191409,0.119229,-0.05712294,-0.2270679,-0.2270679,-0.1721144
13822,10.65699,-0.1914465,0.1190291,-0.05729278,-0.2254758,-0.2254758,-0.1727905
13823,10.65768,-0.191479,0.1188958,-0.0573802,-0.2255077,-0.2255077,-0.17379
13824,10.65839,-0.191578,0.1187313,-0.05756137,-0.2190759,-0.2190759,-0.1740288
13825,10.6591,-0.1915824,0.1186646,-0.0576439,-0.2190759,-0.2190759,-0.1740543
13826,10.65982,-0.1916188,0.1184642,-0.05781391,-0.2140075,-0.2140075,-0.1738877
13827,10.66055,-0.1916507,0.1183306,-0.05790144,-0.2141639,-0.2141639,-0.173713
13828,10.66155,-0.191725,0.1181656,-0.05816051,-0.2139066,-0.2139066,-0.1750982
13829,10.66231,-0.1917603,0.1179649,-0.05833072,-0.2131754,-0.2131754,-0.1747965
13830,10.66311,-0.191815,0.117831,-0.0583409,-0.2132876,-0.2132876,-0.174832
13831,10.66391,-0.1918498,0.11763,-0.05851121,-0.214256,-0.214256,-0.1749572
13832,10.66469,-0.1918918,0.1175986,-0.05868297,-0.2115219,-0.2115219,-0.1746779
13833,10.66545,-0.1919259,0.1173974,-0.05885342,-0.2062157,-0.2062157,-0.1752223
13834,10.66622,-0.1919801,0.1172632,-0.05886364,-0.2063235,-0.2063235,-0.1752564
13835,10.66696,-0.1920519,0.1170973,-0.05912353,-0.2069116,-0.2069116,-0.1758157
13836,10.66767,-0.1920551,0.1170302,-0.05920618,-0.2065701,-0.2065701,-0.1775937
13837,10.66838,-0.192088,0.1168285,-0.05937682,-0.2032706,-0.2032706,-0.1775011
13838,10.66912,-0.1920937,0.116694,-0.05954241,-0.2034291,-0.2034291,-0.1775404
13839,10.66986,-0.1921881,0.1165277,-0.05972506,-0.2025223,-0.2025223,-0.1778104
13840,10.67058,-0.1922148,0.1164604,-0.0597302,-0.2021669,-0.2021669,-0.1787672
13841,10.67126,-0.1922199,0.1163257,-0.05989587,-0.2023244,-0.2023244,-0.1788275
13842,10.672,-0.1922248,0.1161909,-0.06006149,-0.1999054,-0.1999054,-0.1797118
13843,10.6727,-0.1922271,0.1161235,-0.06014434,-0.1931189,-0.1931189,-0.1791153
13844,10.67352,-0.1923202,0.1159568,-0.06032741,-0.1964829,-0.1964829,-0.1799311
13845,10.67424,-0.1923488,0.1158218,-0.06041551,-0.1965336,-0.1965336,-0.179957
13846,10.67498,-0.1923528,0.1156868,-0.06058131,-0.1915323,-0.1915323,-0.1804474
13847,10.67571,-0.1924432,0.1155873,-0.0606817,-0.1876706,-0.1876706,-0.1793815
13848,10.67643,-0.1924467,0.1154521,-0.06084759,-0.1832294,-0.1832294,-0.1795043
13849,10.67716,-0.1924746,0.1153168,-0.06093579,-0.1833243,-0.1833243,-0.1795358
13850,10.67801,-0.1925152,0.1152172,-0.06119197,-0.1838176,-0.1838176,-0.1803214
13851,10.67881,-0.192544,0.1150141,-0.06136323,-0.181875,-0.181875,-0.1816562
13852,10.67954,-0.1926075,0.1149821,-0.06145876,-0.1798774,-0.1798774,-0.1825088
13853,10.68026,-0.1926098,0.1148466,-0.06162488,-0.1753786,-0.1753786,-0.181986
13854,10.68122,-0.1926109,0.1147788,-0.06170801,-0.1754238,-0.1754238,-0.1820099
13855,10.68194,-0.1927009,0.1146111,-0.06189205,-0.1755148,-0.1755148,-0.1828568
13856,10.68265,-0.1927018,0.1145432,-0.06197514,-0.1712305,-0.1712305,-0.1828141
13857,10.68346,-0.1927039,0.1143396,-0.06222453,-0.1725126,-0.1725126,-0.1845587
13858,10.68426,-0.1927667,0.1143074,-0.0623205,-0.1725569,-0.1725569,-0.1845973
13859,10.68502,-0.1927677,0.1141716,-0.06248688,-0.1661479,-0.1661479,-0.1839228
13860,10.68581,-0.1928563,0.1140034,-0.06267135,-0.1646237,-0.1646237,-0.1840674
13861,10.68655,-0.1928566,0.1139354,-0.06275458,-0.1603414,-0.1603414,-0.1848243
13862,10.68728,-0.1928314,0.1138673,-0.06291576,-0.1604245,-0.1604245,-0.1848543
13863,10.68797,-0.1928936,0.113767,-0.06309514,-0.1590746,-0.1590746,-0.1852973
13864,10.6887,-0.192919,0.1136308,-0.06318381,-0.1573554,-0.1573554,-0.1855812
13865,10.68944,-0.1929809,0.1135304,-0.06336347,-0.1520614,-0.1520614,-0.1865625
13866,10.69027,-0.1929553,0.1135304,-0.0634414,-0.152101,-0.152101,-0.1865841
13867,10.69099,-0.1930164,0.1133618,-0.06370457,-0.148901,-0.148901,-0.187203
13868,10.69172,-0.1930159,0.1132935,-0.06378794,-0.1483141,-0.1483141,-0.1875092
13869,10.69246,-0.1930148,0.1131571,-0.06395464,-0.1432692,-0.1432692,-0.1895108
13870,10.6932,-0.1930141,0.1130889,-0.06403802,-0.1432692,-0.1432692,-0.189523
13871,10.6941,-0.1930488,0.1129882,-0.06429608,-0.1429136,-0.1429136,-0.1893395
13872,10.69486,-0.1930839,0.1129558,-0.0644709,-0.1413409,-0.1413409,-0.1907261
13873,10.69565,-0.193108,0.1128191,-0.06455972,-0.1304496,-0.1304496,-0.1911367
13874,10.69641,-0.1931417,0.1127184,-0.06481812,-0.1356407,-0.1356407,-0.1926877
13875,10.69713,-0.1931405,0.11265,-0.06490161,-0.1356407,-0.1356407,-0.1927104
13876,10.69794,-0.1931736,0.1125491,-0.06516024,-0.1245376,-0.1245376,-0.1930243
13877,10.6987,-0.1931736,0.1125491,-0.06516024,-0.1230219,-0.1230219,-0.1947599
13878,10.69934,-0.1932063,0.1124482,-0.06541898,-0.1209067,-0.1209067,-0.1925928
13879,10.7021,-0.1932082,0.1122102,-0.06592314,-0.1139793,-0.1139793,-0.1957838
13880,10.70298,-0.1932149,0.1121777,-0.06617677,-0.1146238,-0.1146238,-0.1964655
13881,10.70372,-0.1932128,0.1121092,-0.06626035,-0.1060808,-0.1060808,-0.1995336
13882,10.70445,-0.1932727,0.1120767,-0.06635793,-0.1060982,-0.1060982,-0.1996121
13883,10.70522,-0.1932413,0.1119395,-0.0666033,-0.1029088,-0.1029088,-0.1983704
13884,10.70595,-0.1932764,0.1119756,-0.06669544,-0.1019311,-0.1019311,-0.1984598
13885,10.70666,-0.193247,0.111907,-0.06685717,-0.09730714,-0.09730714,-0.2015862
13886,10.70748,-0.1932523,0.1118744,-0.06711116,-0.08811195,-0.08811195,-0.1989382
13887,10.7082,-0.1932497,0.1118058,-0.06719487,-0.08813749,-0.08813749,-0.1989561
13888,10.70895,-0.1932225,0.1118058,-0.06727296,-0.08816796,-0.08816796,-0.2011854
13889,10.70995,-0.1932517,0.1117046,-0.06753273,-0.08107401,-0.08107401,-0.2010166
13890,10.71074,-0.1932834,0.111672,-0.06770892,-0.07853755,-0.07853755,-0.2026442
13891,10.71149,-0.1932874,0.1116395,-0.06796327,-0.07605884,-0.07605884,-0.2063618
13892,10.71225,-0.19326,0.1116395,-0.06804138,-0.07604441,-0.07604441,-0.2064247
13893,10.71301,-0.1932636,0.1116069,-0.06829583,-0.07505382,-0.07505382,-0.2032451
13894,10.71373,-0.1932603,0.1115382,-0.06837965,-0.06784865,-0.06784865,-0.2061345
13895,10.71446,-0.1932326,0.1115382,-0.06845775,-0.06784865,-0.06784865,-0.2061353
13896,10.71521,-0.1932356,0.1115056,-0.06871238,-0.06593811,-0.06593811,-0.2058699
13897,10.71592,-0.1932079,0.1115056,-0.06879042,-0.06178255,-0.06178255,-0.2056761
13898,10.71663,-0.1932383,0.1114731,-0.06896701,-0.05165436,-0.05165436,-0.2089753
13899,10.71734,-0.1931545,0.1114731,-0.06920124,-0.05165436,-0.05165436,-0.2089715
13900,10.71805,-0.1931846,0.1114406,-0.06937797,-0.05151271,-0.05151271,-0.2095029
13901,10.71877,-0.1931565,0.1114406,-0.06945598,-0.04208736,-0.04208736,-0.209132
13902,10.71955,-0.1931581,0.1114081,-0.06971091,-0.03805225,-0.03805225,-0.2086471
13903,10.72028,-0.19313,0.1114081,-0.06978897,-0.03805225,-0.03805225,-0.2086393
13904,10.72115,-0.1931069,0.1114444,-0.07003807,-0.03515279,-0.03515279,-0.2088476
13905,10.72186,-0.1931028,0.1113756,-0.07012196,-0.03515279,-0.03515279,-0.2104
13906,10.72267,-0.1930794,0.1114119,-0.07037117,-0.02665801,-0.02665801,-0.2114646
13907,10.72336,-0.1930509,0.1114119,-0.07044919,-0.02665801,-0.02665801,-0.2114587
13908,10.72411,-0.193027,0.1114483,-0.07069833,-0.02660673,-0.02660673,-0.2123245
13909,10.72494,-0.1929985,0.1114483,-0.07077638,-0.02613607,-0.02613607,-0.2153334
13910,10.72583,-0.1929982,0.1114159,-0.07103161,-0.01007241,-0.01007241,-0.2130764
13911,10.72668,-0.192912,0.1114159,-0.07126553,-0.01013763,-0.01013763,-0.2135631
13912,10.72751,-0.1929159,0.1114524,-0.07143685,-0.01048085,-0.01048085,-0.2158214
13913,10.72829,-0.1929486,0.1114888,-0.0715303,-0.01048085,-0.01048085,-0.2158118
13914,10.72904,-0.1929233,0.1115253,-0.07177968,-0.01010053,-0.01010053,-0.213605
13915,10.72983,-0.1928652,0.1115253,-0.07193553,-0.009765856,-0.009765856,-0.2165654
13916,10.73064,-0.1928685,0.1115619,-0.07210704,-0.00937508,-0.00937508,-0.2164533
13917,10.73137,-0.1928101,0.1115619,-0.0722629,-0.00937508,-0.00937508,-0.2164441
13918,10.73211,-0.1927517,0.1115619,-0.07241867,-0.008868039,-0.008868039,-0.2177284
13919,10.73288,-0.1926931,0.1115619,-0.07257439,-0.009019624,-0.009019624,-0.2173682
13920,10.73361,-0.1926664,0.1115984,-0.07282382,0.02397806,0.02397806,-0.2145291
13921,10.73435,-0.1926984,0.1116351,-0.07291758,0.02399795,0.02399795,-0.2145772
13922,10.73507,-0.1926099,0.1116351,-0.07315105,0.02428499,0.02428499,-0.2150049
13923,10.7358,-0.1926417,0.1116717,-0.07324492,0.02457915,0.02457915,-0.2153535
13924,10.73653,-0.1925824,0.1116717,-0.0734006,0.02444155,0.02444155,-0.215845
13925,10.73738,-0.1925844,0.1117083,-0.07357226,0.02446178,0.02446178,-0.215878
13926,10.73823,-0.1925861,0.111745,-0.07374403,0.02441396,0.02441396,-0.2156964
13927,10.73897,-0.1924966,0.111745,-0.07397737,0.02526045,0.02526045,-0.2163225
13928,10.73973,-0.192498,0.1117817,-0.07414924,0.02524504,0.02524504,-0.2166373
13929,10.74043,-0.1924993,0.1118185,-0.07432104,0.02520863,0.02520863,-0.2170205
13930,10.74145,-0.1924392,0.1118185,-0.07447661,0.02522943,0.02522943,-0.2170686
13931,10.74219,-0.1924703,0.1118553,-0.0745707,0.02508221,0.02508221,-0.2178339
13932,10.74296,-0.1924099,0.1118553,-0.07472619,0.02535719,0.02535719,-0.2154643
13933,10.74373,-0.1923804,0.1118921,-0.07497589,0.02595118,0.02595118,-0.2181541
13934,10.74447,-0.1923501,0.1118921,-0.07505359,0.02595118,0.02595118,-0.2181391
13935,10.7452,-0.1923008,0.111984,-0.07529809,0.02299652,0.02299652,-0.2177043
13936,10.74595,-0.1923314,0.1120209,-0.0753924,0.02283878,0.02283878,-0.218168
13937,10.74671,-0.1922163,0.1120884,-0.07561897,0.02599595,0.02599595,-0.219106
13938,10.74752,-0.1922772,0.1121622,-0.07580781,0.02669712,0.02669712,-0.2176483
13939,10.74825,-0.1922159,0.1121622,-0.07596314,0.02671902,0.02671902,-0.2176962
13940,10.74897,-0.1921913,0.1122679,-0.07612861,0.03315491,0.03315491,-0.2177021
13941,10.74974,-0.1921907,0.1123049,-0.07630078,0.03334665,0.03334665,-0.217149
13942,10.75058,-0.192129,0.1123049,-0.07645605,0.03450201,0.03450201,-0.2180064
13943,10.75141,-0.1921348,0.1124108,-0.07654395,0.03450244,0.03450244,-0.2179486
13944,10.75221,-0.1921028,0.1124479,-0.07679377,0.03646166,0.03646166,-0.2184031
13945,10.75295,-0.1920718,0.1124479,-0.07687136,0.03887869,0.03887869,-0.2202138
13946,10.75369,-0.1920393,0.1124849,-0.07712127,0.03917887,0.03917887,-0.2187202
13947,10.75451,-0.1919823,0.1125909,-0.07736432,0.04082198,0.04082198,-0.2176418
13948,10.75524,-0.1920118,0.1126281,-0.07745908,0.04084779,0.04084779,-0.2176894
13949,10.75597,-0.1919805,0.1126281,-0.07753663,0.05898538,0.05898538,-0.2156459
13950,10.75675,-0.1919543,0.1127341,-0.07770211,0.06209867,0.06209867,-0.2164422
13951,10.75752,-0.1919207,0.1127713,-0.07795214,0.06190461,0.06190461,-0.2153237
13952,10.75828,-0.1918649,0.1128401,-0.07802276,0.06189993,0.06189993,-0.2152765
13953,10.75902,-0.1919232,0.1129147,-0.07821254,0.06232557,0.06232557,-0.2151966
13954,10.75974,-0.1918599,0.1129147,-0.07836764,0.06276114,0.06276114,-0.2153018
13955,10.76048,-0.1918329,0.1130208,-0.07853308,0.06261809,0.06261809,-0.2146895
13956,10.76142,-0.1918299,0.1130581,-0.07870568,0.06261809,0.06261809,-0.2146731
13957,10.76214,-0.1918269,0.1130955,-0.07887822,0.0638456,0.0638456,-0.2148577
13958,10.76295,-0.1917707,0.1131643,-0.07894862,0.06386939,0.06386939,-0.2148711
13959,10.76367,-0.1917959,0.1132392,-0.0792164,0.06599298,0.06599298,-0.2144312
13960,10.76439,-0.1917395,0.1133079,-0.07928679,0.06599298,0.06599298,-0.2144166
13961,10.7651,-0.1917037,0.1133454,-0.07953689,0.06681471,0.06681471,-0.213508
13962,10.76583,-0.191732,0.1133829,-0.07963213,0.06681471,0.06681471,-0.2134934
13963,10.76658,-0.1917037,0.1134892,-0.07979766,0.06689622,0.06689622,-0.2129833
13964,10.76729,-0.1916995,0.1135268,-0.07997045,0.06784798,0.06784798,-0.2134389
13965,10.76803,-0.1916104,0.1135956,-0.08011813,0.0689225,0.0689225,-0.2133049
13966,10.76883,-0.1916384,0.1136331,-0.08021339,0.06895375,0.06895375,-0.2133493
13967,10.76967,-0.1915769,0.1137395,-0.08045643,0.06977987,0.06977987,-0.2124726
13968,10.77041,-0.1916046,0.1137772,-0.08055187,0.07156815,0.07156815,-0.2127622
13969,10.77124,-0.1915427,0.1138837,-0.08079476,0.0727305,0.0727305,-0.2131641
13970,10.77198,-0.1915376,0.1139214,-0.08096769,0.07309496,0.07309496,-0.2124493
13971,10.77275,-0.1914804,0.1139901,-0.08103766,0.07308964,0.07308964,-0.2124046
13972,10.77354,-0.1915351,0.1140656,-0.08122884,0.07342274,0.07342274,-0.2117826
13973,10.77429,-0.1915296,0.1141034,-0.08140181,0.07428593,0.07428593,-0.2116487
13974,10.77512,-0.1914994,0.11421,-0.08156743,0.0755321,0.0755321,-0.2120095
13975,10.77587,-0.1914664,0.11421,-0.08164481,0.0755321,0.0755321,-0.2119961
13976,10.7767,-0.1914629,0.1143545,-0.08190603,0.07684312,0.07684312,-0.2110483
13977,10.77749,-0.1914321,0.1144612,-0.08207164,0.07789146,0.07789146,-0.2111905
13978,10.77828,-0.1914257,0.1144991,-0.08224474,0.08158519,0.08158519,-0.208826
13979,10.7791,-0.1913945,0.1146058,-0.08241036,0.08200046,0.08200046,-0.2101852
13980,10.77985,-0.1913612,0.1146058,-0.08248769,0.08200046,0.08200046,-0.2101726
13981,10.78058,-0.1912964,0.1147125,-0.0827305,0.08208969,0.08208969,-0.2101208
13982,10.78145,-0.1913228,0.1147506,-0.08282646,0.08259258,0.08259258,-0.2108342
13983,10.78218,-0.1913173,0.1148955,-0.08308803,0.08396037,0.08396037,-0.2096866
13984,10.78289,-0.1913436,0.1149336,-0.08318394,0.08396037,0.08396037,-0.2096741
13985,10.78365,-0.1913114,0.1150405,-0.08334958,0.08608541,0.08608541,-0.2096318
13986,10.78442,-0.1912777,0.1150405,-0.08342693,0.08534978,0.08534978,-0.2086469
13987,10.78519,-0.1912712,0.1151856,-0.08368854,0.08623683,0.08623683,-0.209211
13988,10.78587,-0.1912126,0.1152542,-0.08375807,0.08623019,0.08623019,-0.2091566
13989,10.78656,-0.1912395,0.1153995,-0.0839425,0.08781862,0.08781862,-0.208873
13990,10.78736,-0.1912312,0.1154378,-0.08411592,0.09004196,0.09004196,-0.2089389
13991,10.78815,-0.1911979,0.1155448,-0.08428153,0.08999211,0.08999211,-0.2092606
13992,10.79087,-0.1911645,0.1156518,-0.08444709,0.09405275,0.09405275,-0.2084109
13993,10.79168,-0.1911379,0.1158743,-0.08505617,0.0935111,0.0935111,-0.2093174
13994,10.79244,-0.1911037,0.1159815,-0.0852218,0.0954553,0.0954553,-0.2088704
13995,10.79317,-0.1911286,0.1160201,-0.08531815,0.09510911,0.09510911,-0.2093072
13996,10.79389,-0.1910692,0.1160886,-0.08538736,0.09514149,0.09514149,-0.2093163
13997,10.7947,-0.1910842,0.1161659,-0.08565757,0.09559437,0.09559437,-0.208323
13998,10.79815,-0.1909776,0.1167023,-0.08633116,0.1015562,0.1015562,-0.2078224
13999,10.79893,-0.190932,0.1167412,-0.08658203,0.1065161,0.1065161,-0.2082212
14000,10.7997,-0.190931,0.1168485,-0.0866705,0.1065477,0.1065477,-0.2082155
14001,10.80045,-0.1909539,0.1169949,-0.08685566,0.1063162,0.1063162,-0.2075067
14002,10.80137,-0.1909427,0.1170339,-0.08702955,0.1092598,0.1092598,-0.2075409
14003,10.80212,-0.1909062,0.1171413,-0.08719517,0.1122674,0.1122674,-0.2083658
14004,10.80283,-0.190871,0.1171413,-0.0872723,0.1122674,0.1122674,-0.208355
14005,10.80354,-0.1908578,0.1172878,-0.0875347,0.111519,0.111519,-0.2072355
14006,10.8043,-0.1908562,0.1173954,-0.08762317,0.1089988,0.1089988,-0.2079737
14007,10.80503,-0.1908189,0.1175029,-0.08778868,0.1125832,0.1125832,-0.2096583
14008,10.80581,-0.1908067,0.1175421,-0.08796274,0.1126263,0.1126263,-0.2096978
14009,10.80658,-0.190744,0.1177181,-0.08811972,0.1132177,0.1132177,-0.2071461
14010,10.80736,-0.1907671,0.1177573,-0.08821677,0.1166684,0.1166684,-0.2077642
14011,10.80815,-0.1907269,0.1179726,-0.08847065,0.1205858,0.1205858,-0.2085298
14012,10.80887,-0.1907498,0.1180119,-0.08856776,0.1205858,0.1205858,-0.2085298
14013,10.80965,-0.1906862,0.118188,-0.08872453,0.1220224,0.1220224,-0.20801
14014,10.81038,-0.190673,0.1182274,-0.08889876,0.1245968,0.1245968,-0.2080123
14015,10.81114,-0.1906929,0.1183746,-0.08908431,0.1279014,0.1279014,-0.2079772
14016,10.81186,-0.19069,0.1184824,-0.08917267,0.1279332,0.1279332,-0.2079766
14017,10.81261,-0.1906148,0.1185902,-0.08941525,0.1261839,0.1261839,-0.2079588
14018,10.81342,-0.1905755,0.118698,-0.08958066,0.1290571,0.1290571,-0.2075181
14019,10.81416,-0.1905722,0.1188058,-0.08966913,0.128501,0.128501,-0.2075102
14020,10.815,-0.190591,0.1189534,-0.08985481,0.1301175,0.1301175,-0.207303
14021,10.81578,-0.1904927,0.1190216,-0.08999988,0.1301037,0.1301037,-0.2072532
14022,10.81655,-0.1904854,0.1192374,-0.09017669,0.1330589,0.1330589,-0.2071566
14023,10.81732,-0.1905073,0.1192771,-0.09027401,0.1450973,0.1450973,-0.2068639
14024,10.81803,-0.1904046,0.1194533,-0.09050734,0.1480225,0.1480225,-0.2052427
14025,10.81875,-0.1904006,0.1195613,-0.09059566,0.1480509,0.1480509,-0.2052345
14026,10.81945,-0.1903921,0.1197773,-0.09077244,0.1476295,0.1476295,-0.2058164
14027,10.82018,-0.1904136,0.1198172,-0.09086981,0.1512835,0.1512835,-0.2052307
14028,10.82106,-0.1903098,0.1199934,-0.09110296,0.1514889,0.1514889,-0.2051827
14029,10.82176,-0.1903052,0.1201015,-0.09119125,0.1515179,0.1515179,-0.2051735
14030,10.8225,-0.1902847,0.1202495,-0.09145396,0.1530919,0.1530919,-0.2051729
14031,10.82335,-0.1902798,0.1203577,-0.0915423,0.1518203,0.1518203,-0.2048645
14032,10.82406,-0.1902378,0.1204658,-0.09170742,0.1536039,0.1536039,-0.2056454
14033,10.82479,-0.1902327,0.120574,-0.09179578,0.1536326,0.1536326,-0.2056349
14034,10.82566,-0.1901272,0.1207502,-0.09202842,0.1569384,0.1569384,-0.2042792
14035,10.82656,-0.1901423,0.1208986,-0.09221439,0.1608867,0.1608867,-0.2026921
14036,10.82734,-0.1901108,0.1210748,-0.09229323,0.1687582,0.1687582,-0.2016918
14037,10.82806,-0.190062,0.1212913,-0.09254649,0.1641213,0.1641213,-0.2034407
14038,10.82878,-0.1900935,0.1213996,-0.0925579,0.1640788,0.1640788,-0.2033379
14039,10.82951,-0.1899864,0.1215758,-0.09279016,0.1701849,0.1701849,-0.2014729
14040,10.83026,-0.1900065,0.1216162,-0.09288789,0.1751274,0.1751274,-0.2011971
14041,10.83112,-0.189994,0.1218329,-0.09306429,0.1761003,0.1761003,-0.2007338
14042,10.83195,-0.1898859,0.1220091,-0.09329635,0.1776474,0.1776474,-0.2014714
14043,10.83271,-0.1898794,0.1221174,-0.09338441,0.1776726,0.1776726,-0.2014522
14044,10.83346,-0.1898085,0.1222936,-0.09353957,0.1811455,0.1811455,-0.1981279
14045,10.83421,-0.1898017,0.122402,-0.09362771,0.1816245,0.1816245,-0.1994548
14046,10.83494,-0.1897498,0.1226188,-0.09388048,0.1821803,0.1821803,-0.1979959
14047,10.83569,-0.1897807,0.1227273,-0.09389187,0.1822047,0.1822047,-0.1979746
14048,10.83643,-0.1897281,0.1229442,-0.09414467,0.1873716,0.1873716,-0.1960973
14049,10.83719,-0.1897207,0.1230526,-0.09423262,0.1880623,0.1880623,-0.1972916
14050,10.83795,-0.1896217,0.1232965,-0.0943775,0.1892616,0.1892616,-0.1954591
14051,10.83871,-0.1896141,0.123405,-0.09446548,0.189313,0.189313,-0.1954827
14052,10.83955,-0.189503,0.1235811,-0.09469664,0.1950728,0.1950728,-0.1937546
14053,10.84027,-0.1895253,0.1237981,-0.09479585,0.1977989,0.1977989,-0.1938315
14054,10.84117,-0.1894788,0.1239067,-0.09496028,0.199194,0.199194,-0.1936824
14055,10.84192,-0.1895006,0.1241238,-0.09505948,0.1975375,0.1975375,-0.1912193
14056,10.84263,-0.1893699,0.1242588,-0.09519231,0.1975587,0.1975587,-0.1911912
14057,10.84348,-0.1893797,0.1244085,-0.09537809,0.2022992,0.2022992,-0.190346
14058,10.84423,-0.189344,0.1245846,-0.09545565,0.2031337,0.2031337,-0.1896161
14059,10.84496,-0.1892695,0.1247606,-0.09560966,0.2048099,0.2048099,-0.1890983
14060,10.84571,-0.1892605,0.1248692,-0.09569741,0.2048615,0.2048615,-0.1891377
14061,10.84646,-0.1892151,0.1251539,-0.09586249,0.2073401,0.2073401,-0.1836154
14062,10.84721,-0.1892058,0.1252625,-0.09595016,0.216321,0.216321,-0.1833882
14063,10.84797,-0.1891303,0.1254385,-0.09610387,0.2125058,0.2125058,-0.1832747
14064,10.84869,-0.1891208,0.1255471,-0.09619152,0.2125245,0.2125245,-0.1832408
14065,10.84944,-0.1890741,0.1258318,-0.09635621,0.2120172,0.2120172,-0.1828775
14066,10.85018,-0.1890643,0.1259405,-0.09644378,0.2133936,0.2133936,-0.1819694
14067,10.85087,-0.1889979,0.1260077,-0.09650964,0.2134116,0.2134116,-0.1819562
14068,10.8516,-0.1889779,0.1262251,-0.09668461,0.2149087,0.2149087,-0.178375
14069,10.8523,-0.1889401,0.126401,-0.09676155,0.2150842,0.2150842,-0.1751883
14070,10.853,-0.1888631,0.1265769,-0.0969147,0.2195633,0.2195633,-0.1748449
14071,10.85375,-0.1888527,0.1266856,-0.09700209,0.2195796,0.2195796,-0.174807
14072,10.85448,-0.1887475,0.1269285,-0.09714429,0.2193519,0.2193519,-0.1715244
14073,10.85522,-0.188793,0.127079,-0.09725354,0.2198684,0.2198684,-0.1690123
14074,10.85593,-0.1887151,0.1272547,-0.09740633,0.2205989,0.2205989,-0.1669452
14075,10.85678,-0.1886594,0.1273887,-0.09738466,0.2206144,0.2206144,-0.1669063
14076,10.85753,-0.1886372,0.1276063,-0.09755919,0.2240401,0.2240401,-0.1655985
14077,10.8583,-0.188598,0.127782,-0.09763551,0.2235852,0.2235852,-0.161882
14078,10.85906,-0.1885473,0.1280664,-0.09779889,0.2235459,0.2235459,-0.1598403
14079,10.85998,-0.188468,0.1282421,-0.09795122,0.2266451,0.2266451,-0.1588368
14080,10.86077,-0.1884842,0.1284597,-0.09804922,0.2339676,0.2339676,-0.1541804
14081,10.86167,-0.1883882,0.1285932,-0.09810321,0.2339778,0.2339778,-0.1541344
14082,10.86244,-0.1883642,0.1288108,-0.09827723,0.2297047,0.2297047,-0.154506
14083,10.86323,-0.1883359,0.1288776,-0.09826607,0.2303431,0.2303431,-0.1475829
14084,10.864,-0.1883512,0.1290952,-0.09836392,0.2292977,0.2292977,-0.1440477
14085,10.86473,-0.1882548,0.1292285,-0.09841762,0.229258,0.229258,-0.1439776
14086,10.86544,-0.1882299,0.1294461,-0.09859141,0.2252024,0.2252024,-0.1398539
14087,10.86618,-0.1882014,0.1295128,-0.09858014,0.2285308,0.2285308,-0.1394221
14088,10.86699,-0.1881476,0.129797,-0.09874245,0.2279403,0.2279403,-0.1356457
14089,10.8677,-0.1881348,0.1299058,-0.09882925,0.22791,0.22791,-0.1355524
14090,10.86841,-0.1880646,0.1301477,-0.09889325,0.2277286,0.2277286,-0.1336516
14091,10.86912,-0.1880915,0.1302565,-0.09890396,0.2271911,0.2271911,-0.128943
14092,10.86986,-0.1880229,0.130323,-0.09896854,0.2271104,0.2271104,-0.1288281
14093,10.87061,-0.1880077,0.1306071,-0.09905432,0.2302338,0.2302338,-0.1230512
14094,10.87132,-0.1879789,0.1306735,-0.09904283,0.2283956,0.2283956,-0.1215997
14095,10.87203,-0.1879231,0.1309575,-0.09920452,0.2277987,0.2277987,-0.1124235
14096,10.87273,-0.1878943,0.1310239,-0.09919296,0.2277161,0.2277161,-0.1123324
14097,10.87347,-0.1878379,0.1313078,-0.09935433,0.2262029,0.2262029,-0.1064135
14098,10.87422,-0.1878089,0.1313741,-0.0993427,0.2278986,0.2278986,-0.111035
14099,10.87497,-0.1878213,0.1315917,-0.09943963,0.2245315,0.2245315,-0.1020186
14100,10.87595,-0.1877491,0.131833,-0.09950265,0.224925,0.224925,-0.09467613
14101,10.87671,-0.1877199,0.1318991,-0.09949092,0.224883,0.224883,-0.09463288
14102,10.87746,-0.1877024,0.1321829,-0.09957597,0.2244556,0.2244556,-0.09189377
14103,10.87821,-0.1876732,0.132249,-0.0995642,0.2258479,0.2258479,-0.09198534
14104,10.88403,-0.1874298,0.1334294,-0.09983418,0.2229449,0.2229449,-0.06329855
14105,10.88514,-0.1873507,0.1338443,-0.09989423,0.2205202,0.2205202,-0.05866666
14106,10.88598,-0.1873758,0.1339531,-0.09990439,0.220515,0.220515,-0.05863239
14107,10.88677,-0.1873411,0.1341932,-0.09989033,0.2190293,0.2190293,-0.05598005
14108,10.8875,-0.1873112,0.1342589,-0.09987822,0.2199662,0.2199662,-0.05553844
14109,10.88832,-0.1872357,0.1344989,-0.09993964,0.2205571,0.2205571,-0.04361073
14110,10.88904,-0.1872605,0.1346076,-0.0999497,0.2205064,0.2205064,-0.04353756
14111,10.88979,-0.1871703,0.1348043,-0.09991312,0.2186989,0.2186989,-0.04299425
14112,10.89052,-0.1871949,0.134913,-0.0999231,0.215522,0.215522,-0.04138488
14113,10.89135,-0.1870639,0.1351095,-0.099962,0.2152549,0.2152549,-0.03252397
14114,10.89213,-0.1870582,0.1352836,-0.09995965,0.2117285,0.2117285,-0.03080406
14115,10.89285,-0.1870826,0.1353922,-0.09996955,0.2117166,0.2117166,-0.03076823
14116,10.89358,-0.1870219,0.135523,-0.09994493,0.2106335,0.2106335,-0.03061056
14117,10.89431,-0.1870158,0.1356969,-0.09994245,0.2108196,0.2108196,-0.02973004
14118,10.89506,-0.1869549,0.1358276,-0.09991775,0.2107735,0.2107735,-0.02969505
14119,10.89579,-0.1869485,0.1360015,-0.09991517,0.2113367,0.2113367,-0.0294626
14120,10.89649,-0.186942,0.1361753,-0.09991252,0.2113888,0.2113888,-0.02716368
14121,10.89723,-0.1868808,0.1363057,-0.09988769,0.2115553,0.2115553,-0.02700146
14122,10.89812,-0.1868434,0.1365446,-0.09987249,0.2091872,0.2091872,-0.02528228
14123,10.89884,-0.1867819,0.1366749,-0.09984756,0.2090934,0.2090934,-0.02521308
14124,10.89957,-0.1868056,0.1367833,-0.0998572,0.2088887,0.2088887,0.01256274
14125,10.90035,-0.186744,0.1369135,-0.09983218,0.2073462,0.2073462,0.01287355
14126,10.90119,-0.1867058,0.137152,-0.0998167,0.2065712,0.2065712,0.01287391
14127,10.90194,-0.1866749,0.137217,-0.09980416,0.2065536,0.2065536,0.0129139
14128,10.9027,-0.1866364,0.1374553,-0.09978853,0.2043414,0.2043414,0.01496781
14129,10.90344,-0.1866053,0.1375202,-0.09977593,0.203981,0.203981,0.01485759
14130,10.90417,-0.1865121,0.1377148,-0.0997381,0.2042556,0.2042556,0.01539291
14131,10.90492,-0.1865353,0.1378231,-0.09974753,0.2042345,0.2042345,0.01543246
14132,10.90567,-0.186473,0.1379527,-0.09972222,0.2014746,0.2014746,0.01652293
14133,10.90646,-0.1864105,0.1380823,-0.09969689,0.2021198,0.2021198,0.01668651
14134,10.9072,-0.1864023,0.1382553,-0.09969354,0.1994218,0.1994218,0.01846074
14135,10.90792,-0.1863396,0.1383848,-0.09966812,0.1993731,0.1993731,0.01848866
14136,10.90863,-0.1862454,0.1385787,-0.09962992,0.1988888,0.1988888,0.01850582
14137,10.90933,-0.1862683,0.1386869,-0.09963918,0.1955796,0.1955796,0.02013206
14138,10.91004,-0.1862368,0.1387515,-0.0996264,0.1955308,0.1955308,0.02015967
14139,10.91085,-0.1861738,0.1388806,-0.09960084,0.1940905,0.1940905,0.01998612
14140,10.91163,-0.1861333,0.1391178,-0.09958441,0.1948527,0.1948527,0.02025479
14141,10.91235,-0.1861016,0.1391823,-0.09957156,0.1922654,0.1922654,0.0208866
14142,10.91311,-0.1861022,0.1392467,-0.09949856,0.1922165,0.1922165,0.02091381
14143,10.91382,-0.1860071,0.13944,-0.09946001,0.1925705,0.1925705,0.01809253
14144,10.91453,-0.1859753,0.1395044,-0.09944714,0.1897129,0.1897129,0.01931788
14145,10.91526,-0.1859734,0.1397411,-0.09935684,0.1889282,0.1889282,0.02296657
14146,10.91596,-0.1859416,0.1398054,-0.09934394,0.1888788,0.1888788,0.02299354
14147,10.91673,-0.1858778,0.139934,-0.0993181,0.1878051,0.1878051,0.02285136
14148,10.91747,-0.1858539,0.1400625,-0.09921732,0.189395,0.189395,0.02887133
14149,10.91825,-0.185812,0.1402988,-0.09920035,0.1873653,0.1873653,0.02930964
14150,10.919,-0.18582,0.1403629,-0.09911225,0.1873157,0.1873157,0.02931294
14151,10.91975,-0.1857557,0.1404912,-0.0990863,0.1854296,0.1854296,0.03137352
14152,10.92058,-0.1856993,0.1406835,-0.0989723,0.185523,0.185523,0.03144071
14153,10.92152,-0.185667,0.1407475,-0.09895928,0.1856765,0.1856765,0.03352578
14154,10.92224,-0.1856965,0.1409193,-0.09888007,0.1811261,0.1811261,0.06471296
14155,10.92307,-0.1856642,0.1409833,-0.09886704,0.1810771,0.1810771,0.06473185
14156,10.92388,-0.1856071,0.1411751,-0.09875294,0.1810074,0.1810074,0.06478833
14157,10.92461,-0.1855422,0.1413029,-0.09872683,0.1807181,0.1807181,0.06599659
14158,10.92537,-0.1855171,0.1414307,-0.09862578,0.1776676,0.1776676,0.06692077
14159,10.9262,-0.185492,0.1415583,-0.09852464,0.1776142,0.1776142,0.06867624
14160,10.92702,-0.1854594,0.1416221,-0.09851155,0.1775659,0.1775659,0.06869365
14161,10.92775,-0.1853615,0.1418134,-0.09847226,0.1772196,0.1772196,0.06870446
14162,10.92844,-0.1854155,0.1418571,-0.09849394,0.173127,0.173127,0.07123478
14163,10.92917,-0.1853572,0.1420482,-0.0983797,0.1700448,0.1700448,0.06949176
14164,10.92988,-0.1853245,0.1421119,-0.09836657,0.1699484,0.1699484,0.0695256
14165,10.93064,-0.1852589,0.1422392,-0.09834027,0.1696073,0.1696073,0.0695088
14166,10.93135,-0.185233,0.1423663,-0.09823909,0.169084,0.169084,0.06942723
14167,10.93209,-0.1852001,0.1424299,-0.09822591,0.1689877,0.1689877,0.06944331
14168,10.93282,-0.1851343,0.1425569,-0.09819955,0.1709486,0.1709486,0.06702485
14169,10.93354,-0.185141,0.1426205,-0.09811158,0.1708997,0.1708997,0.06702383
14170,10.93428,-0.185075,0.1427474,-0.09808519,0.1689083,0.1689083,0.06695032
14171,10.93499,-0.185042,0.1428108,-0.09807198,0.1667154,0.1667154,0.06652049
14172,10.93573,-0.1849824,0.143001,-0.09795748,0.164881,0.164881,0.06617345
14173,10.93654,-0.1849493,0.1430644,-0.09794424,0.1519617,0.1519617,0.07114069
14174,10.93737,-0.184883,0.1431911,-0.09791775,0.1515253,0.1515253,0.07110066
14175,10.93818,-0.1848561,0.1433177,-0.09781656,0.1514301,0.1514301,0.07110823
14176,10.93894,-0.1848229,0.1433809,-0.09780328,0.1503085,0.1503085,0.06991376
14177,10.93976,-0.1847625,0.1435706,-0.09768875,0.1502643,0.1502643,0.07114055
14178,10.94053,-0.1846624,0.1437601,-0.09764883,0.1485795,0.1485795,0.07086133
14179,10.94143,-0.1846624,0.1437601,-0.09764883,0.1485325,0.1485325,0.07087637
14180,10.94208,-0.1846684,0.1438232,-0.09756093,0.1508935,0.1508935,0.0713761
14181,10.94279,-0.1846015,0.1439494,-0.09753428,0.1471097,0.1471097,0.06991005
14182,10.9435,-0.184568,0.1440125,-0.09752094,0.147063,0.147063,0.06992495
14183,10.94429,-0.1845404,0.1441385,-0.09741963,0.1470192,0.1470192,0.06994178
14184,10.94504,-0.1845068,0.1442015,-0.09740627,0.1465076,0.1465076,0.0696609
14185,10.94846,-0.184389,0.144642,-0.09708915,0.1404772,0.1404772,0.07003026
14186,10.94922,-0.1843607,0.1447677,-0.09698787,0.1360856,0.1360856,0.07030083
14187,10.94999,-0.1843269,0.1448305,-0.09697448,0.1368348,0.1368348,0.07098302
14188,10.95072,-0.1843375,0.144956,-0.09679872,0.1366221,0.1366221,0.07355462
14189,10.95167,-0.1842696,0.1450815,-0.09677192,0.1360757,0.1360757,0.07784079
14190,10.95244,-0.1842747,0.1451442,-0.09668403,0.1360317,0.1360317,0.07783242
14191,10.95324,-0.1842458,0.1452695,-0.09658282,0.131495,0.131495,0.07765605
14192,10.954,-0.1842508,0.1453322,-0.09649491,0.1308092,0.1308092,0.09136317
14193,10.95469,-0.1842216,0.1454574,-0.09639369,0.1298788,0.1298788,0.09118158
14194,10.95552,-0.1842216,0.1454574,-0.09639369,0.1298788,0.1298788,0.09118158
14195,10.9562,-0.1842312,0.1455825,-0.09621803,0.1239681,0.1239681,0.09115777
14196,10.95698,-0.184197,0.1456451,-0.09620462,0.1266488,0.1266488,0.09929704
14197,10.95769,-0.1842063,0.1457701,-0.09602895,0.1230008,0.1230008,0.09302162
14198,10.95843,-0.1841721,0.1458326,-0.09601555,0.1229608,0.1229608,0.09301401
14199,10.95919,-0.1841766,0.145895,-0.09592772,0.1209963,0.1209963,0.09939929
14200,10.95994,-0.184181,0.1459574,-0.09583993,0.1209055,0.1209055,0.09992453
14201,10.96069,-0.184151,0.1460823,-0.09573866,0.1204561,0.1204561,0.1023621
14202,10.96161,-0.1841209,0.146207,-0.09563744,0.1162053,0.1162053,0.1009782
14203,10.96436,-0.1841251,0.1462693,-0.09554968,0.1156746,0.1156746,0.1009876
14204,10.96511,-0.1841373,0.1464562,-0.09528627,0.1149621,0.1149621,0.1012161
14205,10.96585,-0.1841066,0.1465807,-0.09518512,0.1073361,0.1073361,0.1020399
14206,10.96659,-0.184072,0.1466429,-0.09517173,0.1073007,0.1073007,0.1020329
14207,10.96731,-0.1840412,0.1467673,-0.09507055,0.1076842,0.1076842,0.1012406
14208,10.9681,-0.1840412,0.1467673,-0.09507055,0.1072109,0.1072109,0.09966109
14209,10.96887,-0.1840449,0.1468294,-0.09498283,0.1045918,0.1045918,0.09874079
14210,10.96965,-0.1840486,0.1468916,-0.094895,0.1045572,0.1045572,0.09873368
14211,10.97041,-0.1840174,0.1470158,-0.09479389,0.1017419,0.1017419,0.0977151
14212,10.97115,-0.1840174,0.1470158,-0.09479389,0.1016496,0.1016496,0.09775233
14213,10.97186,-0.1839861,0.1471399,-0.09469273,0.1021484,0.1021484,0.09850161
14214,10.97258,-0.1839895,0.1472019,-0.09460503,0.1021484,0.1021484,0.09849434
14215,10.97337,-0.1839929,0.1472639,-0.09451724,0.100653,0.100653,0.09770723
14216,10.97423,-0.1839961,0.1473259,-0.09442954,0.09724306,0.09724306,0.09670602
14217,10.97498,-0.1839993,0.1473879,-0.09434179,0.09450112,0.09450112,0.09631426
14218,10.97596,-0.1840025,0.1474498,-0.09425411,0.09447064,0.09447064,0.09663722
14219,10.97675,-0.1840056,0.1475117,-0.09416638,0.09185573,0.09185573,0.09658571
14220,10.97748,-0.1839706,0.1475737,-0.09415301,0.09185573,0.09185573,0.09658571
14221,10.97829,-0.1839306,0.1476004,-0.09404884,0.089173,0.089173,0.09669437
14222,10.97905,-0.1839686,0.1476004,-0.09397455,0.08661979,0.08661979,0.09677231
14223,10.97979,-0.1839715,0.1476623,-0.09388685,0.0836022,0.0836022,0.09702841
14224,10.98048,-0.1839364,0.1477241,-0.09387349,0.08357419,0.08357419,0.09702514
14225,10.98142,-0.1839771,0.1477859,-0.09371146,0.08378602,0.08378602,0.09809588
14226,10.9822,-0.183942,0.1478477,-0.09369812,0.08045432,0.08045432,0.09778859
14227,10.98295,-0.1839446,0.1479095,-0.0936105,0.08001058,0.08001058,0.09735624
14228,10.98384,-0.1839472,0.1479713,-0.09352281,0.07998367,0.07998367,0.09832612
14229,10.98455,-0.183985,0.1479713,-0.09344851,0.07998367,0.07998367,0.09832434
14230,10.98531,-0.1839523,0.1480947,-0.09334747,0.07712475,0.07712475,0.09647774
14231,10.98614,-0.18399,0.1480947,-0.09327317,0.07706407,0.07706407,0.09749989
14232,10.98685,-0.1839924,0.1481564,-0.09318551,0.07543892,0.07543892,0.09779543
14233,10.9876,-0.1839397,0.1481134,-0.09316564,0.07543892,0.07543892,0.09779543
14234,10.98835,-0.1839796,0.1481751,-0.09300373,0.07149615,0.07149615,0.09649932
14235,10.98907,-0.1839796,0.1481751,-0.09300373,0.06766251,0.06766251,0.09637546
14236,10.98973,-0.1840193,0.1482367,-0.09284173,0.06530917,0.06530917,0.0954006
14237,10.99058,-0.1840568,0.1482367,-0.0927674,0.06530917,0.06530917,0.0954006
14238,10.9914,-0.1840589,0.1482983,-0.09267978,0.06339392,0.06339392,0.09611248
14239,10.9922,-0.1840609,0.14836,-0.09259211,0.06076621,0.06076621,0.0966703
14240,10.99292,-0.1840983,0.14836,-0.09251776,0.05905182,0.05905182,0.09637697
14241,10.99375,-0.1840466,0.1483778,-0.09241012,0.05339635,0.05339635,0.100719
14242,10.99448,-0.1840484,0.1484393,-0.09232257,0.05337617,0.05337617,0.1007111
14243,10.99526,-0.1840857,0.1484393,-0.09224815,0.05293676,0.05293676,0.1027397
14244,10.996,-0.1840875,0.1485008,-0.09216062,0.05242148,0.05242148,0.1025352
14245,10.99687,-0.1840892,0.1485624,-0.09207303,0.04876513,0.04876513,0.1039259
14246,10.99771,-0.1841263,0.1485624,-0.09199867,0.05078037,0.05078037,0.104083
14247,10.99848,-0.1841635,0.1485624,-0.09192426,0.05078037,0.05078037,0.104085
14248,10.99933,-0.1842022,0.1486239,-0.09176225,0.05055606,0.05055606,0.1068238
14249,11.00008,-0.1841854,0.14858,-0.09166799,0.04564171,0.04564171,0.108132
14250,11.00094,-0.1842224,0.14858,-0.09159356,0.04533147,0.04533147,0.1055041
14251,11.00169,-0.1842238,0.1486415,-0.09150596,0.04531383,0.04531383,0.1090403
14252,11.00249,-0.1842608,0.1486415,-0.09143155,0.04531383,0.04531383,0.1090444
14253,11.00327,-0.1842977,0.1486415,-0.09135707,0.03535261,0.03535261,0.1084906
14254,11.00408,-0.1843346,0.1486415,-0.09128264,0.03535261,0.03535261,0.1086214
14255,11.0049,-0.1843187,0.1486592,-0.09110088,0.02980488,0.02980488,0.1099663
14256,11.00567,-0.1843555,0.1486592,-0.09102639,0.02929385,0.02929385,0.1111821
14257,11.0064,-0.1843922,0.1486592,-0.09095192,0.02929385,0.02929385,0.1111905
14258,11.00715,-0.184429,0.1486592,-0.09087735,0.02748483,0.02748483,0.1112734
14259,11.008,-0.18443,0.1487206,-0.09078988,0.02351017,0.02351017,0.1115653
14260,11.00879,-0.1845033,0.1487206,-0.09064083,0.0228279,0.0228279,0.1157553
14261,11.00952,-0.1845399,0.1487206,-0.09056627,0.0228279,0.0228279,0.1157664
14262,11.01022,-0.1845591,0.1486768,-0.09039757,0.02283143,0.02283143,0.1160823
14263,11.01094,-0.1845956,0.1486768,-0.09032302,0.02248619,0.02248619,0.1168379
14264,11.01177,-0.1845963,0.1487382,-0.09023554,0.02033502,0.02033502,0.1179315
14265,11.01252,-0.1846328,0.1487382,-0.09016089,0.02033502,0.02033502,0.1179433
14266,11.01325,-0.1846692,0.1487382,-0.09008631,0.01860315,0.01860315,0.118848
14267,11.01399,-0.1847056,0.1487382,-0.09001167,0.01860315,0.01860315,0.1178704
14268,11.01473,-0.1847783,0.1487382,-0.08986236,0.01695118,0.01695118,0.1203413
14269,11.01556,-0.1848146,0.1487382,-0.08978773,0.01695118,0.01695118,0.1203544
14270,11.01634,-0.1847967,0.1486945,-0.08969371,0.01695505,0.01695505,0.1207539
14271,11.01715,-0.1848329,0.1486945,-0.08961907,0.01684888,0.01684888,0.1221787
14272,11.01801,-0.1849053,0.1486945,-0.08946965,0.01684888,0.01684888,0.1231807
14273,11.01883,-0.1849415,0.1486945,-0.08939492,0.01606078,0.01606078,0.1245998
14274,11.01955,-0.1849775,0.1486945,-0.08932022,0.01606078,0.01606078,0.124613
14275,11.02038,-0.1850497,0.1486945,-0.08917063,-0.007729062,-0.007729062,0.1198241
14276,11.02126,-0.1851217,0.1486945,-0.08902109,-0.007729062,-0.007729062,0.1183904
14277,11.02196,-0.1851576,0.1486945,-0.08894631,-0.007729062,-0.007729062,0.1195901
14278,11.02265,-0.1851576,0.1486945,-0.08894631,-0.007729062,-0.007729062,0.1196088
14279,11.02336,-0.1851753,0.1486507,-0.08877756,-0.007724079,-0.007724079,0.1210941
14280,11.02413,-0.1852111,0.1486507,-0.08870272,-0.007351389,-0.007351389,0.1229906
14281,11.02491,-0.1852469,0.1486507,-0.08862791,-0.007345751,-0.007345751,0.1211305
14282,11.02567,-0.1852827,0.1486507,-0.08855304,-0.007345751,-0.007345751,0.1211496
14283,11.02638,-0.1853542,0.1486507,-0.08840326,-0.007345751,-0.007345751,0.1208427
14284,11.02711,-0.1853899,0.1486507,-0.0883284,-0.007345751,-0.007345751,0.1230474
14285,11.02787,-0.1853714,0.148607,-0.08823455,-0.007686015,-0.007686015,0.1231537
14286,11.02865,-0.185407,0.148607,-0.08815964,-0.007686015,-0.007686015,0.1231728
14287,11.02943,-0.1854782,0.148607,-0.0880098,-0.007686015,-0.007686015,0.1231543
14288,11.03025,-0.1855493,0.148607,-0.08785982,-0.007686015,-0.007686015,0.1238674
14289,11.03101,-0.1855493,0.148607,-0.08785982,-0.007686015,-0.007686015,0.1242367
14290,11.03169,-0.1856202,0.148607,-0.08770986,-0.007918818,-0.007918818,0.1257252
14291,11.0324,-0.1856556,0.148607,-0.08763488,-0.007918818,-0.007918818,0.1257446
14292,11.03316,-0.1856367,0.1485633,-0.08754113,-0.007959439,-0.007959439,0.1259972
14293,11.03391,-0.1857007,0.1485142,-0.08747598,-0.005558882,-0.005558882,0.1257715
14294,11.03467,-0.1857713,0.1485142,-0.0873259,-0.005558882,-0.005558882,0.1260236
14295,11.03555,-0.1857713,0.1485142,-0.0873259,-0.005558882,-0.005558882,0.1260422
14296,11.03621,-0.1858419,0.1485142,-0.08717573,-0.005558882,-0.005558882,0.1249436
14297,11.03694,-0.1858227,0.1484705,-0.08708203,-0.005420573,-0.005420573,0.1259988
14298,11.03769,-0.1858579,0.1484705,-0.08700697,-0.005759488,-0.005759488,0.12573
14299,11.03848,-0.1859282,0.1484103,-0.08694386,-0.005758435,-0.005758435,0.1257716
14300,11.03921,-0.1859633,0.1484103,-0.08686871,-0.008154398,-0.008154398,0.1256591
14301,11.03995,-0.1859984,0.1484103,-0.08679355,-0.008154398,-0.008154398,0.1243299
14302,11.04065,-0.1861043,0.148349,-0.08665538,-0.01235827,-0.01235827,0.1236715
14303,11.04162,-0.1861043,0.148349,-0.08665538,-0.01235827,-0.01235827,0.1236912
14304,11.04254,-0.1861743,0.148349,-0.08650494,-0.0122645,-0.0122645,0.1228578
14305,11.04332,-0.1861896,0.1483054,-0.08633608,-0.01225919,-0.01225919,0.1236035
14306,11.04411,-0.1861896,0.1483054,-0.08633608,-0.02538464,-0.02538464,0.1204969
14307,11.04477,-0.1862952,0.1482439,-0.08619766,-0.01341833,-0.01341833,0.1239778
14308,11.0473,-0.1862952,0.1482439,-0.08619766,-0.01341833,-0.01341833,0.1239778
14309,11.04797,-0.1864343,0.1482439,-0.08589645,-0.02484947,-0.02484947,0.1165244
14310,11.0487,-0.1865049,0.1481825,-0.08583309,-0.02485495,-0.02485495,0.116571
14311,11.04954,-0.1865395,0.1481825,-0.08575775,-0.02421725,-0.02421725,0.1180746
14312,11.05027,-0.1865742,0.1481825,-0.08568236,-0.02421725,-0.02421725,0.1162706
14313,11.05101,-0.1866088,0.1481825,-0.08560691,-0.02421725,-0.02421725,0.1130505
14314,11.05182,-0.1866246,0.1480773,-0.08552532,-0.02500389,-0.02500389,0.1123195
14315,11.05255,-0.1866592,0.1480773,-0.08544989,-0.02500389,-0.02500389,0.1123408
14316,11.05326,-0.1867296,0.1480158,-0.0853864,-0.02500389,-0.02500389,0.1130728
14317,11.05399,-0.1867641,0.1480158,-0.08531094,-0.02500964,-0.02500964,0.1130972
14318,11.05471,-0.1867985,0.1480158,-0.08523545,-0.02586763,-0.02586763,0.1089614
14319,11.05542,-0.186833,0.1480158,-0.08515996,-0.02625062,-0.02625062,0.1117643
14320,11.05615,-0.186833,0.1480158,-0.08515996,-0.02625062,-0.02625062,0.1117643
14321,11.05694,-0.186847,0.1479722,-0.08499096,-0.02624517,-0.02624517,0.111817
14322,11.05771,-0.1869172,0.1479107,-0.08492723,-0.0263209,-0.0263209,0.1109196
14323,11.05846,-0.1869515,0.1479107,-0.08485168,-0.02563352,-0.02563352,0.1075683
14324,11.05919,-0.1869858,0.1479107,-0.08477618,-0.02530435,-0.02530435,0.1084225
14325,11.05996,-0.1869858,0.1479107,-0.08477618,-0.02530435,-0.02530435,0.1084225
14326,11.06064,-0.1870901,0.1478491,-0.08463674,-0.02531015,-0.02531015,0.1061573
14327,11.06152,-0.1870901,0.1478491,-0.08463674,-0.02575164,-0.02575164,0.1049303
14328,11.06217,-0.1871584,0.1478491,-0.08448555,-0.02575164,-0.02575164,0.1034021
14329,11.0629,-0.1871584,0.1478491,-0.08448555,-0.02575164,-0.02575164,0.1034021
14330,11.06364,-0.1871925,0.1478491,-0.08440991,-0.02575164,-0.02575164,0.1042135
14331,11.06441,-0.1872625,0.1477876,-0.08434596,-0.0257449,-0.0257449,0.1030867
14332,11.06523,-0.1873306,0.1477876,-0.08419453,-0.01841432,-0.01841432,0.1001627
14333,11.06594,-0.1873306,0.1477876,-0.08419453,-0.01841432,-0.01841432,0.1001627
14334,11.06656,-0.1873646,0.1477876,-0.08411886,-0.01841432,-0.01841432,0.1002133
14335,11.0673,-0.1873986,0.1477876,-0.08404314,-0.01841432,-0.01841432,0.09857775
14336,11.06804,-0.1874684,0.1477259,-0.083979,-0.01842054,-0.01842054,0.09862236
14337,11.06875,-0.1875023,0.1477259,-0.08390322,-0.01804363,-0.01804363,0.09878308
14338,11.06947,-0.1875023,0.1477259,-0.08390322,-0.01804363,-0.01804363,0.09748137
14339,11.07017,-0.1876059,0.1476643,-0.08376323,-0.01954085,-0.01954085,0.0953274
14340,11.07098,-0.1876398,0.1476643,-0.08368741,-0.01954085,-0.01954085,0.09534986
14341,11.07181,-0.1876736,0.1476643,-0.08361158,-0.01954085,-0.01954085,0.09628366
14342,11.07266,-0.1877094,0.1476026,-0.08362307,-0.01911815,-0.01911815,0.09591914
14343,11.0734,-0.1877432,0.1476026,-0.08354726,-0.01943714,-0.01943714,0.09362847
14344,11.07411,-0.1877769,0.1476026,-0.08347137,-0.01943714,-0.01943714,0.09362847
14345,11.07483,-0.1878106,0.1476026,-0.08339553,-0.01943714,-0.01943714,0.09243347
14346,11.07559,-0.1878106,0.1476026,-0.08339553,-0.01943714,-0.01943714,0.09402661
14347,11.07622,-0.187878,0.1476026,-0.08324366,-0.01993611,-0.01993611,0.09250847
14348,11.07697,-0.187878,0.1476026,-0.08324366,-0.01993611,-0.01993611,0.09253039
14349,11.07759,-0.1879475,0.1475409,-0.08317918,-0.01993611,-0.01993611,0.09189533
14350,11.07832,-0.1879811,0.1475409,-0.08310322,-0.0186636,-0.0186636,0.09143452
14351,11.07909,-0.1880146,0.1475409,-0.08302725,-0.0186636,-0.0186636,0.09147719
14352,11.07984,-0.1880482,0.1475409,-0.08295126,-0.0186636,-0.0186636,0.09185807
14353,11.08054,-0.1880482,0.1475409,-0.08295126,-0.01924326,-0.01924326,0.090276
14354,11.08134,-0.1880816,0.1475409,-0.0828753,-0.01924326,-0.01924326,0.08975613
14355,11.08209,-0.1881151,0.1475409,-0.08279929,-0.01924326,-0.01924326,0.08977726
14356,11.0828,-0.1881844,0.1474793,-0.08273456,-0.01924973,-0.01924973,0.08939912
14357,11.08351,-0.1881844,0.1474793,-0.08273456,-0.01770558,-0.01770558,0.09065217
14358,11.08415,-0.1882178,0.1474793,-0.08265851,-0.01770558,-0.01770558,0.08480041
14359,11.08485,-0.1882512,0.1474793,-0.08258248,-0.01770558,-0.01770558,0.08482017
14360,11.08556,-0.1882845,0.1474793,-0.08250639,-0.01711146,-0.01711146,0.08691501
14361,11.08629,-0.1883179,0.1474793,-0.0824303,-0.01711146,-0.01711146,0.08735374
14362,11.08706,-0.1883179,0.1474793,-0.0824303,-0.01711146,-0.01711146,0.08735374
14363,11.08772,-0.1883511,0.1474793,-0.08235419,-0.01711146,-0.01711146,0.08693679
14364,11.08846,-0.1883844,0.1474793,-0.08227811,-0.01711146,-0.01711146,0.08525334
14365,11.08921,-0.1884176,0.1474793,-0.08220197,-0.01754021,-0.01754021,0.08535887
14366,11.08995,-0.1884176,0.1474793,-0.08220197,-0.01754021,-0.01754021,0.08535887
14367,11.09066,-0.1885199,0.1474175,-0.08206084,-0.01754611,-0.01754611,0.08527471
14368,11.09142,-0.1885199,0.1474175,-0.08206084,-0.0138754,-0.0138754,0.08601961
14369,11.09211,-0.188553,0.1474175,-0.08198464,-0.0138754,-0.0138754,0.08603844
14370,11.09286,-0.1886302,0.1474524,-0.08192216,-0.01387565,-0.01387565,0.0857515
14371,11.09365,-0.1886633,0.1474524,-0.08184593,-0.01387565,-0.01387565,0.08602937
14372,11.09438,-0.1886963,0.1474524,-0.08176968,-0.01362782,-0.01362782,0.08557875
14373,11.09517,-0.1887294,0.1474524,-0.08169342,-0.01362782,-0.01362782,0.08585224
14374,11.09866,-0.188948,0.1474951,-0.08132856,-0.01362812,-0.01362812,0.08476403
14375,11.09946,-0.188948,0.1474951,-0.08132856,0.001042399,0.001042399,0.08765716
14376,11.10012,-0.1889808,0.1474951,-0.0812522,0.001042399,0.001042399,0.08725173
14377,11.10103,-0.1890136,0.1474951,-0.08117587,0.001042399,0.001042399,0.08726747
14378,11.10183,-0.1890465,0.1474951,-0.08109944,0.001042399,0.001042399,0.08830435
14379,11.10259,-0.1890792,0.1474951,-0.08102303,0.001042399,0.001042399,0.08687492
14380,11.10331,-0.1891119,0.1474951,-0.08094666,0.001042399,0.001042399,0.08782385
14381,11.10407,-0.1891997,0.1475386,-0.08088697,0.001043074,0.001043074,0.08784963
14382,11.1048,-0.1892323,0.1475386,-0.08081051,0.001848392,0.001848392,0.08834593
14383,11.10551,-0.189265,0.1475386,-0.08073403,0.001848392,0.001848392,0.08982183
14384,11.10634,-0.1892976,0.1475386,-0.08065758,0.007609784,0.007609784,0.09098258
14385,11.10711,-0.1892976,0.1475386,-0.08065758,0.007609784,0.007609784,0.09098258
14386,11.10777,-0.1893627,0.1475386,-0.08050456,0.007609784,0.007609784,0.09069678
14387,11.10852,-0.1893952,0.1475386,-0.08042803,0.007609784,0.007609784,0.09163169
14388,11.10925,-0.1894277,0.1475386,-0.08035152,0.007609784,0.007609784,0.09230826
14389,11.1101,-0.1894601,0.1475386,-0.08027497,0.007609784,0.007609784,0.09232847
14390,11.1108,-0.1895477,0.1475822,-0.08021501,0.007412127,0.007412127,0.09264303
14391,11.11151,-0.1895801,0.1475822,-0.08013836,0.007412127,0.007412127,0.0923854
14392,11.11227,-0.1896125,0.1475822,-0.08006179,0.007412127,0.007412127,0.0949778
14393,11.11301,-0.1896448,0.1475822,-0.07998516,0.007412127,0.007412127,0.09499827
14394,11.11383,-0.1897094,0.1475822,-0.07983185,0.007412127,0.007412127,0.09522355
14395,11.11463,-0.1897094,0.1475822,-0.07983185,0.007412127,0.007412127,0.0951257
14396,11.11535,-0.1897738,0.1475822,-0.07967854,0.007412127,0.007412127,0.09756801
14397,11.11607,-0.189806,0.1475822,-0.07960184,0.007412127,0.007412127,0.09758882
14398,11.1168,-0.1898934,0.1476259,-0.0795415,0.007416926,0.007416926,0.1001253
14399,11.11749,-0.1899255,0.1476259,-0.07946475,0.00720396,0.00720396,0.1002274
14400,11.11832,-0.1899576,0.1476259,-0.07938803,0.00720396,0.00720396,0.09970014
14401,11.11907,-0.1899897,0.1476259,-0.07931127,0.00720396,0.00720396,0.0997211
14402,11.11994,-0.1900537,0.1476259,-0.07915768,0.00720396,0.00720396,0.1019739
14403,11.12068,-0.1901409,0.1476696,-0.07909714,0.00720862,0.00720862,0.1048834
14404,11.12159,-0.1901729,0.1476696,-0.07902029,0.00781686,0.00781686,0.1061075
14405,11.12233,-0.1902366,0.1476696,-0.07886656,0.00781686,0.00781686,0.1065122
14406,11.12305,-0.1902685,0.1476696,-0.07878973,0.00781686,0.00781686,0.1065345
14407,11.12374,-0.1903321,0.1476696,-0.07863592,0.00781686,0.00781686,0.1098325
14408,11.12445,-0.1903321,0.1476696,-0.07863592,0.00781686,0.00781686,0.1129791
14409,11.1251,-0.1903639,0.1476696,-0.07855899,0.00781686,0.00781686,0.1130025
14410,11.12584,-0.1904826,0.1477133,-0.07842118,0.007821915,0.007821915,0.1111366
14411,11.12657,-0.1904826,0.1477133,-0.07842118,0.007843895,0.007843895,0.1115704
14412,11.12721,-0.1905459,0.1477133,-0.0782672,0.007843895,0.007843895,0.1144341
14413,11.12994,-0.1906722,0.1477133,-0.07795918,0.007843895,0.007843895,0.1171615
14414,11.1307,-0.1907037,0.1477133,-0.07788207,0.007989975,0.007989975,0.1150757
14415,11.13143,-0.1907665,0.1477133,-0.07772796,0.007989975,0.007989975,0.1173619
14416,11.13234,-0.1908846,0.1477571,-0.07758953,0.007876746,0.007876746,0.118593
14417,11.13312,-0.1908846,0.1477571,-0.07758953,0.007876746,0.007876746,0.118593
14418,11.1338,-0.1909473,0.1477571,-0.07743526,0.007876746,0.007876746,0.1175126
14419,11.13452,-0.1909786,0.1477571,-0.07735809,0.007876746,0.007876746,0.1191481
14420,11.13526,-0.1910098,0.1477571,-0.0772809,0.007826968,0.007826968,0.1187665
14421,11.13598,-0.191041,0.1477571,-0.07720371,0.007826968,0.007826968,0.1187904
14422,11.13671,-0.1910722,0.1477571,-0.07712655,0.007826968,0.007826968,0.1171173
14423,11.13741,-0.1911587,0.1478008,-0.07706493,0.007923666,0.007923666,0.1168958
14424,11.13816,-0.1911898,0.1478008,-0.07698772,0.007923666,0.007923666,0.1169194
14425,11.13893,-0.1912209,0.1478008,-0.07691041,0.007923666,0.007923666,0.118936
14426,11.13979,-0.191283,0.1478008,-0.07675587,0.007923666,0.007923666,0.1171468
14427,11.14051,-0.191314,0.1478008,-0.07667861,0.007923666,0.007923666,0.1178889
14428,11.14136,-0.1914004,0.1478446,-0.07661672,0.008477166,0.008477166,0.1183073
14429,11.14233,-0.1914622,0.1478446,-0.07646205,0.008477166,0.008477166,0.1189502
14430,11.14318,-0.1914622,0.1478446,-0.07646205,0.008477166,0.008477166,0.1189502
14431,11.14387,-0.1914949,0.147894,-0.07629922,0.00847738,0.00847738,0.1176589
14432,11.14463,-0.1915258,0.147894,-0.07622182,0.00847738,0.00847738,0.1189943
14433,11.14543,-0.1916427,0.1479378,-0.07608236,0.008863228,0.008863228,0.1196358
14434,11.14625,-0.1916734,0.1479378,-0.07600495,0.008863228,0.008863228,0.1185931
14435,11.14705,-0.1917041,0.1479378,-0.07592744,0.008863228,0.008863228,0.1186412
14436,11.1478,-0.1917546,0.1480422,-0.07585546,0.01047305,0.01047305,0.1184995
14437,11.14859,-0.1917546,0.1480422,-0.07585546,0.01105535,0.01105535,0.1184116
14438,11.14934,-0.1918159,0.1480422,-0.07570051,0.01105535,0.01105535,0.1177315
14439,11.15009,-0.1919019,0.1480861,-0.0756381,0.01106179,0.01106179,0.1177674
14440,11.15086,-0.1919324,0.1480861,-0.07556058,0.01170674,0.01170674,0.1162401
14441,11.1516,-0.1919629,0.1480861,-0.07548302,0.01170674,0.01170674,0.1159218
14442,11.15233,-0.1920125,0.1481916,-0.07541068,0.01356503,0.01356503,0.1155782
14443,11.15315,-0.1920429,0.1481916,-0.07533303,0.01356503,0.01356503,0.1156025
14444,11.15392,-0.1920734,0.1481916,-0.07525542,0.01356503,0.01356503,0.1153396
14445,11.15468,-0.1921592,0.1482355,-0.07519286,0.01563588,0.01563588,0.113689
14446,11.15545,-0.1921896,0.1482355,-0.0751152,0.01563588,0.01563588,0.1107721
14447,11.15615,-0.1921835,0.1482972,-0.07502773,0.01563562,0.01563562,0.1107757
14448,11.15732,-0.1922995,0.1483411,-0.07488731,0.03166675,0.03166675,0.1116166
14449,11.15814,-0.1923297,0.1483411,-0.07480959,0.03166675,0.03166675,0.1116166
14450,11.15887,-0.1923788,0.1484468,-0.07473698,0.0335422,0.0335422,0.110739
14451,11.15961,-0.1924342,0.1484908,-0.07475185,0.03594094,0.03594094,0.1084052
14452,11.16049,-0.1924946,0.1484908,-0.0745963,0.03595355,0.03595355,0.1082489
14453,11.16139,-0.1925436,0.1485965,-0.07452355,0.03737257,0.03737257,0.1081643
14454,11.16215,-0.1925436,0.1485965,-0.07452355,0.03737257,0.03737257,0.1081876
14455,11.16282,-0.1926591,0.1486406,-0.07438265,0.0373856,0.0373856,0.1032584
14456,11.16359,-0.1926225,0.1487023,-0.0743729,0.04095039,0.04095039,0.1024641
14457,11.16434,-0.192738,0.1487464,-0.07423194,0.04194019,0.04194019,0.1020622
14458,11.16506,-0.1927933,0.1487906,-0.07424663,0.04195538,0.04195538,0.1021194
14459,11.16578,-0.1928233,0.1487906,-0.07416876,0.04404245,0.04404245,0.1001506
14460,11.1665,-0.1929086,0.1488347,-0.07410543,0.04404245,0.04404245,0.09727459
14461,11.16724,-0.1929019,0.1488963,-0.07401779,0.04418529,0.04418529,0.09524027
14462,11.16793,-0.1929573,0.1489405,-0.07403242,0.0442019,0.0442019,0.095272
14463,11.16866,-0.1929872,0.1489405,-0.07395448,0.04456857,0.04456857,0.09503599
14464,11.16939,-0.1930058,0.1490464,-0.0739594,0.04682389,0.04682389,0.09424119
14465,11.1701,-0.1930357,0.1490464,-0.0738814,0.04682389,0.04682389,0.09426573
14466,11.17086,-0.1930842,0.1491521,-0.07380832,0.05029515,0.05029515,0.08606655
14467,11.17155,-0.1931395,0.1491965,-0.07382286,0.0510268,0.0510268,0.08597893
14468,11.17231,-0.1931878,0.1493023,-0.07374962,0.05429045,0.05429045,0.07920403
14469,11.17315,-0.1932729,0.1493467,-0.07368607,0.054284,0.054284,0.07919115
14470,11.17396,-0.1933026,0.1493467,-0.07360796,0.05597842,0.05597842,0.07827108
14471,11.17468,-0.1933026,0.1493467,-0.07360796,0.05597842,0.05597842,0.07901328
14472,11.17535,-0.1933805,0.1494526,-0.07345651,0.05632989,0.05632989,0.07923684
14473,11.17608,-0.1934358,0.149497,-0.07347091,0.05635091,0.05635091,0.07928877
14474,11.17685,-0.1934911,0.1495415,-0.07348533,0.05697491,0.05697491,0.07953339
14475,11.17768,-0.1934838,0.149603,-0.07339757,0.05696775,0.05696775,0.07952065
14476,11.17841,-0.1935687,0.1496474,-0.07333373,0.0587951,0.0587951,0.07316063
14477,11.17912,-0.193587,0.1497535,-0.07333849,0.05932081,0.05932081,0.07601251
14478,11.17988,-0.1937015,0.149798,-0.07319629,0.06195845,0.06195845,0.07349443
14479,11.1806,-0.1937197,0.149904,-0.07320102,0.06193011,0.06193011,0.07557454
14480,11.18147,-0.1937493,0.149904,-0.07312273,0.06193011,0.06193011,0.0755996
14481,11.18218,-0.1938045,0.1499486,-0.073137,0.06305586,0.06305586,0.07263344
14482,11.18289,-0.1938522,0.1500546,-0.0730634,0.06587004,0.06587004,0.07086857
14483,11.18377,-0.1939368,0.1500993,-0.07299927,0.06662048,0.06662048,0.06880433
14484,11.18456,-0.1939368,0.1500993,-0.07299927,0.06662048,0.06662048,0.06880433
14485,11.18526,-0.1940396,0.15025,-0.07293978,0.06572763,0.06572763,0.06793968
14486,11.18616,-0.194069,0.15025,-0.07286131,0.06753993,0.06753993,0.06769985
14487,11.18694,-0.1941715,0.150401,-0.07280167,0.06983029,0.06983029,0.06751613
14488,11.1877,-0.1941715,0.150401,-0.07280167,0.06985706,0.06985706,0.06754229
14489,11.18837,-0.1941895,0.1505072,-0.07280628,0.07158209,0.07158209,0.06755007
14490,11.18923,-0.194274,0.150552,-0.07274189,0.07201909,0.07201909,0.06433525
14491,11.18996,-0.1943212,0.1506582,-0.07266799,0.07300576,0.07300576,0.06429254
14492,11.19069,-0.1943212,0.1506582,-0.07266799,0.07300576,0.07300576,0.06429254
14493,11.19131,-0.1944234,0.1508093,-0.07260799,0.07355899,0.07355899,0.06431774
14494,11.19223,-0.1945077,0.1508543,-0.07254346,0.07710718,0.07710718,0.06147543
14495,11.19303,-0.1945077,0.1508543,-0.07254346,0.07687756,0.07687756,0.06325176
14496,11.1937,-0.1945627,0.1508992,-0.07255746,0.07690695,0.07690695,0.0632773
14497,11.19449,-0.1946098,0.1510056,-0.07248335,0.07669785,0.07669785,0.06078146
14498,11.19523,-0.1947117,0.1511569,-0.07242317,0.07789179,0.07789179,0.06053297
14499,11.19594,-0.1947409,0.1511569,-0.07234443,0.08099765,0.08099765,0.05993598
14500,11.19666,-0.1947959,0.151202,-0.07235835,0.08102942,0.08102942,0.05998899
14501,11.19743,-0.1948134,0.1513084,-0.0723628,0.08129413,0.08129413,0.05895291
14502,11.19834,-0.1948602,0.1514148,-0.07228854,0.08173892,0.08173892,0.05796184
14503,11.19952,-0.1949442,0.15146,-0.07222364,0.08392163,0.08392163,0.05641569
14504,11.20031,-0.1949908,0.1515664,-0.07214931,0.0845286,0.0845286,0.05603884
14505,11.20126,-0.1950922,0.1517181,-0.07208867,0.08501414,0.08501414,0.05605135
14506,11.20203,-0.195147,0.1517634,-0.07210247,0.08577925,0.08577925,0.05634047
14507,11.20275,-0.1951935,0.15187,-0.0720279,0.08590804,0.08590804,0.05594609
14508,11.20348,-0.1951935,0.15187,-0.0720279,0.08589773,0.08589773,0.05593862
14509,11.20411,-0.1952773,0.1519153,-0.0719628,0.08619836,0.08619836,0.05599748
14510,11.20482,-0.1953784,0.1520672,-0.0719019,0.08695618,0.08695618,0.05463309
14511,11.20552,-0.1953784,0.1520672,-0.0719019,0.08698911,0.08698911,0.0546569
14512,11.20617,-0.1954331,0.1521127,-0.07191561,0.08756841,0.08756841,0.05509339
14513,11.20689,-0.1954793,0.1522193,-0.07184095,0.08989265,0.08989265,0.05459985
14514,11.20782,-0.1955254,0.1523259,-0.07176616,0.0892141,0.0892141,0.05279043
14515,11.20862,-0.1955801,0.1523714,-0.07177981,0.08924748,0.08924748,0.05284024
14516,11.20946,-0.1956261,0.1524781,-0.07170504,0.09085338,0.09085338,0.05393598
14517,11.21026,-0.1956977,0.1526304,-0.07172288,0.09291692,0.09291692,0.05135518
14518,11.21321,-0.1958984,0.1529352,-0.07160018,0.09453692,0.09453692,0.04970044
14519,11.21422,-0.1959273,0.1529352,-0.07152096,0.09522875,0.09522875,0.04923787
14520,11.21502,-0.1959986,0.1530878,-0.07153863,0.09554712,0.09554712,0.04972107
14521,11.21584,-0.1960441,0.1531946,-0.07146358,0.09711512,0.09711512,0.04922914
14522,11.21662,-0.1960986,0.1532404,-0.07147706,0.0971508,0.0971508,0.04925192
14523,11.21737,-0.1961441,0.1533473,-0.0714019,0.09741615,0.09741615,0.04875869
14524,11.21808,-0.1961986,0.1533932,-0.07141536,0.09918942,0.09918942,0.04755504
14525,11.21878,-0.1962151,0.1535001,-0.07141943,0.09922591,0.09922591,0.04757755
14526,11.21947,-0.1962603,0.153607,-0.07134423,0.09847209,0.09847209,0.04676031
14527,11.22019,-0.1963692,0.153699,-0.07137106,0.1016697,0.1016697,0.04563905
14528,11.22115,-0.1963855,0.153806,-0.07137509,0.1025383,0.1025383,0.04486233
14529,11.22191,-0.1964306,0.153913,-0.07129972,0.104214,0.104214,0.04210185
14530,11.22262,-0.196485,0.153959,-0.07131309,0.104214,0.104214,0.04210185
14531,11.22334,-0.19653,0.1540661,-0.07123768,0.1041267,0.1041267,0.042209
14532,11.22404,-0.1965843,0.1541122,-0.07125101,0.1055549,0.1055549,0.0405546
14533,11.22474,-0.1965462,0.1541731,-0.07124165,0.1055412,0.1055412,0.04055095
14534,11.2255,-0.1966835,0.1542654,-0.07118884,0.1053597,0.1053597,0.03942166
14535,11.22621,-0.1966996,0.1543725,-0.07119278,0.1061177,0.1061177,0.03873498
14536,11.22691,-0.1967156,0.1544797,-0.0711967,0.1061896,0.1061896,0.03848431
14537,11.22767,-0.1967698,0.154526,-0.07121,0.1062137,0.1062137,0.03850137
14538,11.2285,-0.1968687,0.1546794,-0.07114768,0.1070164,0.1070164,0.03841748
14539,11.22923,-0.1968304,0.1547403,-0.07113831,0.1102106,0.1102106,0.0329155
14540,11.23002,-0.1969545,0.1549402,-0.07116868,0.1097854,0.1097854,0.03185719
14541,11.2308,-0.1969832,0.1549402,-0.07108908,0.1098631,0.1098631,0.03189436
14542,11.23155,-0.196999,0.1550475,-0.07109293,0.1126744,0.1126744,0.03030957
14543,11.23219,-0.1970531,0.1550939,-0.07110614,0.1140629,0.1140629,0.03067228
14544,11.23293,-0.1971228,0.1552477,-0.07112318,0.1141426,0.1141426,0.02994292
14545,11.23367,-0.1971383,0.1553551,-0.07112698,0.1141273,0.1141273,0.02994178
14546,11.23438,-0.1971826,0.1554624,-0.07105105,0.1165838,0.1165838,0.02629394
14547,11.23513,-0.1972366,0.155509,-0.07106422,0.1171483,0.1171483,0.02634816
14548,11.23586,-0.197306,0.155663,-0.07108114,0.1186819,0.1186819,0.0263272
14549,11.23662,-0.1973214,0.1557704,-0.07108489,0.1187646,0.1187646,0.0263625
14550,11.23734,-0.1973367,0.1558778,-0.07108863,0.11922,0.11922,0.02588686
14551,11.23821,-0.1974193,0.1559246,-0.07102206,0.1193876,0.1193876,0.02638172
14552,11.23896,-0.1974345,0.156032,-0.07102577,0.1208193,0.1208193,0.02006235
14553,11.23971,-0.1974497,0.1561394,-0.07102947,0.1208448,0.1208448,0.02007952
14554,11.24044,-0.1975187,0.1562938,-0.07104626,0.1213473,0.1213473,0.02007
14555,11.2413,-0.1975187,0.1562938,-0.07104626,0.1253487,0.1253487,0.02002078
14556,11.24195,-0.1976412,0.1564951,-0.0710761,0.1251372,0.1251372,0.02003132
14557,11.24269,-0.1976312,0.1565557,-0.0709868,0.1251628,0.1251628,0.02007311
14558,11.24344,-0.1976998,0.1567103,-0.07100348,0.1262017,0.1262017,0.01599488
14559,11.24419,-0.1977535,0.1567573,-0.07101653,0.1287842,0.1287842,0.01543462
14560,11.2449,-0.1977831,0.1569725,-0.07102373,0.1310356,0.1310356,0.01642041
14561,11.24574,-0.1978367,0.1570196,-0.07103676,0.1310793,0.1310793,0.01643582
14562,11.2493,-0.1980557,0.1575921,-0.07108999,0.1370842,0.1370842,0.014517
14563,11.25044,-0.1980701,0.1576999,-0.07109349,0.1359493,0.1359493,0.01438945
14564,11.25139,-0.1981379,0.157855,-0.07110997,0.1371791,0.1371791,-0.0120904
14565,11.25221,-0.1981522,0.1579628,-0.07111344,0.138814,0.138814,-0.0125168
14566,11.25307,-0.1982198,0.1581181,-0.07112987,0.1390309,0.1390309,-0.01246925
14567,11.25383,-0.1982872,0.1582735,-0.07114626,0.1433249,0.1433249,-0.01254566
14568,11.25458,-0.1983013,0.1583814,-0.07114968,0.1433043,0.1433043,-0.01253697
14569,11.25528,-0.1983013,0.1583814,-0.07114968,0.1414781,0.1414781,-0.01209645
14570,11.25593,-0.1983686,0.1585369,-0.07116603,0.1415712,0.1415712,-0.01276946
14571,11.25667,-0.1984113,0.1586448,-0.0710893,0.1415991,0.1415991,-0.01273105
14572,11.2574,-0.1984783,0.1588005,-0.07110558,0.1431826,0.1431826,-0.001718718
14573,11.25823,-0.1984921,0.1589084,-0.07110892,0.1446302,0.1446302,-0.001675372
14574,11.25896,-0.198559,0.1590642,-0.07112515,0.1449655,0.1449655,-0.001516733
14575,11.25971,-0.1985727,0.1591722,-0.07112847,0.1450186,0.1450186,-0.001480045
14576,11.26041,-0.1985863,0.1592802,-0.07113178,0.1459226,0.1459226,-0.001578611
14577,11.26134,-0.1986529,0.1594362,-0.07114793,0.1451439,0.1451439,-0.001589105
14578,11.26208,-0.1987059,0.1594841,-0.07116079,0.1454849,0.1454849,-0.001535129
14579,11.26281,-0.1987724,0.1596401,-0.07117692,0.1452539,0.1452539,-0.001409601
14580,11.26354,-0.1987858,0.1597483,-0.07118017,0.1452802,0.1452802,-0.001391242
14581,11.26427,-0.1988387,0.1597963,-0.07119302,0.1479702,0.1479702,-0.001462185
14582,11.26505,-0.1988124,0.1599646,-0.07118662,0.147987,0.147987,-0.01202329
14583,11.26579,-0.1989181,0.1600608,-0.07121228,0.1480352,0.1480352,-0.01201426
14584,11.26651,-0.1988916,0.160229,-0.07120585,0.1491819,0.1491819,-0.01210222
14585,11.26728,-0.1989444,0.1602772,-0.07121867,0.1492873,0.1492873,-0.01199076
14586,11.26808,-0.1989575,0.1603854,-0.07122184,0.149287,0.149287,-0.01182123
14587,11.26896,-0.1990233,0.1605419,-0.07123781,0.150384,0.150384,-0.01193383
14588,11.26976,-0.1990362,0.1606501,-0.07124095,0.15041,0.15041,-0.01191556
14589,11.27059,-0.1991018,0.1608068,-0.07125685,0.1509311,0.1509311,-0.011918
14590,11.27137,-0.1991673,0.1609634,-0.07127273,0.1515786,0.1515786,-0.01189932
14591,11.27212,-0.1992199,0.1610119,-0.07128551,0.1515091,0.1515091,-0.01201462
14592,11.27284,-0.1992852,0.1611687,-0.07130135,0.1524601,0.1524601,-0.01215857
14593,11.27359,-0.1992978,0.1612771,-0.07130441,0.1524866,0.1524866,-0.01214005
14594,11.27433,-0.1993104,0.1613855,-0.07130747,0.1529881,0.1529881,-0.01211512
14595,11.27511,-0.1993629,0.1614341,-0.07132021,0.1520477,0.1520477,-0.01177761
14596,11.27599,-0.1993879,0.161651,-0.07132626,0.152332,0.152332,-0.01218971
14597,11.27682,-0.1994928,0.1617483,-0.07135171,0.151822,0.151822,-0.01203085
14598,11.27757,-0.1994527,0.1618081,-0.07134198,0.1518483,0.1518483,-0.0120124
14599,11.2783,-0.1995174,0.1619653,-0.07135767,0.1516382,0.1516382,-0.0120388
14600,11.27905,-0.1995986,0.1620141,-0.07128968,0.1521207,0.1521207,-0.007612917
14601,11.2798,-0.1996108,0.1621226,-0.07129264,0.152147,0.152147,-0.007594194
14602,11.28051,-0.1996753,0.16228,-0.07130826,0.1515365,0.1515365,-0.007346452
14603,11.28145,-0.1997396,0.1624374,-0.07132384,0.1528509,0.1528509,-0.007449843
14604,11.28224,-0.1996994,0.1624972,-0.0713141,0.1527939,0.1527939,-0.007619011
14605,11.28304,-0.1997923,0.1626547,-0.07124895,0.1516654,0.1516654,-0.005886485
14606,11.28391,-0.1998564,0.1628124,-0.07126444,0.1519464,0.1519464,-0.005843115
14607,11.28471,-0.1999085,0.1628614,-0.07127704,0.1519722,0.1519722,-0.005824367
14608,11.28545,-0.1999725,0.1630192,-0.0712925,0.150807,0.150807,-0.005771542
14609,11.28624,-0.2000246,0.1630682,-0.0713051,0.151018,0.151018,-0.0059854
14610,11.28702,-0.2000362,0.163177,-0.07130793,0.1513604,0.1513604,-0.005911945
14611,11.28785,-0.2001287,0.163335,-0.07124245,0.1490513,0.1490513,-0.004310112
14612,11.2886,-0.2001403,0.1634438,-0.07124524,0.1490779,0.1490779,-0.004291646
14613,11.28944,-0.2001517,0.1635526,-0.07124801,0.1492153,0.1492153,-0.00415163
14614,11.29025,-0.2002037,0.1636019,-0.07126056,0.1487261,0.1487261,-0.004126911
14615,11.2911,-0.2002671,0.16376,-0.07127585,0.14781,0.14781,-0.003953812
14616,11.29187,-0.2003591,0.1639182,-0.07121019,0.1485339,0.1485339,0.006879367
14617,11.29262,-0.2003591,0.1639182,-0.07121019,0.1485816,0.1485816,0.006893453
14618,11.29326,-0.2004222,0.1640766,-0.07122539,0.146893,0.146893,0.006642929
14619,11.29614,-0.2005879,0.1645025,-0.07117727,0.145697,0.145697,0.008773534
14620,11.29704,-0.2006914,0.1646017,-0.07120216,0.1443856,0.1443856,0.008889286
14621,11.29802,-0.200731,0.1647108,-0.07112371,0.1428309,0.1428309,0.009536826
14622,11.29887,-0.2007418,0.1648199,-0.07112632,0.1428574,0.1428574,0.00955516
14623,11.29964,-0.2008452,0.1649193,-0.07115112,0.1434293,0.1434293,0.009619767
14624,11.3004,-0.2008559,0.1650285,-0.07115369,0.1420342,0.1420342,0.009201082
14625,11.30141,-0.2008666,0.1651376,-0.07115626,0.1412825,0.1412825,0.009388194
14626,11.30213,-0.2009984,0.1652372,-0.07109979,0.1413952,0.1413952,0.009295584
14627,11.30287,-0.2009575,0.1652966,-0.07108999,0.1414222,0.1414222,0.00931369
14628,11.30375,-0.2010196,0.1654556,-0.07110486,0.1403436,0.1403436,0.009500765
14629,11.30448,-0.2010998,0.1655055,-0.07103599,0.1395118,0.1395118,0.01035762
14630,11.30521,-0.2011617,0.1656647,-0.07105079,0.1375019,0.1375019,0.01039889
14631,11.30595,-0.2011617,0.1656647,-0.07105079,0.1375474,0.1375474,0.01041345
14632,11.30667,-0.2012522,0.1658241,-0.07098425,0.1381041,0.1381041,0.0103504
14633,11.3074,-0.2013036,0.1658741,-0.07099653,0.1372216,0.1372216,0.01162921
14634,11.30811,-0.2013139,0.1659834,-0.07099898,0.1353557,0.1353557,0.01134175
14635,11.30882,-0.2013241,0.1660927,-0.07100143,0.135383,0.135383,0.01135914
14636,11.30953,-0.2014554,0.166193,-0.07094448,0.136013,0.136013,0.01152892
14637,11.31025,-0.2014554,0.166193,-0.07094448,0.135599,0.135599,0.01165599
14638,11.31097,-0.2015168,0.1663526,-0.07095911,0.1356257,0.1356257,0.01167337
14639,11.31169,-0.2015268,0.1664621,-0.07096151,0.1355318,0.1355318,0.01148844
14640,11.31242,-0.2015781,0.1665123,-0.07097372,0.1344425,0.1344425,0.01160237
14641,11.31321,-0.2016167,0.1666218,-0.07089466,0.133821,0.133821,0.0116217
14642,11.31398,-0.2016679,0.1666721,-0.07090684,0.1338483,0.1338483,0.01163884
14643,11.3148,-0.2017289,0.166832,-0.07092135,0.1327677,0.1327677,0.01246788
14644,11.31563,-0.2018597,0.1669328,-0.07086411,0.1325876,0.1325876,0.01247686
14645,11.31639,-0.2018695,0.1670424,-0.07086644,0.1319303,0.1319303,0.01279949
14646,11.31714,-0.2019206,0.1670929,-0.07087856,0.1311252,0.1311252,0.01304422
14647,11.31792,-0.2019302,0.1672024,-0.07088085,0.1311522,0.1311522,0.01306103
14648,11.31872,-0.2020323,0.1673035,-0.07090509,0.1298021,0.1298021,0.01294716
14649,11.31952,-0.2020705,0.1674132,-0.07082576,0.1300964,0.1300964,0.01354662
14650,11.32028,-0.2021214,0.1674638,-0.07083784,0.1286062,0.1286062,0.0133515
14651,11.32123,-0.2021818,0.1676242,-0.07085215,0.1294882,0.1294882,0.01348673
14652,11.32195,-0.2022199,0.1677339,-0.07077263,0.1295322,0.1295322,0.01350175
14653,11.32266,-0.2022707,0.1677847,-0.07078467,0.1292699,0.1292699,0.01367971
14654,11.32343,-0.2022801,0.1678944,-0.07078688,0.1280488,0.1280488,0.01487539
14655,11.32414,-0.2023818,0.167996,-0.07081094,0.128513,0.128513,0.0149154
14656,11.32487,-0.2023402,0.168055,-0.0708011,0.1284968,0.1284968,0.01491656
14657,11.32565,-0.2024418,0.1681566,-0.07082514,0.1274835,0.1274835,0.01503947
14658,11.32651,-0.2024795,0.1682665,-0.07074553,0.1272727,0.1272727,0.01359201
14659,11.32735,-0.2025302,0.1683174,-0.0707575,0.1273161,0.1273161,0.01360691
14660,11.32815,-0.20259,0.1684783,-0.07077163,0.1265831,0.1265831,0.01336132
14661,11.32888,-0.2026406,0.1685292,-0.07078359,0.1266266,0.1266266,0.01337621
14662,11.32959,-0.2026496,0.1686392,-0.07078571,0.1266829,0.1266829,0.01342082
14663,11.33027,-0.2027002,0.1686902,-0.07079767,0.125705,0.125705,0.01336856
14664,11.33099,-0.2027377,0.1688002,-0.07071784,0.1257331,0.1257331,0.01338458
14665,11.33174,-0.2028388,0.1689024,-0.07074169,0.1260499,0.1260499,0.01234037
14666,11.33245,-0.2027971,0.1689613,-0.07073185,0.1260345,0.1260345,0.01234178
14667,11.33315,-0.2028058,0.1690713,-0.0707339,0.1257844,0.1257844,0.0123583
14668,11.33387,-0.2029068,0.1691736,-0.07075773,0.1252886,0.1252886,0.01308205
14669,11.33456,-0.2030078,0.1692761,-0.07078154,0.1258371,0.1258371,0.01290336
14670,11.33528,-0.2029659,0.169335,-0.07077166,0.1258646,0.1258646,0.01291931
14671,11.33604,-0.2030668,0.1694376,-0.07079544,0.1246909,0.1246909,0.01224431
14672,11.3368,-0.2030753,0.1695478,-0.07079744,0.1256663,0.1256663,0.01205209
14673,11.33759,-0.2031627,0.1697093,-0.07072926,0.1245929,0.1245929,0.009070657
14674,11.33831,-0.2031627,0.1697093,-0.07072926,0.1246355,0.1246355,0.009084293
14675,11.33895,-0.203213,0.1697606,-0.07074111,0.125149,0.125149,0.00889505
14676,11.33971,-0.2032716,0.1699223,-0.07075491,0.1252599,0.1252599,0.009017654
14677,11.34054,-0.2033722,0.1700253,-0.07077857,0.1243009,0.1243009,0.008962418
14678,11.34151,-0.2033587,0.1700841,-0.07068646,0.1243287,0.1243287,0.009002199
14679,11.3423,-0.2034171,0.1702459,-0.07070017,0.1249067,0.1249067,0.008520968
14680,11.34311,-0.2034673,0.1702975,-0.07071196,0.1244799,0.1244799,0.008847469
14681,11.34394,-0.2035676,0.1704008,-0.07073553,0.1243418,0.1243418,0.008766687
14682,11.34479,-0.2035756,0.1705112,-0.07073741,0.1239996,0.1239996,0.008174546
14683,11.34558,-0.2035836,0.1706215,-0.07073929,0.1249103,0.1249103,0.008182309
14684,11.34641,-0.2036337,0.1706733,-0.07075106,0.1249531,0.1249531,0.008195805
14685,11.3472,-0.2037201,0.1708355,-0.07068238,0.1242629,0.1242629,0.007401636
14686,11.34802,-0.2037701,0.1708873,-0.07069412,0.1239274,0.1239274,0.006299161
14687,11.34879,-0.2037779,0.1709978,-0.07069594,0.1244396,0.1244396,0.006204904
14688,11.34953,-0.2038356,0.1711602,-0.07070947,0.1238044,0.1238044,0.006400216
14689,11.35032,-0.2038855,0.1712121,-0.07072117,0.1238467,0.1238467,0.00641317
14690,11.35105,-0.2039354,0.171264,-0.07073288,0.124633,0.124633,0.005932311
14691,11.35178,-0.203943,0.1713745,-0.07073466,0.12495,0.12495,0.005994005
14692,11.35253,-0.2040713,0.1714785,-0.07067558,0.1238349,0.1238349,0.005936211
14693,11.35324,-0.2040713,0.1714785,-0.07067558,0.1238349,0.1238349,0.005936211
14694,11.35388,-0.2040788,0.1715891,-0.07067733,0.1234497,0.1234497,0.003828755
14695,11.35463,-0.2041783,0.1716933,-0.07070064,0.122253,0.122253,0.003736566
14696,11.35542,-0.204136,0.1717519,-0.07069072,0.122253,0.122253,0.003736566
14697,11.3562,-0.2042355,0.1718561,-0.07071401,0.1220678,0.1220678,0.003820846
14698,11.3569,-0.2042852,0.1719082,-0.07072565,0.1221775,0.1221775,0.003744263
14699,11.35762,-0.2042925,0.172019,-0.07072736,0.1215719,0.1215719,0.003154933
14700,11.35852,-0.2043918,0.1721234,-0.07075061,0.1221603,0.1221603,0.003218101
14701,11.35932,-0.2043989,0.1722343,-0.07075227,0.1221603,0.1221603,0.003218101
14702,11.36011,-0.2044485,0.1722866,-0.07076389,0.1206655,0.1206655,0.003350548
14703,11.36101,-0.2044556,0.1723974,-0.07076554,0.1212751,0.1212751,0.003236541
14704,11.36172,-0.2045051,0.1724497,-0.07077714,0.1212615,0.1212615,-0.01224738
14705,11.36238,-0.2045833,0.1725021,-0.07070612,0.1213031,0.1213031,-0.01221793
14706,11.36311,-0.2046823,0.1726069,-0.07072926,0.1196373,0.1196373,0.001086467
14707,11.36387,-0.2046823,0.1726069,-0.07072926,0.1200875,0.1200875,0.0009430539
14708,11.36452,-0.2047387,0.1727703,-0.07074244,0.1175064,0.1175064,0.0004349677
14709,11.36527,-0.2047881,0.1728228,-0.07075399,0.1175064,0.1175064,0.0004349677
14710,11.36599,-0.2047881,0.1728228,-0.07075399,0.116752,0.116752,0.0006213937
14711,11.36662,-0.2048444,0.1729863,-0.07076713,0.1153877,0.1153877,0.0006476413
14712,11.3674,-0.2048937,0.1730389,-0.07077867,0.1154282,0.1154282,0.0006588973
14713,11.36821,-0.2049431,0.1730915,-0.0707902,0.1134759,0.1134759,0.0003747345
14714,11.36895,-0.205021,0.1731441,-0.07071888,0.113983,0.113983,0.0003071528
14715,11.36973,-0.2050703,0.1731967,-0.07073038,0.1132071,0.1132071,0.000459876
14716,11.37047,-0.2051196,0.1732494,-0.07074188,0.1132473,0.1132473,0.0004710322
14717,11.37119,-0.2051262,0.1733606,-0.07074341,0.1131354,0.1131354,0.000515361
14718,11.37192,-0.2051755,0.1734133,-0.0707549,0.1055549,0.1055549,-0.0001829183
14719,11.37265,-0.2052739,0.1735189,-0.07077787,0.1052354,0.1052354,-0.00128465
14720,11.37348,-0.2052739,0.1735189,-0.07077787,0.1052746,0.1052746,-0.001274102
14721,11.37412,-0.2053581,0.173683,-0.07070786,0.1057885,0.1057885,-0.0005879578
14722,11.37489,-0.2054073,0.1737358,-0.0707193,0.1029289,0.1029289,-0.0008019873
14723,11.37565,-0.2054564,0.1737887,-0.07073075,0.1018944,0.1018944,-0.001060429
14724,11.37639,-0.2054564,0.1737887,-0.07073075,0.1019336,0.1019336,-0.00104979
14725,11.37703,-0.2055546,0.1738946,-0.07075361,0.1009521,0.1009521,-0.0007997807
14726,11.37774,-0.2056037,0.1739475,-0.07076503,0.1013253,0.1013253,-0.001396013
14727,11.37847,-0.2055609,0.1740059,-0.07075506,0.1013562,0.1013562,-0.001383808
14728,11.38118,-0.205659,0.1741119,-0.07077791,0.09955797,0.09955797,-0.001285315
14729,11.38207,-0.205806,0.1742711,-0.07081212,0.09821706,0.09821706,-0.01350055
14730,11.38288,-0.2058549,0.1743242,-0.07082352,0.09651303,0.09651303,-0.01311956
14731,11.38362,-0.2059528,0.1744305,-0.0708463,0.09720664,0.09720664,-0.01323771
14732,11.38433,-0.2059528,0.1744305,-0.0708463,0.09720664,0.09720664,-0.01323771
14733,11.38497,-0.2060017,0.1744837,-0.07085768,0.09661958,0.09661958,-0.01309686
14734,11.38574,-0.2060505,0.1745369,-0.07086906,0.0951243,0.0951243,-0.01276213
14735,11.38644,-0.2060993,0.1745902,-0.07088043,0.09516051,0.09516051,-0.01275499
14736,11.38713,-0.2061053,0.1747018,-0.07088182,0.09045637,0.09045637,-0.01404725
14737,11.38789,-0.2061541,0.1747551,-0.07089318,0.08964242,0.08964242,-0.01385886
14738,11.38861,-0.2062029,0.1748084,-0.07090453,0.08967876,0.08967876,-0.01385183
14739,11.38938,-0.2062516,0.1748617,-0.07091589,0.08971507,0.08971507,-0.0138448
14740,11.39015,-0.2063004,0.1749151,-0.07092723,0.08953502,0.08953502,-0.01379177
14741,11.39089,-0.2063491,0.1749685,-0.07093858,0.0889267,0.0889267,-0.01364788
14742,11.39172,-0.2063978,0.1750219,-0.07094991,0.0883056,0.0883056,-0.01350152
14743,11.39252,-0.2064952,0.1751288,-0.07097258,0.08791405,0.08791405,-0.01340406
14744,11.39327,-0.2064952,0.1751288,-0.07097258,0.08794938,0.08794938,-0.01339717
14745,11.39392,-0.2065438,0.1751823,-0.0709839,0.08786478,0.08786478,-0.0133649
14746,11.39462,-0.2065924,0.1752359,-0.07099523,0.07374054,0.07374054,-0.01559033
14747,11.39534,-0.206641,0.1752894,-0.07100654,0.07377545,0.07377545,-0.01558385
14748,11.39612,-0.2066896,0.175343,-0.07101785,0.07423127,0.07423127,-0.01566619
14749,11.39964,-0.2069322,0.1756112,-0.07107433,0.07250419,0.07250419,-0.01524733
14750,11.40039,-0.2069376,0.1757233,-0.07107559,0.07919346,0.07919346,-0.0140694
14751,11.40128,-0.206986,0.175777,-0.07108687,0.07919346,0.07919346,-0.0140694
14752,11.40202,-0.2070345,0.1758308,-0.07109814,0.07848262,0.07848262,-0.01390661
14753,11.40274,-0.2070345,0.1758308,-0.07109814,0.07834647,0.07834647,-0.0138645
14754,11.40348,-0.2071312,0.1759385,-0.07112067,0.07905797,0.07905797,-0.01398621
14755,11.40434,-0.2071312,0.1759385,-0.07112067,0.07905797,0.07905797,-0.01398621
14756,11.40498,-0.2071796,0.1759923,-0.07113192,0.07856579,0.07856579,-0.01386972
14757,11.4057,-0.2072279,0.1760462,-0.07114318,0.07769663,0.07769663,-0.0136747
14758,11.40647,-0.2072762,0.1761001,-0.07115443,0.07690619,0.07690619,-0.01349643
14759,11.4072,-0.2073245,0.176154,-0.07116567,0.07693905,0.07693905,-0.01349006
14760,11.4079,-0.2073728,0.1762079,-0.07117691,0.07733522,0.07733522,-0.01357262
14761,11.40861,-0.2073728,0.1762079,-0.07117691,0.0703435,0.0703435,-0.01464664
14762,11.40927,-0.207421,0.1762619,-0.07118814,0.07037633,0.07037633,-0.01464042
14763,11.40999,-0.2074693,0.1763159,-0.07119937,0.06990713,0.06990713,-0.01452986
14764,11.41071,-0.2075174,0.1763699,-0.07121059,0.06924373,0.06924373,-0.01437915
14765,11.41142,-0.2075657,0.176424,-0.07122181,0.069276,0.069276,-0.01437302
14766,11.41224,-0.2076138,0.1764781,-0.07123303,0.06884364,0.06884364,-0.0142706
14767,11.41302,-0.2076619,0.1765321,-0.07124423,0.06876113,0.06876113,-0.01424079
14768,11.41374,-0.2076619,0.1765321,-0.07124423,0.06937145,0.06937145,-0.01436719
14769,11.4144,-0.2077101,0.1765863,-0.07125544,0.06940369,0.06940369,-0.01436105
14770,11.41515,-0.2077582,0.1766405,-0.07126664,0.06825263,0.06825263,-0.01411027
14771,11.41588,-0.2078063,0.1766946,-0.07127783,0.06747146,0.06747146,-0.01393633
14772,11.41669,-0.2078544,0.1767488,-0.07128903,0.06752295,0.06752295,-0.01393453
14773,11.41746,-0.2079024,0.1768031,-0.07130022,0.06755421,0.06755421,-0.01392854
14774,11.41823,-0.2079504,0.1768573,-0.0713114,0.0679891,0.0679891,-0.0140057
14775,11.41897,-0.2079984,0.1769116,-0.07132257,0.06812323,0.06812323,-0.01402081
14776,11.41974,-0.2080464,0.1769659,-0.07133374,0.06751934,0.06751934,-0.01389652
14777,11.42046,-0.2080944,0.1770202,-0.07134491,0.06675796,0.06675796,-0.01371529
14778,11.4213,-0.2080944,0.1770202,-0.07134491,0.06675796,0.06675796,-0.01371529
14779,11.42195,-0.2081423,0.1770746,-0.07135607,0.06636824,0.06636824,-0.01362306
14780,11.42268,-0.2081902,0.1771289,-0.07136723,0.06639882,0.06639882,-0.01361716
14781,11.42336,-0.2081902,0.1771289,-0.07136723,0.06639882,0.06639882,-0.01361716
14782,11.42402,-0.208286,0.1772378,-0.07138953,0.0660863,0.0660863,-0.01352887
14783,11.42482,-0.208286,0.1772378,-0.07138953,0.06640271,0.06640271,-0.01359365
14784,11.42551,-0.2083339,0.1772922,-0.07140067,0.06605217,0.06605217,-0.0135098
14785,11.42625,-0.2083817,0.1773467,-0.0714118,0.06608251,0.06608251,-0.01350393
14786,11.42704,-0.2084295,0.1774012,-0.07142293,0.06498186,0.06498186,-0.01326715
14787,11.42775,-0.2084295,0.1774012,-0.07142293,0.06469711,0.06469711,-0.01320902
14788,11.42842,-0.2084773,0.1774557,-0.07143407,0.06472678,0.06472678,-0.01320326
14789,11.42924,-0.2085251,0.1775103,-0.07144518,0.06461263,0.06461263,-0.0131682
14790,11.43001,-0.2085728,0.1775648,-0.0714563,0.06447916,0.06447916,-0.01312925
14791,11.43075,-0.2086205,0.1776194,-0.07146741,0.06383416,0.06383416,-0.01298629
14792,11.43157,-0.2086683,0.1776741,-0.07147852,0.0628093,0.0628093,-0.0127778
14793,11.43237,-0.2086683,0.1776741,-0.07147852,0.06283801,0.06283801,-0.0127722
14794,11.43303,-0.208716,0.1777287,-0.07148962,0.06268647,0.06268647,-0.01273001
14795,11.43388,-0.2087636,0.1777834,-0.07150073,0.06271707,0.06271707,-0.01272483
14796,11.43462,-0.2088113,0.1778381,-0.07151182,0.06157747,0.06157747,-0.01248243
14797,11.43535,-0.2088113,0.1778381,-0.07151182,0.06157747,0.06157747,-0.01248243
14798,11.43597,-0.2088589,0.1778928,-0.07152291,0.0612809,0.0612809,-0.0124112
14799,11.43667,-0.2088589,0.1778928,-0.07152291,0.06157794,0.06157794,-0.01247136
14800,11.43729,-0.2089065,0.1779476,-0.07153399,0.06160595,0.06160595,-0.01246587
14801,11.43799,-0.2089541,0.1780024,-0.07154507,0.06024904,0.06024904,-0.01218038
14802,11.43867,-0.2089541,0.1780024,-0.07154507,0.05995212,0.05995212,-0.01212035
14803,11.4393,-0.2090017,0.1780571,-0.07155614,0.05997936,0.05997936,-0.01211501
14804,11.43999,-0.2090492,0.178112,-0.07156722,0.05882858,0.05882858,-0.01187193
14805,11.44071,-0.2090492,0.178112,-0.07156722,0.05874423,0.05874423,-0.0118549
14806,11.44153,-0.2090967,0.1781668,-0.07157828,0.05845664,0.05845664,-0.0117863
14807,11.44229,-0.2091442,0.1782217,-0.07158934,0.05848313,0.05848313,-0.01178108
14808,11.44316,-0.2091442,0.1782217,-0.07158934,0.0577526,0.0577526,-0.01163392
14809,11.44381,-0.2091917,0.1782766,-0.07160039,0.05530493,0.05530493,-0.01113087
14810,11.44451,-0.2092392,0.1783315,-0.07161145,0.05532995,0.05532995,-0.01112593
14811,11.44524,-0.2092392,0.1783315,-0.07161145,0.05676064,0.05676064,-0.01141361
14812,11.44592,-0.2092866,0.1783865,-0.07162248,0.05526803,0.05526803,-0.01110352
14813,11.44678,-0.2092866,0.1783865,-0.07162248,0.05526803,0.05526803,-0.01110352
14814,11.44741,-0.209334,0.1784414,-0.07163353,0.055293,0.055293,-0.01109858
14815,11.4481,-0.2093814,0.1784965,-0.07164457,0.0536644,0.0536644,-0.01076202
14816,11.44903,-0.2094288,0.1785515,-0.07165559,0.05380432,0.05380432,-0.01078041
14817,11.44983,-0.2094288,0.1785515,-0.07165559,0.05355647,0.05355647,-0.01073075
14818,11.45049,-0.2094762,0.1786065,-0.07166661,0.05318318,0.05318318,-0.0106464
14819,11.45122,-0.2094762,0.1786065,-0.07166661,0.05318318,0.05318318,-0.0106464
14820,11.45195,-0.2094762,0.1786065,-0.07166661,0.05318318,0.05318318,-0.0106464
14821,11.4527,-0.2095708,0.1787167,-0.07168865,0.05208334,0.05208334,-0.01040754
14822,11.45345,-0.2095708,0.1787167,-0.07168865,0.05208334,0.05208334,-0.01040754
14823,11.45411,-0.2096181,0.1787718,-0.07169966,0.05210675,0.05210675,-0.01040287
14824,11.45484,-0.2096181,0.1787718,-0.07169966,0.05154335,0.05154335,-0.01029039
14825,11.45548,-0.2096181,0.1787718,-0.07169966,0.05154335,0.05154335,-0.01029039
14826,11.45611,-0.2096654,0.178827,-0.07171067,0.05138732,0.05138732,-0.01025003
14827,11.45682,-0.2096654,0.178827,-0.07171067,0.0479513,0.0479513,-0.009564666
14828,11.45744,-0.2097126,0.1788822,-0.07172167,0.04797283,0.04797283,-0.009560369
14829,11.45817,-0.2097126,0.1788822,-0.07172167,0.04849047,0.04849047,-0.009663529
14830,11.45884,-0.2097598,0.1789374,-0.07173266,0.04470221,0.04470221,-0.008908577
14831,11.45962,-0.2097598,0.1789374,-0.07173266,0.04472225,0.04472225,-0.008904574
14832,11.46035,-0.209807,0.1789926,-0.07174365,0.04550079,0.04550079,-0.009051451
14833,11.46128,-0.2098542,0.1790478,-0.07175464,0.04552115,0.04552115,-0.009047372
14834,11.464,-0.2098542,0.1790478,-0.07175464,0.0452472,0.0452472,-0.008992924
14835,11.46465,-0.2099486,0.1791584,-0.0717766,0.04271551,0.04271551,-0.008474501
14836,11.46548,-0.2099486,0.1791584,-0.0717766,0.04271551,0.04271551,-0.008474501
14837,11.46623,-0.2099957,0.1792137,-0.07178757,0.04214716,0.04214716,-0.008354231
14838,11.46699,-0.2099957,0.1792137,-0.07178757,0.04214716,0.04214716,-0.008354231
14839,11.46764,-0.2100428,0.1792691,-0.07179853,0.04254539,0.04254539,-0.008433167
14840,11.46842,-0.2100428,0.1792691,-0.07179853,0.04094458,0.04094458,-0.008108567
14841,11.46908,-0.2100898,0.1793244,-0.07180949,0.03982341,0.03982341,-0.007886535
14842,11.4698,-0.2100898,0.1793244,-0.07180949,0.03984117,0.03984117,-0.007882959
14843,11.47043,-0.2100898,0.1793244,-0.07180949,0.04078494,0.04078494,-0.008069694
14844,11.47107,-0.2100898,0.1793244,-0.07180949,0.03971437,0.03971437,-0.007857872
14845,11.47171,-0.2101369,0.1793799,-0.07182045,0.03973207,0.03973207,-0.007854305
14846,11.47244,-0.2101369,0.1793799,-0.07182045,0.03828892,0.03828892,-0.007569023
14847,11.47308,-0.2101839,0.1794353,-0.07183141,0.03904574,0.03904574,-0.00771169
14848,11.47382,-0.2101839,0.1794353,-0.07183141,0.03904574,0.03904574,-0.00771169
14849,11.47446,-0.2101839,0.1794353,-0.07183141,0.03904574,0.03904574,-0.00771169
14850,11.47507,-0.21026,0.1794907,-0.07175738,0.0369966,0.0369966,-0.007287733
14851,11.47582,-0.21026,0.1794907,-0.07175738,0.0369966,0.0369966,-0.007287733
14852,11.47651,-0.210307,0.1795462,-0.07176831,0.03701303,0.03701303,-0.00644753
14853,11.47726,-0.210307,0.1795462,-0.07176831,0.03712774,0.03712774,-0.006470107
14854,11.4779,-0.210307,0.1795462,-0.07176831,0.03712774,0.03712774,-0.006470107
14855,11.47852,-0.2103539,0.1796017,-0.07177922,0.03692108,0.03692108,-0.006422712
14856,11.47938,-0.2103539,0.1796017,-0.07177922,0.03692108,0.03692108,-0.006422712
14857,11.48005,-0.2104009,0.1796572,-0.07179014,0.03653407,0.03653407,-0.006339962
14858,11.4811,-0.2104009,0.1796572,-0.07179014,0.03609007,0.03609007,-0.006252737
14859,11.48173,-0.2104478,0.1797127,-0.07180104,0.03610607,0.03610607,-0.00624931
14860,11.48243,-0.2104478,0.1797127,-0.07180104,0.03529745,0.03529745,-0.006090595
14861,11.48305,-0.2104947,0.1797683,-0.07181194,0.03531307,0.03531307,-0.00608724
14862,11.48373,-0.2104947,0.1797683,-0.07181194,0.03531307,0.03531307,-0.00608724
14863,11.48437,-0.2104947,0.1797683,-0.07181194,0.03431595,0.03431595,-0.006729339
14864,11.48501,-0.2105237,0.1797683,-0.07172692,0.03431595,0.03431595,-0.006717643
14865,11.48574,-0.2105706,0.1798239,-0.0717378,0.03433114,0.03433114,-0.005183796
14866,11.48646,-0.2105706,0.1798239,-0.0717378,0.0338147,0.0338147,-0.005082789
14867,11.48717,-0.2106175,0.1798795,-0.07174867,0.03382965,0.03382965,-0.005079416
14868,11.48801,-0.2106175,0.1798795,-0.07174867,0.03382965,0.03382965,-0.005079416
14869,11.48872,-0.2106175,0.1798795,-0.07174867,0.03386108,0.03386108,-0.005085557
14870,11.48939,-0.2106643,0.1799352,-0.07175954,0.03312784,0.03312784,-0.004936107
14871,11.49008,-0.2106643,0.1799352,-0.07175954,0.03331734,0.03331734,-0.004973103
14872,11.49071,-0.2106643,0.1799352,-0.07175954,0.03331734,0.03331734,-0.004973103
14873,11.49131,-0.2107112,0.1799908,-0.0717704,0.03296072,0.03296072,-0.004897345
14874,11.4921,-0.2107112,0.1799908,-0.0717704,0.03232159,0.03232159,-0.00477268
14875,11.49274,-0.2107112,0.1799908,-0.0717704,0.03232159,0.03232159,-0.00477268
14876,11.49345,-0.210758,0.1800465,-0.07178126,0.03185423,0.03185423,-0.006213309
14877,11.49439,-0.210758,0.1800465,-0.07178126,0.0313256,0.0313256,-0.006104692
14878,11.49507,-0.2108048,0.1801022,-0.07179212,0.03196965,0.03196965,-0.006224589
14879,11.4958,-0.2108048,0.1801022,-0.07179212,0.03196965,0.03196965,-0.006224589
14880,11.49642,-0.2108048,0.1801022,-0.07179212,0.03157839,0.03157839,-0.00614841
14881,11.49706,-0.2108515,0.180158,-0.07180297,0.03101216,0.03101216,-0.006032721
14882,11.4978,-0.2108515,0.180158,-0.07180297,0.03101216,0.03101216,-0.006032721
14883,11.49841,-0.2108515,0.180158,-0.07180297,0.03062361,0.03062361,-0.005957135
14884,11.49904,-0.2108983,0.1802137,-0.07181381,0.03059463,0.03059463,-0.005951499
14885,11.49982,-0.2108983,0.1802137,-0.07181381,0.03060809,0.03060809,-0.00594875
14886,11.50054,-0.210945,0.1802695,-0.07182464,0.03007909,0.03007909,-0.005840668
14887,11.50149,-0.210945,0.1802695,-0.07182464,0.03017765,0.03017765,-0.005859806
14888,11.50215,-0.210945,0.1802695,-0.07182464,0.03017765,0.03017765,-0.005859806
14889,11.50276,-0.210945,0.1802695,-0.07182464,0.03017765,0.03017765,-0.005859806
14890,11.50344,-0.2109917,0.1803253,-0.07183548,0.03055744,0.03055744,-0.0059282
14891,11.50416,-0.2109917,0.1803253,-0.07183548,0.02913702,0.02913702,-0.005652636
14892,11.50481,-0.2109917,0.1803253,-0.07183548,0.02913702,0.02913702,-0.005652636
14893,11.50546,-0.2110384,0.1803812,-0.07184631,0.02914981,0.02914981,-0.005650017
14894,11.50618,-0.2110384,0.1803812,-0.07184631,0.02946021,0.02946021,-0.005710182
14895,11.50684,-0.2110384,0.1803812,-0.07184631,0.02946021,0.02946021,-0.005710182
14896,11.50745,-0.2110384,0.1803812,-0.07184631,0.02946021,0.02946021,-0.005710182
14897,11.50811,-0.211085,0.180437,-0.07185712,0.02872223,0.02872223,-0.005562121
14898,11.50887,-0.211085,0.180437,-0.07185712,0.02872223,0.02872223,-0.005562121
14899,11.50966,-0.2111317,0.1804929,-0.07186795,0.02847102,0.02847102,-0.005508497
14900,11.5104,-0.2111317,0.1804929,-0.07186795,0.02849224,0.02849224,-0.005512603
14901,11.51102,-0.2111317,0.1804929,-0.07186795,0.02849224,0.02849224,-0.005512603
14902,11.51165,-0.2111783,0.1805489,-0.07187876,0.02839862,0.02839862,-0.005489531
14903,11.51233,-0.2111783,0.1805489,-0.07187876,0.02795436,0.02795436,-0.005403655
14904,11.51295,-0.2111783,0.1805489,-0.07187876,0.02795436,0.02795436,-0.005403655
14905,11.51359,-0.2111783,0.1805489,-0.07187876,0.02789806,0.02789806,-0.005392771
14906,11.51423,-0.2112249,0.1806048,-0.07188956,0.02766239,0.02766239,-0.00534239
14907,11.51498,-0.2112249,0.1806048,-0.07188956,0.02766239,0.02766239,-0.00534239
14908,11.51567,-0.2112249,0.1806048,-0.07188956,0.02727087,0.02727087,-0.005266777
14909,11.51631,-0.2112249,0.1806048,-0.07188956,0.02727087,0.02727087,-0.005266777
14910,11.51692,-0.2112714,0.1806607,-0.07190037,0.02728279,0.02728279,-0.005264321
14911,11.51766,-0.2112714,0.1806607,-0.07190037,0.02659657,0.02659657,-0.005131912
14912,11.51831,-0.2112714,0.1806607,-0.07190037,0.02659657,0.02659657,-0.005131912
14913,11.51894,-0.2112714,0.1806607,-0.07190037,0.02659657,0.02659657,-0.005131912
14914,11.51955,-0.211318,0.1807167,-0.07191116,0.02646066,0.02646066,-0.005101078
14915,11.52031,-0.211318,0.1807167,-0.07191116,0.02614887,0.02614887,-0.005040972
14916,11.52112,-0.211318,0.1807167,-0.07191116,0.02614887,0.02614887,-0.005040972
14917,11.52182,-0.2113645,0.1807727,-0.07192196,0.02614887,0.02614887,-0.005040972
14918,11.52258,-0.2113645,0.1807727,-0.07192196,0.02534042,0.02534042,-0.004880705
14919,11.52323,-0.2113645,0.1807727,-0.07192196,0.02534042,0.02534042,-0.004880705
14920,11.5239,-0.2113645,0.1807727,-0.07192196,0.02534042,0.02534042,-0.004880705
14921,11.52451,-0.2113645,0.1807727,-0.07192196,0.02534042,0.02534042,-0.004880705
14922,11.52512,-0.2113645,0.1807727,-0.07192196,0.02541312,0.02541312,-0.004894707
14923,11.52591,-0.211411,0.1808288,-0.07193275,0.0254242,0.0254242,-0.004892419
14924,11.52676,-0.211411,0.1808288,-0.07193275,0.02355663,0.02355663,-0.00453304
14925,11.52741,-0.2114575,0.1808848,-0.07194354,0.0235669,0.0235669,-0.004530916
14926,11.52811,-0.2114575,0.1808848,-0.07194354,0.02402914,0.02402914,-0.004619787
14927,11.52875,-0.2114575,0.1808848,-0.07194354,0.02402914,0.02402914,-0.004619787
14928,11.52939,-0.2114575,0.1808848,-0.07194354,0.02402914,0.02402914,-0.004619787
14929,11.53004,-0.211504,0.1809409,-0.07195431,0.02402914,0.02402914,-0.004619787
14930,11.53074,-0.211504,0.1809409,-0.07195431,0.0240396,0.0240396,-0.004617621
14931,11.53137,-0.211504,0.1809409,-0.07195431,0.0234936,0.0234936,-0.004512743
14932,11.53199,-0.211504,0.1809409,-0.07195431,0.0234936,0.0234936,-0.004512743
14933,11.53262,-0.211504,0.1809409,-0.07195431,0.02268546,0.02268546,-0.004357514
14934,11.53325,-0.211504,0.1809409,-0.07195431,0.02268546,0.02268546,-0.004357514
14935,11.53388,-0.2115504,0.180997,-0.07196508,0.02269533,0.02269533,-0.004355468
14936,11.53461,-0.2115504,0.180997,-0.07196508,0.02233045,0.02233045,-0.004285445
14937,11.53524,-0.2115504,0.180997,-0.07196508,0.02233034,0.02233034,-0.004285424
14938,11.53589,-0.2115504,0.180997,-0.07196508,0.02233034,0.02233034,-0.004285424
14939,11.53652,-0.2115504,0.180997,-0.07196508,0.02233034,0.02233034,-0.004285424
14940,11.5372,-0.2115968,0.1810532,-0.07197585,0.02187676,0.02187676,-0.004198377
14941,11.53793,-0.2115968,0.1810532,-0.07197585,0.02188627,0.02188627,-0.004196404
14942,11.5386,-0.2115968,0.1810532,-0.07197585,0.02093177,0.02093177,-0.004013392
14943,11.54122,-0.2115968,0.1810532,-0.07197585,0.02002077,0.02002077,-0.00383872
14944,11.54208,-0.2116432,0.1811093,-0.07198661,0.01875868,0.01875868,-0.003593479
14945,11.54286,-0.2116432,0.1811093,-0.07198661,0.01875868,0.01875868,-0.003593479
14946,11.54354,-0.2116432,0.1811093,-0.07198661,0.01843588,0.01843588,-0.003531643
14947,11.54419,-0.2116432,0.1811093,-0.07198661,0.01843588,0.01843588,-0.003531643
14948,11.54482,-0.2116432,0.1811093,-0.07198661,0.01843588,0.01843588,-0.003531643
14949,11.54544,-0.2116432,0.1811093,-0.07198661,0.01794206,0.01794206,-0.003437043
14950,11.54605,-0.2116432,0.1811093,-0.07198661,0.01794206,0.01794206,-0.003437043
14951,11.54677,-0.2116432,0.1811093,-0.07198661,0.01794206,0.01794206,-0.003437043
14952,11.55015,-0.2116896,0.1811655,-0.07199737,0.01572217,0.01572217,-0.003009068
14953,11.5509,-0.2116896,0.1811655,-0.07199737,0.01572217,0.01572217,-0.003009068
14954,11.55155,-0.2116896,0.1811655,-0.07199737,0.01572217,0.01572217,-0.003009068
14955,11.5522,-0.2116896,0.1811655,-0.07199737,0.01572217,0.01572217,-0.003009068
14956,11.55283,-0.2116896,0.1811655,-0.07199737,0.01572217,0.01572217,-0.003009068
14957,11.55351,-0.2116896,0.1811655,-0.07199737,0.01536827,0.01536827,-0.002941336
14958,11.55421,-0.2116896,0.1811655,-0.07199737,0.01536827,0.01536827,-0.002941336
14959,11.55503,-0.2116896,0.1811655,-0.07199737,0.01536827,0.01536827,-0.002941336
14960,11.55581,-0.2116896,0.1811655,-0.07199737,0.01536827,0.01536827,-0.002941336
14961,11.55649,-0.2116896,0.1811655,-0.07199737,0,0,0
14962,11.55712,-0.2116896,0.1811655,-0.07199737,0,0,0
14963,11.55774,-0.2116896,0.1811655,-0.07199737,0,0,0
14964,11.55834,-0.2116896,0.1811655,-0.07199737,0,0,0
14965,11.55895,-0.2116896,0.1811655,-0.07199737,0,0,0
14966,11.55957,-0.2116896,0.1811655,-0.07199737,0,0,0
14967,11.56036,-0.2116459,0.1812238,-0.07198723,0.0003661058,0.0003661058,6.363603E-05
14968,11.56119,-0.2116459,0.1812238,-0.07198723,0.0003661058,0.0003661058,6.363603E-05
14969,11.56185,-0.2116459,0.1812238,-0.07198723,0.0003661058,0.0003661058,6.363603E-05
14970,11.56246,-0.2116459,0.1812238,-0.07198723,0.0003661058,0.0003661058,6.363603E-05
14971,11.56308,-0.2116459,0.1812238,-0.07198723,0.0003661058,0.0003661058,6.363603E-05
14972,11.56373,-0.2116459,0.1812238,-0.07198723,0.0003661058,0.0003661058,6.363603E-05
14973,11.56446,-0.2116459,0.1812238,-0.07198723,0.0003661058,0.0003661058,6.363603E-05
14974,11.5652,-0.2116459,0.1812238,-0.07198723,0.0003661058,0.0003661058,6.363603E-05
14975,11.5659,-0.2116459,0.1812238,-0.07198723,0.0003661058,0.0003661058,6.363603E-05
14976,11.56653,-0.2116459,0.1812238,-0.07198723,0.0003661058,0.0003661058,6.363603E-05
14977,11.5672,-0.2116459,0.1812238,-0.07198723,0.0003661058,0.0003661058,6.363603E-05
14978,11.56789,-0.2116459,0.1812238,-0.07198723,0.0003661058,0.0003661058,6.363603E-05
14979,11.56852,-0.2116459,0.1812238,-0.07198723,0,0,0
14980,11.56919,-0.2116459,0.1812238,-0.07198723,0,0,0
14981,11.56981,-0.2116459,0.1812238,-0.07198723,0,0,0
14982,11.57049,-0.2116459,0.1812238,-0.07198723,0,0,0
14983,11.57119,-0.2116459,0.1812238,-0.07198723,0,0,0
14984,11.57188,-0.2116459,0.1812238,-0.07198723,0,0,0
14985,11.57251,-0.2116459,0.1812238,-0.07198723,0,0,0
14986,11.57314,-0.2116459,0.1812238,-0.07198723,0,0,0
14987,11.57373,-0.2116459,0.1812238,-0.07198723,0,0,0
14988,11.57434,-0.2116459,0.1812238,-0.07198723,0,0,0
14989,11.57498,-0.2116459,0.1812238,-0.07198723,0,0,0
14990,11.57581,-0.2116459,0.1812238,-0.07198723,0,0,0
14991,11.57658,-0.2116459,0.1812238,-0.07198723,0,0,0
14992,11.57723,-0.2116459,0.1812238,-0.07198723,0,0,0
14993,11.57787,-0.2116459,0.1812238,-0.07198723,0,0,0
14994,11.57855,-0.2116459,0.1812238,-0.07198723,0,0,0
14995,11.57921,-0.2116459,0.1812238,-0.07198723,0,0,0
14996,11.57987,-0.2116459,0.1812238,-0.07198723,0,0,0
14997,11.58053,-0.2116459,0.1812238,-0.07198723,0,0,0
14998,11.58127,-0.2116459,0.1812238,-0.07198723,0,0,0
14999,11.58191,-0.2116459,0.1812238,-0.07198723,0,0,0
15000,11.58268,-0.2116459,0.1812238,-0.07198723,0,0,0
15001,11.58332,-0.2116459,0.1812238,-0.07198723,0,0,0
15002,11.58405,-0.2116459,0.1812238,-0.07198723,0,0,0
15003,11.58468,-0.2116459,0.1812238,-0.07198723,0,0,0
15004,11.58532,-0.2116459,0.1812238,-0.07198723,0,0,0
15005,11.58594,-0.2116459,0.1812238,-0.07198723,0,0,0
15006,11.58654,-0.2116459,0.1812238,-0.07198723,0,0,0
15007,11.58724,-0.2116088,0.1811789,-0.07197863,0,0,0
15008,11.58812,-0.2116088,0.1811789,-0.07197863,0,0,0
15009,11.58876,-0.2116088,0.1811789,-0.07197863,0,0,0
15010,11.58936,-0.2115633,0.1811239,-0.07196809,-0.001350826,-0.001350826,0.0002589154
15011,11.59017,-0.2115633,0.1811239,-0.07196809,-0.001350826,-0.001350826,0.0002589154
15012,11.59081,-0.2115633,0.1811239,-0.07196809,-0.001350826,-0.001350826,0.0002589154
15013,11.59145,-0.2115633,0.1811239,-0.07196809,-0.001350826,-0.001350826,0.0002589154
15014,11.59209,-0.211517,0.1810678,-0.07195733,-0.002513398,-0.002513398,0.0004821831
15015,11.59292,-0.211517,0.1810678,-0.07195733,-0.002513398,-0.002513398,0.0004821831
15016,11.59368,-0.211517,0.1810678,-0.07195733,-0.002513398,-0.002513398,0.0004821831
15017,11.59436,-0.211517,0.1810678,-0.07195733,-0.002513398,-0.002513398,0.0004821831
15018,11.59499,-0.2114706,0.1810117,-0.07194657,-0.002512306,-0.002512306,0.0004824096
15019,11.59576,-0.2114706,0.1810117,-0.07194657,-0.003561368,-0.003561368,0.000683849
15020,11.59648,-0.2114706,0.1810117,-0.07194657,-0.003561368,-0.003561368,0.000683849
15021,11.59713,-0.2114242,0.1809556,-0.0719358,-0.02330217,-0.02330217,0.004478497
15022,11.59788,-0.2114009,0.1809556,-0.07200404,-0.02330217,-0.02330217,0.004484729
15023,11.5986,-0.2113545,0.1808996,-0.07199325,-0.02329203,-0.02329203,0.00448683
15024,11.59934,-0.2113545,0.1808996,-0.07199325,-0.02404851,-0.02404851,0.004632554
15025,11.60006,-0.2113545,0.1808996,-0.07199325,-0.02404851,-0.02404851,0.004632554
15026,11.60096,-0.2113545,0.1808996,-0.07199325,-0.02404851,-0.02404851,0.004632554
15027,11.60167,-0.2112794,0.1808435,-0.07206623,-0.02367873,-0.02367873,0.00383956
15028,11.60243,-0.2112794,0.1808435,-0.07206623,-0.02367873,-0.02367873,0.00383956
15029,11.60305,-0.2112794,0.1808435,-0.07206623,-0.02367873,-0.02367873,0.00383956
15030,11.60371,-0.2112329,0.1807875,-0.07205541,-0.02453984,-0.02453984,0.004010316
15031,11.6045,-0.2112039,0.1807875,-0.07214056,-0.02453984,-0.02453984,0.004018634
15032,11.60522,-0.2111573,0.1807315,-0.07212971,-0.02573598,-0.02573598,0.003560315
15033,11.60599,-0.2111573,0.1807315,-0.07212971,-0.02573598,-0.02573598,0.003560315
15034,11.60664,-0.2110816,0.1806756,-0.07220412,-0.02626836,-0.02626836,0.003677442
15035,11.60741,-0.2110816,0.1806756,-0.07220412,-0.02626836,-0.02626836,0.003677442
15036,11.60804,-0.2110816,0.1806756,-0.07220412,-0.02626836,-0.02626836,0.003008407
15037,11.60868,-0.2110059,0.1806196,-0.07227851,-0.02661309,-0.02661309,0.003089781
15038,11.60942,-0.2109593,0.1805637,-0.07226761,-0.02661309,-0.02661309,0.003089781
15039,11.61018,-0.2109593,0.1805637,-0.07226761,-0.02752861,-0.02752861,-0.02606816
15040,11.6108,-0.2109593,0.1805637,-0.07226761,-0.02752861,-0.02752861,-0.02606816
15041,11.61147,-0.2109127,0.1805078,-0.07225671,-0.02751656,-0.02751656,-0.02605872
15042,11.61218,-0.2109184,0.1804611,-0.07235001,-0.02763649,-0.02763649,-0.02602624
15043,11.61295,-0.2108717,0.1804053,-0.07233908,-0.02762438,-0.02762438,-0.02520067
15044,11.61373,-0.2108251,0.1803494,-0.07232815,-0.03140599,-0.03140599,-0.02444816
15045,11.61446,-0.2108251,0.1803494,-0.07232815,-0.03140599,-0.03140599,-0.02444816
15046,11.61511,-0.2107784,0.1802936,-0.07231721,-0.0313922,-0.0313922,-0.02443854
15047,11.61604,-0.2107784,0.1802936,-0.07231721,-0.03167419,-0.03167419,-0.02438324
15048,11.61681,-0.2107744,0.1801806,-0.07231627,-0.03486296,-0.03486296,-0.02413607
15049,11.61762,-0.2107277,0.1801248,-0.07230531,-0.03533262,-0.03533262,-0.024031
15050,11.61842,-0.2107277,0.1801248,-0.07230531,-0.03533262,-0.03533262,-0.024031
15051,11.61909,-0.2106776,0.1799551,-0.07229358,-0.03531782,-0.03531782,-0.02402637
15052,11.61981,-0.2106484,0.1799551,-0.07237876,-0.04178753,-0.04178753,-0.02309082
15053,11.62059,-0.2106016,0.1798994,-0.07236778,-0.04176998,-0.04176998,-0.01208719
15054,11.62144,-0.2106451,0.1798409,-0.07237799,-0.04176998,-0.04176998,-0.01208719
15055,11.62423,-0.2105481,0.1796155,-0.0723552,-0.06177799,-0.06177799,-0.01522979
15056,11.62497,-0.2105481,0.1796155,-0.0723552,-0.06187874,-0.06187874,-0.01519768
15057,11.6256,-0.210472,0.1795599,-0.07242925,-0.06365733,-0.06365733,-0.01385918
15058,11.62631,-0.210425,0.1795043,-0.07241822,-0.0636384,-0.0636384,-0.01385062
15059,11.62706,-0.2104215,0.1793903,-0.07241739,-0.06554776,-0.06554776,-0.01346098
15060,11.62777,-0.2104215,0.1793903,-0.07241739,-0.06466658,-0.06466658,-0.0130745
15061,11.62839,-0.2103746,0.1793348,-0.07240634,-0.06464651,-0.06464651,-0.01306575
15062,11.62922,-0.2103417,0.1792208,-0.07249051,-0.06694268,-0.06694268,-0.01358404
15063,11.63006,-0.2103381,0.1791068,-0.07248965,-0.06867772,-0.06867772,-0.01379032
15064,11.63083,-0.2102618,0.1790513,-0.07256349,-0.07076441,-0.07076441,-0.01595114
15065,11.63159,-0.2102287,0.1789374,-0.07264757,-0.07522199,-0.07522199,-0.01503211
15066,11.6324,-0.2102287,0.1789374,-0.07264757,-0.07522199,-0.07522199,-0.01503211
15067,11.63307,-0.2101955,0.1788234,-0.07273167,-0.07607733,-0.07607733,-0.0222352
15068,11.63382,-0.2101484,0.178768,-0.07272051,-0.07638,-0.07638,-0.02688068
15069,11.63457,-0.2101151,0.178654,-0.07280447,-0.07773694,-0.07773694,-0.02967696
15070,11.63531,-0.210068,0.1785987,-0.07279328,-0.07773694,-0.07773694,-0.02967696
15071,11.63604,-0.2100523,0.1785401,-0.07297328,-0.08172114,-0.08172114,-0.04305228
15072,11.63679,-0.2100052,0.1784848,-0.07296205,-0.08181658,-0.08181658,-0.04707928
15073,11.6375,-0.209958,0.1784295,-0.07295081,-0.08181658,-0.08181658,-0.04707928
15074,11.63818,-0.2099244,0.1783157,-0.07303468,-0.08265344,-0.08265344,-0.04685637
15075,11.63894,-0.209938,0.178257,-0.07312982,-0.08658097,-0.08658097,-0.0479463
15076,11.6398,-0.2098571,0.1780878,-0.07320234,-0.08978296,-0.08978296,-0.06329595
15077,11.6406,-0.2098233,0.177974,-0.07328608,-0.08996952,-0.08996952,-0.06299705
15078,11.64149,-0.2098233,0.177974,-0.07328608,-0.08996952,-0.08996952,-0.06299705
15079,11.64213,-0.2097421,0.177805,-0.07335847,-0.099986,-0.099986,-0.06448153
15080,11.64286,-0.209785,0.1777462,-0.0733688,-0.1030946,-0.1030946,-0.06312185
15081,11.64359,-0.2097036,0.1775772,-0.07344106,-0.1042593,-0.1042593,-0.06477895
15082,11.64432,-0.2096739,0.1775772,-0.07352585,-0.1042765,-0.1042765,-0.06476986
15083,11.64505,-0.2095924,0.1774084,-0.073598,-0.105589,-0.105589,-0.06488671
15084,11.64582,-0.2096352,0.1773495,-0.07360836,-0.1079047,-0.1079047,-0.06608522
15085,11.64671,-0.2095535,0.1771807,-0.07368048,-0.1117626,-0.1117626,-0.06729268
15086,11.64744,-0.2095237,0.1771807,-0.07376516,-0.1117626,-0.1117626,-0.06727541
15087,11.6482,-0.2094715,0.177012,-0.07375249,-0.1152773,-0.1152773,-0.06725705
15088,11.649,-0.2094369,0.1768982,-0.07383592,-0.1168108,-0.1168108,-0.06727263
15089,11.64982,-0.2094498,0.1768392,-0.07393098,-0.1203229,-0.1203229,-0.06801786
15090,11.65055,-0.2093675,0.1766706,-0.07400284,-0.1207591,-0.1207591,-0.06884547
15091,11.65133,-0.2093626,0.1765568,-0.07400163,-0.1207504,-0.1207504,-0.06882902
15092,11.65206,-0.2093703,0.176384,-0.07409538,-0.1277893,-0.1277893,-0.0703113
15093,11.65281,-0.2093353,0.1762702,-0.07417879,-0.1323052,-0.1323052,-0.06990454
15094,11.65356,-0.2092525,0.1761017,-0.07425034,-0.1354003,-0.1354003,-0.07036372
15095,11.65432,-0.2092525,0.1761017,-0.07425034,-0.1353679,-0.1353679,-0.07032238
15096,11.65501,-0.2092173,0.1759879,-0.07433367,-0.1364496,-0.1364496,-0.07134264
15097,11.65581,-0.2091766,0.1757604,-0.07441561,-0.1371846,-0.1371846,-0.07136869
15098,11.65657,-0.2091412,0.1756466,-0.07449881,-0.1441811,-0.1441811,-0.07414772
15099,11.65738,-0.2091357,0.1755328,-0.07449747,-0.1441728,-0.1441728,-0.07412793
15100,11.65813,-0.2091001,0.1754191,-0.07458063,-0.1463394,-0.1463394,-0.07474115
15101,11.65894,-0.2090644,0.1753054,-0.07466364,-0.148379,-0.148379,-0.07539681
15102,11.65971,-0.209023,0.1750778,-0.07474539,-0.1495072,-0.1495072,-0.07632349
15103,11.66049,-0.2089871,0.1749641,-0.07482844,-0.1545499,-0.1545499,-0.07687558
15104,11.66141,-0.2089932,0.1747911,-0.07492193,-0.1545447,-0.1545447,-0.07682334
15105,11.6622,-0.2089511,0.1745635,-0.07500341,-0.1637409,-0.1637409,-0.07847036
15106,11.66298,-0.2089031,0.1745092,-0.07499145,-0.1666793,-0.1666793,-0.07848663
15107,11.66372,-0.2089088,0.174336,-0.07508484,-0.1700017,-0.1700017,-0.07900168
15108,11.66452,-0.2088724,0.1742223,-0.07516775,-0.1699983,-0.1699983,-0.07896386
15109,11.66527,-0.2088296,0.1739947,-0.07524906,-0.1730379,-0.1730379,-0.08102609
15110,11.66608,-0.2087867,0.1737673,-0.07533029,-0.1757301,-0.1757301,-0.08216863
15111,11.66678,-0.2087498,0.1736536,-0.07541303,-0.1804167,-0.1804167,-0.08311772
15112,11.66751,-0.2087434,0.1735398,-0.07541142,-0.1803379,-0.1803379,-0.08305744
15113,11.66826,-0.2087065,0.1734261,-0.07549414,-0.1869994,-0.1869994,-0.08270827
15114,11.66899,-0.2087111,0.1732527,-0.07558733,-0.185302,-0.185302,-0.08378688
15115,11.66968,-0.2086672,0.1730253,-0.07566831,-0.1935024,-0.1935024,-0.08430386
15116,11.67044,-0.20863,0.1729115,-0.07575089,-0.1934607,-0.1934607,-0.08425849
15117,11.67123,-0.2085857,0.1726841,-0.07583173,-0.1957907,-0.1957907,-0.08402378
15118,11.672,-0.2085481,0.1725704,-0.07591421,-0.200305,-0.200305,-0.08727969
15119,11.67279,-0.2085035,0.1723429,-0.075995,-0.2061209,-0.2061209,-0.08824127
15120,11.67361,-0.2085071,0.1721693,-0.07608794,-0.2118415,-0.2118415,-0.08790091
15121,11.67434,-0.2084206,0.1720018,-0.07615799,-0.2117955,-0.2117955,-0.08782414
15122,11.67511,-0.2084578,0.1716545,-0.07625957,-0.2146476,-0.2146476,-0.09027997
15123,11.67587,-0.2084091,0.1716007,-0.07624715,-0.2202888,-0.2202888,-0.09249412
15124,11.67665,-0.2083325,0.1713733,-0.07641169,-0.2188632,-0.2188632,-0.0921867
15125,11.67745,-0.2083661,0.1711996,-0.07642029,-0.2188145,-0.2188145,-0.09212086
15126,11.67823,-0.2082889,0.1709722,-0.07658468,-0.2268653,-0.2268653,-0.09266376
15127,11.67901,-0.2082812,0.1708584,-0.0765827,-0.2279064,-0.2279064,-0.0945784
15128,11.67984,-0.2082445,0.1705708,-0.07675748,-0.2358939,-0.2358939,-0.09630324
15129,11.68058,-0.2081975,0.1703434,-0.07683755,-0.2362134,-0.2362134,-0.09491678
15130,11.68142,-0.2082303,0.1701694,-0.07684602,-0.2362615,-0.2362615,-0.09486981
15131,11.68216,-0.2081746,0.1698282,-0.07692379,-0.2408847,-0.2408847,-0.09584608
15132,11.68299,-0.2081352,0.1697145,-0.07700576,-0.2480914,-0.2480914,-0.09560639
15133,11.68379,-0.2080872,0.1694871,-0.07708549,-0.2496318,-0.2496318,-0.09623492
15134,11.68461,-0.2080888,0.1691387,-0.07727028,-0.2536466,-0.2536466,-0.09772039
15135,11.68538,-0.2080802,0.169025,-0.07726803,-0.2536987,-0.2536987,-0.09766918
15136,11.68615,-0.2080719,0.1687369,-0.07735808,-0.2570067,-0.2570067,-0.09819166
15137,11.68691,-0.2080317,0.1686232,-0.07743985,-0.2673239,-0.2673239,-0.09853563
15138,11.68763,-0.2079735,0.168282,-0.07751681,-0.2713558,-0.2713558,-0.09897599
15139,11.68841,-0.2079732,0.1681076,-0.077609,-0.2714145,-0.2714145,-0.09893522
15140,11.68915,-0.2079636,0.1678193,-0.0776987,-0.2779582,-0.2779582,-0.09913419
15141,11.68985,-0.2078735,0.1676526,-0.07776733,-0.278505,-0.278505,-0.1011832
15142,11.69065,-0.2078632,0.1673643,-0.07785686,-0.2817709,-0.2817709,-0.0999825
15143,11.69148,-0.2078936,0.1671897,-0.07786487,-0.2817756,-0.2817756,-0.09989945
15144,11.69226,-0.2078826,0.1669012,-0.07795428,-0.2837742,-0.2837742,-0.1003179
15145,11.69301,-0.2078414,0.1667875,-0.07803567,-0.2880465,-0.2880465,-0.1010274
15146,11.69376,-0.2077802,0.1664462,-0.07811186,-0.291894,-0.291894,-0.1024194
15147,11.69455,-0.2077761,0.1660965,-0.07829543,-0.2936088,-0.2936088,-0.1018372
15148,11.6953,-0.2077557,0.165869,-0.07829001,-0.2936125,-0.2936125,-0.1017497
15149,11.69605,-0.2077112,0.1655802,-0.07846288,-0.2950527,-0.2950527,-0.1013642
15150,11.69692,-0.2077402,0.1654052,-0.0784706,-0.3054082,-0.3054082,-0.1038633
15151,11.7004,-0.2075907,0.1640829,-0.07889269,-0.316819,-0.316819,-0.1039369
15152,11.70136,-0.2075364,0.1638554,-0.07897055,-0.3168223,-0.3168223,-0.103841
15153,11.70209,-0.2075526,0.1635662,-0.07897492,-0.3168287,-0.3168287,-0.1028067
15154,11.70281,-0.2074978,0.1633386,-0.07905261,-0.3247099,-0.3247099,-0.1017225
15155,11.70353,-0.2074931,0.163163,-0.07914377,-0.3246465,-0.3246465,-0.1016166
15156,11.70438,-0.2074646,0.1627599,-0.07922863,-0.3282321,-0.3282321,-0.1031279
15157,11.70711,-0.207397,0.1624186,-0.07930272,-0.3354977,-0.3354977,-0.10324
15158,11.70794,-0.2073869,0.1614257,-0.07967018,-0.3419774,-0.3419774,-0.1032998
15159,11.70867,-0.2072916,0.1612601,-0.07973666,-0.341913,-0.341913,-0.1032035
15160,11.70942,-0.2072975,0.1607943,-0.07983091,-0.3429867,-0.3429867,-0.102974
15161,11.71013,-0.2072847,0.1606805,-0.07982741,-0.3490434,-0.3490434,-0.1017194
15162,11.71089,-0.2072775,0.1605043,-0.07991804,-0.3490463,-0.3490463,-0.1015973
15163,11.71169,-0.207244,0.1601005,-0.08000147,-0.3521349,-0.3521349,-0.1024946
15164,11.71253,-0.2072098,0.1596966,-0.08008465,-0.35289,-0.35289,-0.1027038
15165,11.71329,-0.2072017,0.1595202,-0.08017502,-0.3601001,-0.3601001,-0.1035156
15166,11.71413,-0.2071339,0.1591162,-0.0803417,-0.3566967,-0.3566967,-0.1035955
15167,11.71486,-0.2071577,0.1589397,-0.08034826,-0.3567723,-0.3567723,-0.1035152
15168,11.71564,-0.207084,0.1585982,-0.08042052,-0.360782,-0.360782,-0.1045497
15169,11.71641,-0.207112,0.1583589,-0.08052097,-0.3614552,-0.3614552,-0.1034589
15170,11.71716,-0.2070745,0.1579545,-0.08060324,-0.3653973,-0.3653973,-0.1051355
15171,11.71791,-0.2070648,0.1577777,-0.08069332,-0.3654757,-0.3654757,-0.1050527
15172,11.71865,-0.2069935,0.1573732,-0.08085892,-0.3710598,-0.3710598,-0.1066832
15173,11.71936,-0.206979,0.1572594,-0.08085488,-0.3733236,-0.3733236,-0.1063476
15174,11.72015,-0.2069907,0.1569056,-0.08095092,-0.3793107,-0.3793107,-0.1055281
15175,11.72102,-0.2069908,0.1563745,-0.08113657,-0.3805559,-0.3805559,-0.1073594
15176,11.72172,-0.2068916,0.1562099,-0.08120152,-0.3805657,-0.3805657,-0.1072385
15177,11.72269,-0.2069014,0.1558556,-0.08129712,-0.3799258,-0.3799258,-0.107267
15178,11.72342,-0.206871,0.1556278,-0.08128857,-0.380165,-0.380165,-0.1065765
15179,11.72414,-0.2068316,0.1551594,-0.08146311,-0.3832967,-0.3832967,-0.1085716
15180,11.72495,-0.2068397,0.1548046,-0.08155827,-0.3889388,-0.3889388,-0.1084018
15181,11.72571,-0.206827,0.1546272,-0.08164759,-0.3889444,-0.3889444,-0.1083268
15182,11.72647,-0.2067823,0.1542218,-0.08172782,-0.3920741,-0.3920741,-0.1087971
15183,11.72723,-0.2068049,0.1539806,-0.08182719,-0.3922255,-0.3922255,-0.1084824
15184,11.72804,-0.206759,0.153575,-0.08190703,-0.3960462,-0.3960462,-0.108702
15185,11.72877,-0.2066932,0.1533471,-0.08198132,-0.3961322,-0.3961322,-0.1086089
15186,11.72949,-0.2066981,0.1529915,-0.0820757,-0.3960236,-0.3960236,-0.1089955
15187,11.73024,-0.2067025,0.1526358,-0.08216993,-0.4014502,-0.4014502,-0.1110082
15188,11.73095,-0.2066709,0.1523439,-0.08225393,-0.403987,-0.403987,-0.1119416
15189,11.73168,-0.206639,0.1520519,-0.08233771,-0.4040741,-0.4040741,-0.1118451
15190,11.73239,-0.2066238,0.1518738,-0.08242644,-0.4046807,-0.4046807,-0.1109
15191,11.73312,-0.2066277,0.1514534,-0.08261374,-0.4086404,-0.4086404,-0.1124528
15192,11.73388,-0.206593,0.1512253,-0.08260374,-0.4087287,-0.4087287,-0.1123546
15193,11.73461,-0.2065608,0.1508688,-0.08278056,-0.4090577,-0.4090577,-0.1144171
15194,11.73533,-0.2065602,0.1505764,-0.0827804,-0.4110345,-0.4110345,-0.1157829
15195,11.73615,-0.2065268,0.1502195,-0.08295708,-0.4133481,-0.4133481,-0.1165341
15196,11.73694,-0.2064401,0.1498129,-0.08311825,-0.4146416,-0.4146416,-0.1172227
15197,11.7378,-0.2064045,0.1495203,-0.08320103,-0.4148131,-0.4148131,-0.117102
15198,11.73862,-0.2064369,0.1490983,-0.08330372,-0.4174331,-0.4174331,-0.1204958
15199,11.73941,-0.2064003,0.1488055,-0.08338629,-0.422573,-0.422573,-0.1224571
15200,11.74023,-0.2064312,0.148383,-0.08348851,-0.4299048,-0.4299048,-0.1234217
15201,11.74111,-0.2063408,0.1479759,-0.08364858,-0.4302331,-0.4302331,-0.1243964
15202,11.74188,-0.2063555,0.1477319,-0.08374622,-0.4303265,-0.4303265,-0.124289
15203,11.74262,-0.2062637,0.1473247,-0.08390587,-0.4326814,-0.4326814,-0.128548
15204,11.74333,-0.2063114,0.1470804,-0.08391991,-0.434179,-0.434179,-0.1295623
15205,11.74407,-0.2062518,0.1466078,-0.084089,-0.4340665,-0.4340665,-0.1286635
15206,11.74481,-0.2061783,0.1463795,-0.08416068,-0.4341665,-0.4341665,-0.1284774
15207,11.74555,-0.2061701,0.1459555,-0.08434498,-0.4359587,-0.4359587,-0.1272678
15208,11.74627,-0.206163,0.1456619,-0.08434289,-0.4355416,-0.4355416,-0.1292673
15209,11.74699,-0.2061736,0.1453516,-0.08453283,-0.4392366,-0.4392366,-0.1312592
15210,11.74769,-0.2061315,0.1450578,-0.08461387,-0.4392512,-0.4392512,-0.1310895
15211,11.74842,-0.2061097,0.1448781,-0.08478161,-0.4361597,-0.4361597,-0.1312838
15212,11.74919,-0.2060772,0.1443388,-0.08487819,-0.4408535,-0.4408535,-0.1320156
15213,11.75002,-0.2060663,0.1439791,-0.08496835,-0.4407918,-0.4407918,-0.1352624
15214,11.75082,-0.2060223,0.1436849,-0.08504879,-0.4408884,-0.4408884,-0.1350659
15215,11.75154,-0.2059544,0.1432107,-0.08521555,-0.4420804,-0.4420804,-0.1363014
15216,11.75224,-0.2059308,0.1430306,-0.08530199,-0.4468538,-0.4468538,-0.1383951
15217,11.75314,-0.2058614,0.1425562,-0.08546822,-0.4466944,-0.4466944,-0.1393607
15218,11.75394,-0.2058791,0.1421296,-0.08556727,-0.4468828,-0.4468828,-0.1382007
15219,11.75469,-0.2058296,0.141769,-0.08573956,-0.4471443,-0.4471443,-0.1380327
15220,11.75543,-0.205814,0.1414081,-0.08582849,-0.4517528,-0.4517528,-0.1405394
15221,11.75619,-0.2057664,0.1411133,-0.08590776,-0.4514853,-0.4514853,-0.1401539
15222,11.75689,-0.2057407,0.1409328,-0.08599368,-0.4515825,-0.4515825,-0.1399462
15223,11.75771,-0.2056662,0.1404574,-0.08615839,-0.4533122,-0.4533122,-0.1426861
15224,11.75852,-0.2056217,0.1399153,-0.08633231,-0.4536538,-0.4536538,-0.1426333
15225,11.75926,-0.2055949,0.1397345,-0.08641783,-0.456424,-0.456424,-0.1465252
15226,11.76,-0.2055717,0.1393063,-0.08659828,-0.454786,-0.454786,-0.1496464
15227,11.76074,-0.205521,0.1390111,-0.0866765,-0.4549637,-0.4549637,-0.149406
15228,11.76163,-0.2054418,0.1385348,-0.0868398,-0.4564546,-0.4564546,-0.1490347
15229,11.76236,-0.2054137,0.1383538,-0.08692493,-0.4575343,-0.4575343,-0.1492237
15230,11.76311,-0.205333,0.1378773,-0.08708765,-0.4633503,-0.4633503,-0.149958
15231,11.76385,-0.2053346,0.1376292,-0.0871821,-0.4634402,-0.4634402,-0.1498225
15232,11.76475,-0.2052521,0.1371524,-0.08734425,-0.4655998,-0.4655998,-0.1539053
15233,11.76551,-0.2051685,0.1366754,-0.08750603,-0.464522,-0.464522,-0.1539129
15234,11.76626,-0.2051685,0.1364269,-0.08760005,-0.4654599,-0.4654599,-0.1562773
15235,11.76699,-0.2051129,0.1358825,-0.08777063,-0.4688066,-0.4688066,-0.1565384
15236,11.76772,-0.2050276,0.1356539,-0.08783782,-0.4688098,-0.4688098,-0.1563302
15237,11.76853,-0.2049699,0.135109,-0.08800766,-0.4730794,-0.4730794,-0.1567929
15238,11.76925,-0.2049385,0.1349273,-0.08809184,-0.4755408,-0.4755408,-0.1603466
15239,11.77,-0.2048139,0.1344495,-0.08833454,-0.476196,-0.476196,-0.1615001
15240,11.77072,-0.2048109,0.1342003,-0.0884277,-0.4762836,-0.4762836,-0.1612307
15241,11.7715,-0.2047492,0.1336546,-0.08859631,-0.4757913,-0.4757913,-0.1627532
15242,11.77239,-0.2046874,0.1335403,-0.08867078,-0.4777706,-0.4777706,-0.16848
15243,11.77318,-0.2046238,0.1329943,-0.08883879,-0.478912,-0.478912,-0.1725093
15244,11.77391,-0.2046189,0.1327445,-0.08893134,-0.4789951,-0.4789951,-0.1723544
15245,11.77463,-0.2044887,0.1322659,-0.08917215,-0.4791569,-0.4791569,-0.1672083
15246,11.77534,-0.2044278,0.1319694,-0.08924676,-0.4846687,-0.4846687,-0.172599
15247,11.77621,-0.2044149,0.1314689,-0.08943108,-0.4856075,-0.4856075,-0.1721494
15248,11.77698,-0.2043176,0.1309898,-0.08958813,-0.4861694,-0.4861694,-0.171739
15249,11.77771,-0.20431,0.1307393,-0.08968004,-0.4864167,-0.4864167,-0.1715199
15250,11.7784,-0.2042191,0.1305107,-0.08974478,-0.4864286,-0.4864286,-0.1736647
15251,11.77915,-0.2041108,0.1299631,-0.08999247,-0.4928712,-0.4928712,-0.1739526
15252,11.77985,-0.2041019,0.1297123,-0.09008396,-0.4928668,-0.4928668,-0.1736821
15253,11.78071,-0.2040003,0.1292326,-0.0902395,-0.4890631,-0.4890631,-0.1752025
15254,11.7816,-0.2038976,0.1287529,-0.09039449,-0.4892196,-0.4892196,-0.1758592
15255,11.78234,-0.2038871,0.1285016,-0.09048545,-0.493794,-0.493794,-0.1748573
15256,11.78313,-0.203773,0.127953,-0.09073114,-0.4897832,-0.4897832,-0.1755132
15257,11.78384,-0.2037346,0.1277701,-0.09081282,-0.4899358,-0.4899358,-0.1752082
15258,11.78457,-0.2036282,0.1272899,-0.0909666,-0.4935877,-0.4935877,-0.1762408
15259,11.78527,-0.2036056,0.1269694,-0.09114808,-0.4940441,-0.4940441,-0.1754425
15260,11.78598,-0.2034973,0.1264888,-0.09130111,-0.4945378,-0.4945378,-0.1757458
15261,11.78668,-0.2034838,0.1262368,-0.09139109,-0.4947725,-0.4947725,-0.1755054
15262,11.78751,-0.2033368,0.1257561,-0.09162559,-0.4948998,-0.4948998,-0.1768421
15263,11.78827,-0.2033223,0.1255038,-0.09171531,-0.4947509,-0.4947509,-0.1794355
15264,11.78907,-0.2032105,0.1250229,-0.0918669,-0.4953772,-0.4953772,-0.178905
15265,11.78985,-0.203195,0.1247704,-0.0919563,-0.4955279,-0.4955279,-0.1786912
15266,11.79246,-0.2028696,0.1233715,-0.09250878,-0.4943205,-0.4943205,-0.1786999
15267,11.79327,-0.2028145,0.1231185,-0.09267943,-0.4944662,-0.4944662,-0.1784809
15268,11.79399,-0.2026968,0.1226369,-0.09282864,-0.4954048,-0.4954048,-0.1811819
15269,11.79482,-0.2026782,0.1223837,-0.092917,-0.4928834,-0.4928834,-0.1791228
15270,11.79558,-0.2025835,0.1218323,-0.09307411,-0.4943397,-0.4943397,-0.1803165
15271,11.79631,-0.2025144,0.121718,-0.09314513,-0.4944044,-0.4944044,-0.1801267
15272,11.79707,-0.2024048,0.1210967,-0.09339172,-0.494338,-0.494338,-0.1798364
15273,11.79783,-0.2023596,0.1209128,-0.09347096,-0.4965288,-0.4965288,-0.1857799
15274,11.79859,-0.202223,0.1203608,-0.09370822,-0.4958827,-0.4958827,-0.1813949
15275,11.79946,-0.2021173,0.1199228,-0.09395599,-0.4952895,-0.4952895,-0.1850947
15276,11.80019,-0.2020385,0.1196245,-0.09402343,-0.4953388,-0.4953388,-0.1847838
15277,11.80106,-0.2019689,0.1191862,-0.09418897,-0.4951785,-0.4951785,-0.1842762
15278,11.80177,-0.2018509,0.1188878,-0.09433748,-0.4924427,-0.4924427,-0.1841895
15279,11.80254,-0.2017561,0.1185193,-0.09449407,-0.4945947,-0.4945947,-0.1852779
15280,11.80326,-0.2017319,0.1182649,-0.09458048,-0.4946415,-0.4946415,-0.1849157
15281,11.80397,-0.2016024,0.1177821,-0.09472489,-0.493387,-0.493387,-0.184409
15282,11.80467,-0.201539,0.1175274,-0.09489239,-0.4933361,-0.4933361,-0.1835967
15283,11.80542,-0.2014645,0.1170883,-0.09505606,-0.4944345,-0.4944345,-0.1846433
15284,11.80614,-0.2013432,0.1167897,-0.09520296,-0.4945482,-0.4945482,-0.1842355
15285,11.80687,-0.2013322,0.1166052,-0.09519908,-0.4921501,-0.4921501,-0.1847441
15286,11.80766,-0.2011603,0.1161221,-0.09542298,-0.4907258,-0.4907258,-0.1851129
15287,11.80842,-0.2010642,0.1156189,-0.09567381,-0.4903177,-0.4903177,-0.1844756
15288,11.80915,-0.2010159,0.1154273,-0.09575159,-0.4902928,-0.4902928,-0.1841365
15289,11.81001,-0.2008631,0.1148732,-0.09598202,-0.4870425,-0.4870425,-0.1856567
15290,11.81076,-0.2008339,0.1146178,-0.09606671,-0.4871196,-0.4871196,-0.1859274
15291,11.81147,-0.2006348,0.1142049,-0.09628017,-0.4869864,-0.4869864,-0.1876184
15292,11.8123,-0.2006618,0.1139927,-0.09638512,-0.4870389,-0.4870389,-0.1874089
15293,11.81303,-0.2004829,0.1135089,-0.09660579,-0.4848749,-0.4848749,-0.1890808
15294,11.81391,-0.2003419,0.1130251,-0.09674481,-0.4836753,-0.4836753,-0.187684
15295,11.81464,-0.200271,0.11277,-0.09690938,-0.4844541,-0.4844541,-0.1898224
15296,11.81537,-0.2002178,0.1125843,-0.09698518,-0.4845091,-0.4845091,-0.1896043
15297,11.81607,-0.2001137,0.1120723,-0.09723285,-0.4772875,-0.4772875,-0.1886833
15298,11.81679,-0.2000596,0.1118873,-0.09730823,-0.4814169,-0.4814169,-0.1923101
15299,11.81755,-0.1998752,0.1114031,-0.09752619,-0.477055,-0.477055,-0.1933131
15300,11.8183,-0.199781,0.1112181,-0.09768204,-0.4771644,-0.4771644,-0.193057
15301,11.81908,-0.1995948,0.1107339,-0.09789895,-0.4757373,-0.4757373,-0.1953647
15302,11.8198,-0.19956,0.1104775,-0.09798144,-0.4751894,-0.4751894,-0.2056672
15303,11.8205,-0.1993719,0.1099932,-0.09819745,-0.4730574,-0.4730574,-0.2006777
15304,11.82137,-0.1992556,0.1098794,-0.0983448,-0.4730981,-0.4730981,-0.2003957
15305,11.82209,-0.1991436,0.1093662,-0.09858894,-0.4669363,-0.4669363,-0.2044894
15306,11.82283,-0.1990867,0.1091809,-0.09866302,-0.4670623,-0.4670623,-0.2123447
15307,11.82357,-0.1988951,0.1086965,-0.09887715,-0.459292,-0.459292,-0.2116517
15308,11.82444,-0.19872,0.1083974,-0.09909734,-0.4630818,-0.4630818,-0.2109421
15309,11.82538,-0.1986617,0.108069,-0.09926619,-0.4631749,-0.4631749,-0.2106748
15310,11.82615,-0.1984278,0.1077277,-0.0994637,-0.4601517,-0.4601517,-0.2113369
15311,11.82689,-0.1983889,0.1074708,-0.09954438,-0.4545784,-0.4545784,-0.2154197
15312,11.82765,-0.19821,0.1070283,-0.0998581,-0.4599133,-0.4599133,-0.2148497
15313,11.8284,-0.1980932,0.1068009,-0.09990883,-0.4599447,-0.4599447,-0.2145487
15314,11.82916,-0.1979529,0.1063583,-0.1001415,-0.4523029,-0.4523029,-0.2144115
15315,11.82987,-0.1978525,0.1061729,-0.100294,-0.4476097,-0.4476097,-0.2159674
15316,11.83063,-0.1976339,0.1057601,-0.1004962,-0.4464197,-0.4464197,-0.2126186
15317,11.83139,-0.1975345,0.1054611,-0.1005532,-0.4463622,-0.4463622,-0.2122237
15318,11.8321,-0.1973721,0.1050902,-0.1007769,-0.4443003,-0.4443003,-0.2141167
15319,11.8329,-0.1972702,0.1049047,-0.1009284,-0.4365899,-0.4365899,-0.2138727
15320,11.83358,-0.1971065,0.1045337,-0.1011513,-0.428646,-0.428646,-0.2163793
15321,11.83429,-0.196946,0.1043067,-0.1012797,-0.4286321,-0.4286321,-0.2160148
15322,11.83504,-0.1967992,0.1038637,-0.101509,-0.4293996,-0.4293996,-0.2162188
15323,11.8358,-0.196679,0.1036368,-0.1015572,-0.4308749,-0.4308749,-0.2148935
15324,11.83653,-0.1964713,0.1032658,-0.1018578,-0.4197217,-0.4197217,-0.2150026
15325,11.83724,-0.1963684,0.1029669,-0.1019126,-0.4196518,-0.4196518,-0.2145945
15326,11.83797,-0.1961246,0.1026269,-0.1021028,-0.4287766,-0.4287766,-0.2145534
15327,11.83869,-0.1960609,0.1024414,-0.1021732,-0.4198444,-0.4198444,-0.2129599
15328,11.83942,-0.1958504,0.1020704,-0.1024719,-0.4149379,-0.4149379,-0.2127749
15329,11.84015,-0.1957282,0.1018439,-0.1025186,-0.4148998,-0.4148998,-0.212489
15330,11.8411,-0.1955163,0.101473,-0.1028163,-0.4128405,-0.4128405,-0.2145039
15331,11.84223,-0.1952695,0.1011335,-0.1030039,-0.4056742,-0.4056742,-0.2120776
15332,11.84301,-0.1950393,0.1007219,-0.1031978,-0.402198,-0.402198,-0.2115039
15333,11.8439,-0.194932,0.1005364,-0.1033457,-0.4012301,-0.4012301,-0.210827
15334,11.84462,-0.1946835,0.1001974,-0.1035316,-0.3944124,-0.3944124,-0.2107069
15335,11.84538,-0.1945762,0.09989896,-0.1035835,-0.3943239,-0.3943239,-0.2102819
15336,11.8462,-0.1943847,0.09960066,-0.1037924,-0.3954312,-0.3954312,-0.2088128
15337,11.84707,-0.194151,0.09918949,-0.1039836,-0.3869983,-0.3869983,-0.2069075
15338,11.85057,-0.1933019,0.09791692,-0.1046852,-0.3767427,-0.3767427,-0.200397
15339,11.85134,-0.1931913,0.09773163,-0.1048305,-0.376687,-0.376687,-0.2000832
15340,11.85205,-0.1929109,0.0973212,-0.1050962,-0.3718945,-0.3718945,-0.2023067
15341,11.85277,-0.1927678,0.09716886,-0.1051318,-0.370939,-0.370939,-0.2028859
15342,11.85351,-0.1925712,0.09687115,-0.1053364,-0.3690015,-0.3690015,-0.1998098
15343,11.85434,-0.1924009,0.09664629,-0.105456,-0.3689229,-0.3689229,-0.1992424
15344,11.85509,-0.1922033,0.09634872,-0.1056597,-0.3656128,-0.3656128,-0.1977899
15345,11.85581,-0.1920595,0.09619686,-0.1056944,-0.3634366,-0.3634366,-0.1971456
15346,11.85652,-0.1917754,0.09578715,-0.1059565,-0.3600601,-0.3600601,-0.1982345
15347,11.85733,-0.1916895,0.09567493,-0.1060157,-0.3599415,-0.3599415,-0.1978831
15348,11.85808,-0.1914317,0.09533834,-0.1061927,-0.3579093,-0.3579093,-0.1948302
15349,11.8589,-0.1913179,0.09515332,-0.1063354,-0.352959,-0.352959,-0.1953005
15350,11.85965,-0.1910591,0.094817,-0.1065113,-0.3484705,-0.3484705,-0.1943258
15351,11.86042,-0.1907996,0.09448092,-0.1066866,-0.3471712,-0.3471712,-0.1930911
15352,11.86137,-0.190713,0.09436893,-0.1067449,-0.3471374,-0.3471374,-0.1928368
15353,11.86208,-0.1904527,0.09403312,-0.1069193,-0.3409944,-0.3409944,-0.1918118
15354,11.8628,-0.190264,0.09388235,-0.1070287,-0.3384349,-0.3384349,-0.1917767
15355,11.86349,-0.1900614,0.09358571,-0.1072276,-0.3351586,-0.3351586,-0.1894578
15356,11.86423,-0.1899156,0.0934352,-0.1072596,-0.3350924,-0.3350924,-0.1891283
15357,11.86497,-0.1896536,0.09310007,-0.107432,-0.3319019,-0.3319019,-0.1880904
15358,11.86575,-0.1894351,0.09287679,-0.107623,-0.3312351,-0.3312351,-0.1875984
15359,11.86652,-0.1892597,0.0926536,-0.1077372,-0.3283307,-0.3283307,-0.1870618
15360,11.86721,-0.1890841,0.09243049,-0.1078511,-0.3282632,-0.3282632,-0.1867301
15361,11.868,-0.1888646,0.09220754,-0.1080409,-0.3209483,-0.3209483,-0.1845115
15362,11.86886,-0.1886884,0.09198464,-0.1081541,-0.3160872,-0.3160872,-0.183981
15363,11.86958,-0.1884095,0.09172364,-0.108317,-0.3141806,-0.3141806,-0.1823033
15364,11.87029,-0.1883211,0.09161232,-0.1083732,-0.3141101,-0.3141101,-0.1819696
15365,11.87103,-0.1880416,0.09135167,-0.1085352,-0.307426,-0.307426,-0.1805727
15366,11.87182,-0.187953,0.09124043,-0.1085912,-0.3072625,-0.3072625,-0.1801436
15367,11.87254,-0.1876868,0.09090695,-0.1087585,-0.3046658,-0.3046658,-0.178691
15368,11.87337,-0.1875678,0.09072263,-0.1088962,-0.301264,-0.301264,-0.1770107
15369,11.87429,-0.1872869,0.09046264,-0.1090563,-0.3014783,-0.3014783,-0.1767135
15370,11.87504,-0.1870057,0.09020291,-0.1092157,-0.2960622,-0.2960622,-0.1745322
15371,11.87575,-0.1868576,0.09005432,-0.1092442,-0.2959879,-0.2959879,-0.1743044
15372,11.87854,-0.1860696,0.08931468,-0.1097447,-0.2836044,-0.2836044,-0.1687688
15373,11.8794,-0.1858766,0.08916669,-0.109847,-0.2834354,-0.2834354,-0.1683395
15374,11.88016,-0.1855933,0.08890828,-0.1100033,-0.2728894,-0.2728894,-0.1680668
15375,11.88103,-0.1854131,0.0886873,-0.110111,-0.2714593,-0.2714593,-0.1665511
15376,11.88183,-0.1852783,0.08857687,-0.1102398,-0.2655556,-0.2655556,-0.1631759
15377,11.88263,-0.1849941,0.08831899,-0.1103944,-0.2650538,-0.2650538,-0.162158
15378,11.88337,-0.1847871,0.088245,-0.1104892,-0.2648823,-0.2648823,-0.1616202
15379,11.88418,-0.184547,0.0879876,-0.1105683,-0.2553334,-0.2553334,-0.1585919
15380,11.88491,-0.1844563,0.08787742,-0.1106214,-0.2546459,-0.2546459,-0.1578692
15381,11.88564,-0.1841264,0.08762037,-0.1108487,-0.2518264,-0.2518264,-0.1570802
15382,11.88633,-0.1839766,0.08747359,-0.1108738,-0.2517459,-0.2517459,-0.1568577
15383,11.88703,-0.1837369,0.08732694,-0.1110474,-0.2509696,-0.2509696,-0.1559406
15384,11.88775,-0.1836458,0.08721701,-0.1110999,-0.2460542,-0.2460542,-0.1553765
15385,11.88853,-0.1832556,0.08692423,-0.1112971,-0.2424388,-0.2424388,-0.1531136
15386,11.88929,-0.1831643,0.08681441,-0.1113492,-0.2422638,-0.2422638,-0.1526881
15387,11.88999,-0.1828649,0.08663195,-0.1114932,-0.2413638,-0.2413638,-0.151383
15388,11.8907,-0.1827144,0.086486,-0.1115169,-0.2318174,-0.2318174,-0.1486875
15389,11.89141,-0.1825653,0.08644976,-0.1116364,-0.2316403,-0.2316403,-0.1483766
15390,11.89216,-0.1823695,0.08630399,-0.1117337,-0.226172,-0.226172,-0.1486529
15391,11.89299,-0.1820105,0.08608624,-0.1118476,-0.2204475,-0.2204475,-0.1472483
15392,11.89373,-0.1819186,0.0859768,-0.1118989,-0.2124375,-0.2124375,-0.1425001
15393,11.89444,-0.1817102,0.08590489,-0.1119892,-0.2122525,-0.2122525,-0.1422084
15394,11.89516,-0.1814672,0.08565047,-0.1120626,-0.2070605,-0.2070605,-0.1423204
15395,11.89598,-0.1813176,0.08561464,-0.1121808,-0.2113807,-0.2113807,-0.1407525
15396,11.89672,-0.1810167,0.08543399,-0.1123208,-0.203441,-0.203441,-0.1383758
15397,11.89751,-0.1807155,0.0852536,-0.1124602,-0.2038722,-0.2038722,-0.138321
15398,11.89822,-0.1806231,0.08514459,-0.1125104,-0.2037853,-0.2037853,-0.1381055
15399,11.89893,-0.1804717,0.08500011,-0.1125318,-0.1971055,-0.1971055,-0.1354563
15400,11.89967,-0.1801581,0.08489372,-0.1126642,-0.198458,-0.198458,-0.1322515
15401,11.90048,-0.1799019,0.08471422,-0.112729,-0.1929739,-0.1929739,-0.1303274
15402,11.90148,-0.1797517,0.08467893,-0.1128455,-0.1928811,-0.1928811,-0.1300122
15403,11.90222,-0.1794952,0.08449978,-0.1129097,-0.1933405,-0.1933405,-0.1295544
15404,11.90296,-0.1792858,0.08442945,-0.1129966,-0.1770072,-0.1770072,-0.1279596
15405,11.90375,-0.1789835,0.08425082,-0.1131324,-0.1753472,-0.1753472,-0.1232413
15406,11.90448,-0.1788787,0.0842158,-0.1131755,-0.1751617,-0.1751617,-0.1228416
15407,11.90525,-0.1786218,0.08403753,-0.1132383,-0.1749742,-0.1749742,-0.1220708
15408,11.90601,-0.1783073,0.08393297,-0.1133668,-0.1689274,-0.1689274,-0.1202625
15409,11.90681,-0.1782023,0.08389817,-0.1134095,-0.1688344,-0.1688344,-0.1200623
15410,11.90759,-0.1778402,0.08368593,-0.1135136,-0.1538527,-0.1538527,-0.1167319
15411,11.90832,-0.1776894,0.0836513,-0.1136278,-0.1536662,-0.1536662,-0.11633
15412,11.90901,-0.1774202,0.08354758,-0.1136826,-0.1534697,-0.1534697,-0.1156347
15413,11.90974,-0.1773152,0.08351308,-0.1137248,-0.1533764,-0.1533764,-0.1154337
15414,11.91051,-0.177,0.08340976,-0.1138506,-0.1495862,-0.1495862,-0.1139945
15415,11.91123,-0.1768014,0.08326766,-0.11394,-0.1493971,-0.1493971,-0.1137054
15416,11.91203,-0.176532,0.0831648,-0.1139934,-0.141155,-0.141155,-0.1118312
15417,11.91279,-0.1764269,0.0831306,-0.1140349,-0.1410605,-0.1410605,-0.1116282
15418,11.91352,-0.1761113,0.08302812,-0.1141589,-0.1402137,-0.1402137,-0.1112813
15419,11.91425,-0.1758417,0.08292593,-0.1142114,-0.1362381,-0.1362381,-0.1097189
15420,11.91503,-0.175585,0.08285795,-0.1143643,-0.1359032,-0.1359032,-0.1069678
15421,11.9158,-0.1754205,0.08279011,-0.1143751,-0.1357148,-0.1357148,-0.1065656
15422,11.91652,-0.1751508,0.0826886,-0.1144263,-0.136354,-0.136354,-0.1085052
15423,11.91734,-0.1749401,0.08262105,-0.1145074,-0.135693,-0.135693,-0.1057909
15424,11.91812,-0.1746702,0.08252002,-0.1145579,-0.1363356,-0.1363356,-0.1052768
15425,11.91886,-0.1745185,0.08248639,-0.1146686,-0.1363356,-0.1363356,-0.1051566
15426,11.9196,-0.1742021,0.0823857,-0.1147888,-0.1358267,-0.1358267,-0.1039315
15427,11.92032,-0.1740375,0.08231875,-0.1147983,-0.1011614,-0.1011614,-0.09903515
15428,11.92116,-0.1736619,0.08218521,-0.114887,-0.1016331,-0.1016331,-0.09760121
15429,11.92185,-0.1735563,0.0821519,-0.1149265,-0.1015368,-0.1015368,-0.09739599
15430,11.92256,-0.173227,0.082019,-0.1149442,-0.09990247,-0.09990247,-0.09702061
15431,11.92338,-0.173075,0.08198585,-0.1150534,-0.1015707,-0.1015707,-0.094025
15432,11.9242,-0.1727581,0.0818866,-0.1151708,-0.101523,-0.101523,-0.09375983
15433,11.92504,-0.1724411,0.08178763,-0.1152875,-0.1010082,-0.1010082,-0.09468672
15434,11.92583,-0.1723354,0.0817547,-0.1153262,-0.1009111,-0.1009111,-0.09435658
15435,11.92669,-0.1719502,0.08168192,-0.1154063,-0.1002284,-0.1002284,-0.09411467
15436,11.92744,-0.1717978,0.08164915,-0.1155142,-0.1041736,-0.1041736,-0.09385432
15437,11.92822,-0.1714214,0.08151838,-0.1155978,-0.1042621,-0.1042621,-0.09267151
15438,11.92894,-0.1712565,0.0814532,-0.1156047,-0.1041645,-0.1041645,-0.09246553
15439,11.92966,-0.1709858,0.08135565,-0.1156493,-0.105366,-0.105366,-0.09016144
15440,11.93039,-0.1707741,0.08129077,-0.1157248,-0.1051529,-0.1051529,-0.08974743
15441,11.93122,-0.1704455,0.08126539,-0.1158318,-0.1010675,-0.1010675,-0.09045853
15442,11.93198,-0.1702928,0.0812331,-0.115938,-0.1008694,-0.1008694,-0.09016855
15443,11.93267,-0.1699638,0.08120944,-0.1160438,-0.1010728,-0.1010728,-0.09054102
15444,11.93343,-0.1697988,0.08114514,-0.1160493,-0.09361034,-0.09361034,-0.09176181
15445,11.93415,-0.1694697,0.08112203,-0.1161541,-0.09077983,-0.09077983,-0.09104831
15446,11.93504,-0.1691405,0.08109924,-0.1162582,-0.08743939,-0.08743939,-0.09483489
15447,11.93579,-0.1689285,0.08103542,-0.1163313,-0.08724166,-0.08724166,-0.09453707
15448,11.9365,-0.1685991,0.08101305,-0.1164342,-0.0616003,-0.0616003,-0.09103019
15449,11.93724,-0.1684931,0.08098128,-0.1164705,-0.062763,-0.062763,-0.09209421
15450,11.93796,-0.1682809,0.08091785,-0.1165427,-0.06256581,-0.06256581,-0.09179486
15451,11.93866,-0.1679514,0.08089598,-0.1166444,-0.06170264,-0.06170264,-0.09123409
15452,11.93943,-0.1677391,0.08083284,-0.1167159,-0.06203194,-0.06203194,-0.09375858
15453,11.94014,-0.1674566,0.08081149,-0.1167488,-0.06168351,-0.06168351,-0.09464564
15454,11.94108,-0.1670798,0.08079033,-0.1169163,-0.06145684,-0.06145684,-0.09619892
15455,11.94196,-0.1669146,0.08072769,-0.1169192,-0.06125871,-0.06125871,-0.09589219
15456,11.9427,-0.1665375,0.08070701,-0.1170854,-0.05839412,-0.05839412,-0.09417953
15457,11.94346,-0.1663723,0.0806447,-0.1170878,-0.05593038,-0.05593038,-0.09909133
15458,11.94415,-0.1659951,0.08062445,-0.1172527,-0.0557758,-0.0557758,-0.0978772
15459,11.94487,-0.1658414,0.08059342,-0.1173542,-0.05567601,-0.05567601,-0.09765225
15460,11.9456,-0.1654524,0.08054263,-0.1174181,-0.05490709,-0.05490709,-0.09931491
15461,11.94643,-0.1652397,0.08048093,-0.1174863,-0.05515178,-0.05515178,-0.09788076
15462,11.94723,-0.1648508,0.08053453,-0.1176422,-0.04722799,-0.04722799,-0.1007052
15463,11.948,-0.1645316,0.08044249,-0.1177431,-0.04616452,-0.04616452,-0.1052238
15464,11.94873,-0.1643664,0.08038127,-0.1177435,-0.04606443,-0.04606443,-0.104849
15465,11.94944,-0.164106,0.08032021,-0.1178766,-0.04570121,-0.04570121,-0.1046165
15466,11.95036,-0.1637755,0.08030178,-0.1179697,-0.04836452,-0.04836452,-0.1095423
15467,11.95115,-0.163445,0.08028357,-0.1180622,-0.0478924,-0.0478924,-0.1102093
15468,11.95186,-0.1631843,0.08022299,-0.1181936,-0.04770616,-0.04770616,-0.1095693
15469,11.95263,-0.1628058,0.08020521,-0.1183506,-0.04798931,-0.04798931,-0.1147741
15470,11.95335,-0.1625927,0.08014494,-0.1184152,-0.04799549,-0.04799549,-0.1203087
15471,11.95415,-0.162214,0.08012764,-0.1185707,-0.04663206,-0.04663206,-0.1207376
15472,11.9549,-0.1620008,0.08006769,-0.1186344,-0.04643055,-0.04643055,-0.1202439
15473,11.95563,-0.161622,0.08005081,-0.1187885,-0.04630926,-0.04630926,-0.1202121
15474,11.95634,-0.1614087,0.07999119,-0.1188514,-0.04630382,-0.04630382,-0.1249323
15475,11.95709,-0.1610882,0.08000447,-0.1190379,-0.04550214,-0.04550214,-0.1284386
15476,11.95784,-0.1608748,0.0799451,-0.1191001,-0.04540096,-0.04540096,-0.1280323
15477,11.95857,-0.1604955,0.07992902,-0.1192513,-0.04467863,-0.04467863,-0.128338
15478,11.95938,-0.1603405,0.07989947,-0.1193468,-0.04523754,-0.04523754,-0.1364977
15479,11.96012,-0.1599609,0.07988374,-0.1194967,-0.04407469,-0.04407469,-0.1392217
15480,11.96098,-0.1598059,0.07985429,-0.1195916,-0.04387653,-0.04387653,-0.1385487
15481,11.96171,-0.1594261,0.07983895,-0.1197401,-0.04173528,-0.04173528,-0.1408135
15482,11.96247,-0.1592225,0.07980965,-0.1198988,-0.04218553,-0.04218553,-0.146474
15483,11.96516,-0.1580929,0.07969272,-0.1203433,-0.03736537,-0.03736537,-0.1484942
15484,11.96592,-0.1579374,0.07966373,-0.1204362,-0.03717882,-0.03717882,-0.1481279
15485,11.96676,-0.1575679,0.07957695,-0.1205864,-0.0360186,-0.0360186,-0.1495305
15486,11.96756,-0.1571873,0.07956311,-0.1207291,-0.03583262,-0.03583262,-0.1476651
15487,11.9684,-0.1570315,0.07953434,-0.1208211,-0.03599551,-0.03599551,-0.1489806
15488,11.96914,-0.1566018,0.07952081,-0.1210257,-0.03461933,-0.03461933,-0.1520447
15489,11.96991,-0.1564458,0.07949215,-0.1211169,-0.03453018,-0.03453018,-0.1516378
15490,11.97063,-0.1560647,0.07947905,-0.1212568,-0.03450765,-0.03450765,-0.1501572
15491,11.97136,-0.1558596,0.07945053,-0.1214104,-0.03314024,-0.03314024,-0.1513692
15492,11.97212,-0.1554783,0.0794377,-0.1215487,-0.03156974,-0.03156974,-0.1547711
15493,11.97282,-0.155322,0.0794093,-0.1216387,-0.03149708,-0.03149708,-0.1543406
15494,11.97356,-0.1549515,0.07932432,-0.1217824,-0.03273017,-0.03273017,-0.1558327
15495,11.97434,-0.1547952,0.07929605,-0.1218718,-0.03328035,-0.03328035,-0.1575559
15496,11.97513,-0.154422,0.07931218,-0.1221057,-0.03258497,-0.03258497,-0.1615567
15497,11.97586,-0.1541583,0.07925585,-0.1222209,-0.03241332,-0.03241332,-0.161034
15498,11.97657,-0.1537955,0.07919966,-0.1224599,-0.03398646,-0.03398646,-0.161083
15499,11.97743,-0.1536388,0.07917161,-0.1225479,-0.0321862,-0.0321862,-0.1668239
15500,11.97824,-0.153207,0.07916018,-0.1227424,-0.03569616,-0.03569616,-0.1706521
15501,11.979,-0.1530501,0.07913226,-0.1228299,-0.03561084,-0.03561084,-0.1700752
15502,11.97976,-0.152618,0.07912114,-0.1230225,-0.03442002,-0.03442002,-0.1712736
15503,11.98059,-0.1522541,0.07906558,-0.1232574,-0.03424029,-0.03424029,-0.1779748
15504,11.98146,-0.1520394,0.07901014,-0.1233071,-0.03395003,-0.03395003,-0.1798315
15505,11.98221,-0.1516642,0.07902731,-0.1235336,-0.03640126,-0.03640126,-0.1790448
15506,11.98294,-0.1513995,0.07897212,-0.1236437,-0.03631695,-0.03631695,-0.1784555
15507,11.98373,-0.1510739,0.07898949,-0.1238074,-0.03657718,-0.03657718,-0.1844946
15508,11.98446,-0.1508664,0.078962,-0.1239533,-0.03522241,-0.03522241,-0.1835649
15509,11.98515,-0.1504439,0.07887974,-0.1241465,-0.0364991,-0.0364991,-0.1836872
15510,11.98588,-0.1501787,0.07882506,-0.1242543,-0.0363309,-0.0363309,-0.1829681
15511,11.98661,-0.1498633,0.0787705,-0.1244222,-0.03588333,-0.03588333,-0.1857884
15512,11.98742,-0.1496552,0.07874326,-0.1245664,-0.03573758,-0.03573758,-0.1884725
15513,11.98813,-0.1492212,0.07873419,-0.1247488,-0.03795696,-0.03795696,-0.1875746
15514,11.9889,-0.1490128,0.07870709,-0.124892,-0.03778941,-0.03778941,-0.1870071
15515,11.98963,-0.1485785,0.07869834,-0.1250726,-0.03705021,-0.03705021,-0.1894494
15516,11.99039,-0.1484204,0.07867134,-0.1251548,-0.03682042,-0.03682042,-0.1868134
15517,11.99107,-0.1480534,0.07861748,-0.1253786,-0.03709942,-0.03709942,-0.1898517
15518,11.99181,-0.1478337,0.07866293,-0.1255129,-0.03702966,-0.03702966,-0.1893816
15519,11.99254,-0.1474094,0.07858247,-0.125697,-0.03470865,-0.03470865,-0.1944901
15520,11.99324,-0.1472002,0.0785557,-0.1258374,-0.03613215,-0.03613215,-0.195895
15521,11.99397,-0.146934,0.07850228,-0.1259393,-0.03605016,-0.03605016,-0.1952746
15522,11.99471,-0.1466062,0.07852133,-0.1260927,-0.03570512,-0.03570512,-0.1920073
15523,11.9955,-0.1461869,0.07846814,-0.1263708,-0.03615985,-0.03615985,-0.1934889
15524,11.99628,-0.1459204,0.0784151,-0.1264707,-0.03655512,-0.03655512,-0.198348
15525,11.99709,-0.145541,0.07843445,-0.1266806,-0.03608027,-0.03608027,-0.2016567
15526,12.00062,-0.1440932,0.07836852,-0.1274664,-0.03296417,-0.03296417,-0.1996002
15527,12.00151,-0.1436153,0.07829011,-0.1276975,-0.03246303,-0.03246303,-0.2007029
15528,12.00225,-0.1435636,0.07829011,-0.1277555,-0.03365,-0.03365,-0.2036892
15529,12.00301,-0.1430231,0.07828422,-0.1280351,-0.0328027,-0.0328027,-0.2038718
15530,12.00377,-0.1428635,0.07825825,-0.1281112,-0.03272554,-0.03272554,-0.2032412
15531,12.0045,-0.1424819,0.07827856,-0.1283127,-0.03285412,-0.03285412,-0.2029577
15532,12.00524,-0.1422144,0.07822683,-0.1284059,-0.03192483,-0.03192483,-0.204693
15533,12.00598,-0.1419508,0.07820103,-0.1285957,-0.03177087,-0.03177087,-0.2039291
15534,12.0067,-0.1416207,0.07822163,-0.1287377,-0.03093069,-0.03093069,-0.2059463
15535,12.00746,-0.1414088,0.0781959,-0.1288692,-0.0306361,-0.0306361,-0.2060597
15536,12.00818,-0.1409184,0.07819106,-0.1290837,-0.02989631,-0.02989631,-0.2049769
15537,12.00891,-0.1407063,0.07816546,-0.1292142,-0.02989631,-0.02989631,-0.2044662
15538,12.00968,-0.140271,0.07818645,-0.1294667,-0.02709864,-0.02709864,-0.2044424
15539,12.01055,-0.1398982,0.07813548,-0.1296688,-0.02703693,-0.02703693,-0.2065778
15540,12.01133,-0.1396196,0.07815669,-0.1297496,-0.02694198,-0.02694198,-0.2067306
15541,12.01206,-0.1391836,0.07817805,-0.1299987,-0.0231171,-0.0231171,-0.2092146
15542,12.01278,-0.1389705,0.07815275,-0.1301266,-0.02305522,-0.02305522,-0.2085376
15543,12.0135,-0.1385313,0.07814901,-0.1302767,-0.02224469,-0.02224469,-0.2082144
15544,12.01422,-0.1382653,0.07812381,-0.1304595,-0.02235425,-0.02235425,-0.2061876
15545,12.01494,-0.1380944,0.07817067,-0.1305224,-0.02221742,-0.02221742,-0.2053796
15546,12.01575,-0.1376674,0.07812043,-0.1307745,-0.01955904,-0.01955904,-0.2042471
15547,12.01649,-0.1374963,0.07816738,-0.1308368,-0.01762486,-0.01762486,-0.2045864
15548,12.01722,-0.1370139,0.07809234,-0.1310457,-0.01755199,-0.01755199,-0.2042703
15549,12.01791,-0.1367367,0.07813936,-0.1312177,-0.01741751,-0.01741751,-0.2034605
15550,12.01866,-0.1363513,0.07816152,-0.1314027,-0.00979039,-0.00979039,-0.2029815
15551,12.01934,-0.1361904,0.07813667,-0.1314712,-0.00926593,-0.00926593,-0.2017829
15552,12.02005,-0.1356333,0.07820618,-0.1317148,-0.005232497,-0.005232497,-0.2034671
15553,12.02092,-0.135419,0.07818143,-0.1318373,-0.005085201,-0.005085201,-0.2026736
15554,12.02164,-0.1350329,0.07820398,-0.1320188,-0.004054884,-0.004054884,-0.2026273
15555,12.02233,-0.1348183,0.07817933,-0.1321403,-0.004112451,-0.004112451,-0.2019356
15556,12.0231,-0.134324,0.07817745,-0.1323323,-0.002961975,-0.002961975,-0.200025
15557,12.02386,-0.1340989,0.07822482,-0.1324448,-0.002831944,-0.002831944,-0.1992036
15558,12.02468,-0.1336586,0.07824773,-0.1326767,0.0008611049,0.0008611049,-0.1982056
15559,12.02552,-0.1332175,0.07824638,-0.1328109,0.002898335,0.002898335,-0.1976826
15560,12.02626,-0.1329919,0.07829385,-0.1329217,0.007652578,0.007652578,-0.1967968
15561,12.02699,-0.1327663,0.07834136,-0.133032,0.007635201,0.007635201,-0.1962325
15562,12.02769,-0.1323251,0.07836463,-0.1332598,0.01828137,0.01828137,-0.1945074
15563,12.02836,-0.1321531,0.07841218,-0.1333157,0.01833352,0.01833352,-0.1938081
15564,12.02912,-0.1316576,0.07841149,-0.1334987,0.0186786,0.0186786,-0.1926577
15565,12.02984,-0.1313776,0.0784591,-0.13366,0.01887039,0.01887039,-0.1922109
15566,12.03053,-0.1309896,0.07848272,-0.1338306,0.02251721,0.02251721,-0.1925115
15567,12.03124,-0.1307736,0.0784587,-0.1339461,0.02258773,0.02258773,-0.1918436
15568,12.03195,-0.1305472,0.07850645,-0.1340529,0.02591796,0.02591796,-0.1903702
15569,12.03281,-0.1300942,0.07860196,-0.1342654,0.02340684,0.02340684,-0.1890737
15570,12.03353,-0.1295978,0.07860204,-0.1344414,0.02865847,0.02865847,-0.1878761
15571,12.03424,-0.1294253,0.07864989,-0.134494,0.02870805,0.02870805,-0.1873505
15572,12.03494,-0.1291986,0.07869773,-0.1345987,0.02873762,0.02873762,-0.1863756
15573,12.03566,-0.1286915,0.07876984,-0.1347632,0.03713972,0.03713972,-0.1857276
15574,12.03637,-0.1284749,0.07874618,-0.1348752,0.03720939,0.03720939,-0.1852367
15575,12.03705,-0.1280753,0.07884209,-0.1350294,0.04219867,0.04219867,-0.1825875
15576,12.03776,-0.1277936,0.0788901,-0.1351835,0.04593244,0.04593244,-0.1808123
15577,12.03853,-0.1272859,0.07896263,-0.1353432,0.0491131,0.0491131,-0.1796409
15578,12.03933,-0.1271133,0.07901071,-0.1353931,0.04915874,0.04915874,-0.1789224
15579,12.04016,-0.1266583,0.07910687,-0.1355947,0.05144681,0.05144681,-0.1778506
15580,12.04106,-0.1262135,0.07913163,-0.1358036,0.05585636,0.05585636,-0.1755825
15581,12.0418,-0.1260303,0.07925121,-0.1358434,0.057007,0.057007,-0.1758078
15582,12.04251,-0.1255221,0.07932432,-0.1359968,0.06249919,0.06249919,-0.1737836
15583,12.04323,-0.1252943,0.0793725,-0.1360953,0.06254137,0.06254137,-0.1732451
15584,12.04406,-0.1248383,0.07946895,-0.136291,0.06769817,0.06769817,-0.1701662
15585,12.04489,-0.1246654,0.07951719,-0.136338,0.06853947,0.06853947,-0.1694492
15586,12.04564,-0.1241674,0.07951938,-0.1364957,0.07501221,0.07501221,-0.1682932
15587,12.04635,-0.1239944,0.0795677,-0.1365419,0.07505155,0.07505155,-0.1675666
15588,12.04706,-0.1235273,0.07973568,-0.1367245,0.07512417,0.07512417,-0.1657746
15589,12.04976,-0.1232331,0.07985531,-0.1368603,0.07710384,0.07710384,-0.164186
15590,12.05052,-0.1220939,0.08007445,-0.1372355,0.08701879,0.08701879,-0.1593403
15591,12.05123,-0.1215848,0.08014873,-0.1373754,0.09094349,0.09094349,-0.1572866
15592,12.05195,-0.1213561,0.08019723,-0.1374675,0.09097871,0.09097871,-0.1565578
15593,12.05281,-0.1209433,0.08036537,-0.1375923,0.09168926,0.09168926,-0.1543567
15594,12.05358,-0.1206587,0.08041392,-0.1377322,0.09682442,0.09682442,-0.1539083
15595,12.05431,-0.1202051,0.08048856,-0.1378185,0.09984557,0.09984557,-0.1525653
15596,12.05512,-0.1196804,0.08065677,-0.1380368,0.09960452,0.09960452,-0.1507622
15597,12.05585,-0.119507,0.08070537,-0.1380775,0.09960537,0.09960537,-0.1499693
15598,12.05657,-0.1192778,0.08075403,-0.1381664,0.1029362,0.1029362,-0.1491859
15599,12.05728,-0.1188751,0.0808513,-0.1382948,0.1030006,0.1030006,-0.1477137
15600,12.05798,-0.1185282,0.08094864,-0.1383743,0.1076573,0.1076573,-0.1461798
15601,12.05872,-0.1180585,0.0811169,-0.1385386,0.1086024,0.1086024,-0.1434405
15602,12.05949,-0.117885,0.0811656,-0.1385774,0.1086337,0.1086337,-0.1428883
15603,12.06023,-0.1174205,0.08131178,-0.1386453,0.1116727,0.1116727,-0.1412134
15604,12.06112,-0.1169614,0.0814093,-0.1388159,0.1178912,0.1178912,-0.1390735
15605,12.06183,-0.1166757,0.08145808,-0.1389478,0.1153638,0.1153638,-0.1374955
15606,12.06255,-0.1165021,0.08150687,-0.138985,0.1154288,0.1154288,-0.1370057
15607,12.06328,-0.1159814,0.0816533,-0.1390954,0.1126963,0.1126963,-0.1361134
15608,12.06406,-0.1156846,0.08177285,-0.1392151,0.1159925,0.1159925,-0.1342029
15609,12.06484,-0.1152811,0.08187053,-0.1393335,0.1225938,0.1225938,-0.1315255
15610,12.06561,-0.1148166,0.08201715,-0.1393932,0.1203304,0.1203304,-0.1298756
15611,12.0663,-0.114643,0.08206604,-0.1394282,0.120358,0.120358,-0.1293235
15612,12.06705,-0.1143567,0.08211498,-0.1395555,0.1282132,0.1282132,-0.1263428
15613,12.06776,-0.1139421,0.08228336,-0.1396597,0.1299286,0.1299286,-0.1256961
15614,12.06854,-0.1136513,0.08238123,-0.1396815,0.1300175,0.1300175,-0.1248427
15615,12.06926,-0.1131912,0.08247918,-0.13984,0.1310678,0.1310678,-0.1225361
15616,12.07003,-0.11295,0.08259859,-0.1399082,0.1293979,0.1293979,-0.1216543
15617,12.07088,-0.1124402,0.08267519,-0.1400165,0.1294052,0.1294052,-0.12113
15618,12.07162,-0.1119687,0.0828436,-0.1401605,0.1295016,0.1295016,-0.1189326
15619,12.07234,-0.1117951,0.08289267,-0.1401921,0.1295266,0.1295266,-0.1183781
15620,12.07306,-0.1114478,0.08299078,-0.1402547,0.1290216,0.1290216,-0.1167942
15621,12.0738,-0.111044,0.08308894,-0.1403614,0.1319763,0.1319763,-0.1151463
15622,12.07454,-0.1108593,0.08320831,-0.140381,0.1319605,0.1319605,-0.1143347
15623,12.07541,-0.1103385,0.08335562,-0.1404712,0.1340967,0.1340967,-0.1119187
15624,12.07624,-0.1098778,0.08345391,-0.1406192,0.1346428,0.1346428,-0.1103045
15625,12.07698,-0.1096362,0.08357322,-0.1406816,0.1375679,0.1375679,-0.1093714
15626,12.0777,-0.1091753,0.08367155,-0.1408273,0.1379947,0.1379947,-0.1084801
15627,12.07841,-0.108885,0.08376989,-0.1408397,0.1380393,0.1380393,-0.107556
15628,12.07916,-0.1084698,0.08393836,-0.140928,0.1378825,0.1378825,-0.1053093
15629,12.07987,-0.1082393,0.08398756,-0.1409992,0.1380411,0.1380411,-0.1044489
15630,12.08056,-0.10773,0.08406526,-0.1410915,0.1370897,0.1370897,-0.1035767
15631,12.08149,-0.1076047,0.08413522,-0.1411671,0.1371121,0.1371121,-0.1030191
15632,12.0822,-0.1070842,0.08428301,-0.1412458,0.1350217,0.1350217,-0.102323
15633,12.08303,-0.1067373,0.08438158,-0.1412973,0.1350203,0.1350203,-0.1013919
15634,12.08379,-0.1062649,0.08455008,-0.1414223,0.1371154,0.1371154,-0.09904733
15635,12.0845,-0.1060342,0.08459939,-0.14149,0.1370949,0.1370949,-0.09822973
15636,12.08527,-0.105573,0.08469807,-0.1416244,0.1369669,0.1369669,-0.09565165
15637,12.08618,-0.10511,0.08484615,-0.1416534,0.1369215,0.1369215,-0.09422518
15638,12.08696,-0.1048109,0.08496524,-0.1417498,0.1375748,0.1375748,-0.0941891
15639,12.0878,-0.1043381,0.08513367,-0.1418684,0.1385398,0.1385398,-0.0923004
15640,12.08862,-0.1038295,0.0852122,-0.1419475,0.1388341,0.1388341,-0.09199739
15641,12.08941,-0.1035988,0.08526163,-0.1420114,0.1389183,0.1389183,-0.09114595
15642,12.09023,-0.103126,0.08543007,-0.142126,0.1389607,0.1389607,-0.09103295
15643,12.09102,-0.1028484,0.08545946,-0.1421386,0.1391108,0.1391108,-0.0908108
15644,12.09177,-0.1023756,0.08562794,-0.1422508,0.1379686,0.1379686,-0.08992917
15645,12.09252,-0.102145,0.08567741,-0.1423123,0.1379453,0.1379453,-0.08910614
15646,12.09332,-0.1016369,0.08575651,-0.1423841,0.1380682,0.1380682,-0.08830646
15647,12.09408,-0.1013949,0.08587549,-0.1424322,0.1391852,0.1391852,-0.08712532
15648,12.09481,-0.1009336,0.08597457,-0.1425519,0.1375518,0.1375518,-0.08628455
15649,12.09555,-0.1007029,0.08602412,-0.1426113,0.1375716,0.1375716,-0.08553074
15650,12.09628,-0.1001839,0.08617282,-0.1426657,0.1375709,0.1375709,-0.08442725
15651,12.09701,-0.09994175,0.08629175,-0.1427113,0.1371208,0.1371208,-0.08521214
15652,12.09773,-0.09948049,0.08639097,-0.1428264,0.1371249,0.1371249,-0.08374296
15653,12.09852,-0.09919211,0.08644053,-0.1429235,0.1371442,0.1371442,-0.08298704
15654,12.09927,-0.09873126,0.08658943,-0.1429328,0.1376561,0.1376561,-0.08388416
15655,12.09998,-0.09848922,0.08670827,-0.1429759,0.137717,0.137717,-0.08222101
15656,12.10079,-0.0979702,0.08680756,-0.143126,0.1373113,0.1373113,-0.08007386
15657,12.10176,-0.09752126,0.08688754,-0.1431444,0.1343624,0.1343624,-0.07929617
15658,12.10258,-0.09729078,0.08693722,-0.1431984,0.1343821,0.1343821,-0.07853679
15659,12.10336,-0.09677181,0.08703669,-0.1433443,0.134479,0.134479,-0.07828338
15660,12.10417,-0.09635726,0.08720517,-0.1433976,0.1307155,0.1307155,-0.07879247
15661,12.105,-0.09606875,0.0872549,-0.1434886,0.1327178,0.1327178,-0.07668703
15662,12.10587,-0.09556272,0.08733526,-0.1435399,0.1263227,0.1263227,-0.07834581
15663,12.10667,-0.09510182,0.08743487,-0.1436414,0.1267625,0.1267625,-0.07664526
15664,12.10747,-0.09480185,0.08755361,-0.1437167,0.1267827,0.1267827,-0.07569351
15665,12.10823,-0.09429632,0.08763424,-0.1437638,0.1258746,0.1258746,-0.07561043
15666,12.10906,-0.09406596,0.08768405,-0.1438128,0.1255365,0.1255365,-0.07457204
15667,12.10978,-0.09359381,0.08785258,-0.1438961,0.1259013,0.1259013,-0.07514853
15668,12.11055,-0.09337495,0.0878337,-0.1439574,0.125921,0.125921,-0.07438781
15669,12.11137,-0.09285612,0.08793349,-0.1440896,0.1239753,0.1239753,-0.07360519
15670,12.11213,-0.09239545,0.08803334,-0.1441826,0.1209227,0.1209227,-0.07402929
15671,12.11287,-0.09210972,0.0881332,-0.1441626,0.1173771,0.1173771,-0.07402571
15672,12.11367,-0.09154718,0.08821446,-0.1442379,0.1155508,0.1155508,-0.07336634
15673,12.11445,-0.09131701,0.08826445,-0.1442826,0.1156141,0.1156141,-0.07267022
15674,12.11524,-0.09085685,0.08836448,-0.1443709,0.1135166,0.1135166,-0.07307461
15675,12.11604,-0.09062681,0.08841446,-0.1444145,0.1140515,0.1140515,-0.07076951
15676,12.1169,-0.09010825,0.08851455,-0.144537,0.1108055,0.1108055,-0.07179145
15677,12.11772,-0.08954649,0.08859625,-0.1446049,0.1101283,0.1101283,-0.07206554
15678,12.11848,-0.08937497,0.08864634,-0.1446104,0.1101506,0.1101506,-0.0713034
15679,12.1192,-0.08885673,0.08874656,-0.1447286,0.110047,0.110047,-0.0697481
15680,12.11994,-0.08856835,0.08879665,-0.1448049,0.1100444,0.1100444,-0.06964614
15681,12.12067,-0.08806575,0.08887869,-0.1448315,0.1104544,0.1104544,-0.06932653
15682,12.12152,-0.08782469,0.08899724,-0.1448566,0.1104756,0.1104756,-0.06836706
15683,12.12223,-0.087318,0.08902924,-0.1449836,0.1099159,0.1099159,-0.06758714
15684,12.12303,-0.08708829,0.08907947,-0.1450218,0.1054837,0.1054837,-0.06910785
15685,12.12382,-0.086629,0.08917986,-0.145097,0.1051961,0.1051961,-0.06632465
15686,12.12452,-0.0863994,0.08923008,-0.1451341,0.1052185,0.1052185,-0.06536598
15687,12.12524,-0.0858816,0.08933054,-0.1452419,0.1055806,0.1055806,-0.06638955
15688,12.12596,-0.08572204,0.0893126,-0.1452575,0.1010935,0.1010935,-0.06864416
15689,12.12676,-0.08509236,0.08946344,-0.1453292,0.1009247,0.1009247,-0.0667809
15690,12.12751,-0.08491614,0.08946344,-0.1454322,0.1009247,0.1009247,-0.06618032
15691,12.12823,-0.08434548,0.08961433,-0.1454664,0.09953617,0.09953617,-0.06504118
15692,12.129,-0.08411623,0.08966465,-0.1455,0.1007779,0.1007779,-0.06393675
15693,12.1298,-0.08365769,0.08976531,-0.1455661,0.1005886,0.1005886,-0.06336755
15694,12.13057,-0.08343972,0.08974764,-0.1456132,0.1006106,0.1006106,-0.06240832
15695,12.13138,-0.08291131,0.08991638,-0.1456961,0.09716605,0.09716605,-0.06102976
15696,12.13213,-0.08246433,0.08994918,-0.1457732,0.09943206,0.09943206,-0.06138696
15697,12.13284,-0.08217639,0.08999954,-0.1458371,0.09794314,0.09794314,-0.06159187
15698,12.13356,-0.08190639,0.0900325,-0.1458129,0.09796447,0.09796447,-0.06083978
15699,12.13427,-0.08144863,0.09013338,-0.1458723,0.09652315,0.09652315,-0.0602181
15700,12.13505,-0.08120163,0.09020126,-0.1459888,0.09632704,0.09632704,-0.06031341
15701,12.13784,-0.07961161,0.09048674,-0.1461978,0.09646943,0.09646943,-0.06081055
15702,12.13865,-0.07932394,0.09053728,-0.1462562,0.09646943,0.09646943,-0.06021262
15703,12.13943,-0.07887797,0.0905706,-0.1463228,0.09580641,0.09580641,-0.06190334
15704,12.14023,-0.07836197,0.09067173,-0.1464045,0.09318171,0.09318171,-0.06010876
15705,12.14115,-0.07807445,0.0907223,-0.1464605,0.09493009,0.09493009,-0.06289901
15706,12.14197,-0.07759833,0.09084047,-0.1465948,0.09632865,0.09632865,-0.06328864
15707,12.14276,-0.07714178,0.09094162,-0.146641,0.09572048,0.09572048,-0.06485195
15708,12.14353,-0.07685433,0.09099215,-0.1466946,0.09573829,0.09573829,-0.06388038
15709,12.14428,-0.07634969,0.09102584,-0.1467848,0.09592967,0.09592967,-0.06556118
15710,12.14513,-0.07606231,0.09107645,-0.1468368,0.09356416,0.09356416,-0.06674498
15711,12.14602,-0.07547672,0.09124514,-0.1469238,0.09438691,0.09438691,-0.06665199
15712,12.14677,-0.07500038,0.09136318,-0.1470497,0.09618691,0.09618691,-0.07066312
15713,12.14752,-0.07473375,0.09139702,-0.147013,0.09623811,0.09623811,-0.06974135
15714,12.15109,-0.07293023,0.0917176,-0.1474137,0.09640088,0.09640088,-0.07575772
15715,12.15185,-0.07241572,0.09181889,-0.1474748,0.0956093,0.0956093,-0.07171835
15716,12.15262,-0.07216657,0.0918861,-0.1475757,0.09557319,0.09557319,-0.07082529
15717,12.15333,-0.07159244,0.09198743,-0.1476631,0.09654822,0.09654822,-0.07599185
15718,12.15403,-0.07130545,0.09203807,-0.147706,0.09709658,0.09709658,-0.07779729
15719,12.15475,-0.07082873,0.09215589,-0.1478182,0.0992812,0.0992812,-0.08013061
15720,12.15545,-0.07048206,0.09220657,-0.1478881,0.09932502,0.09932502,-0.07918838
15721,12.15617,-0.07026552,0.09219012,-0.1479166,0.09763984,0.09763984,-0.08119982
15722,12.15692,-0.06971833,0.09237496,-0.1480374,0.0983535,0.0983535,-0.08188915
15723,12.1576,-0.06950181,0.09235856,-0.1480648,0.09839584,0.09839584,-0.08094319
15724,12.15837,-0.06892833,0.0924599,-0.148142,0.09767279,0.09767279,-0.07806389
15725,12.15923,-0.06839154,0.09257759,-0.1482741,0.09924451,0.09924451,-0.0810755
15726,12.16006,-0.06785459,0.09269527,-0.1484042,0.09943452,0.09943452,-0.08301537
15727,12.16106,-0.0675575,0.09281285,-0.1484234,0.1001122,0.1001122,-0.08492799
15728,12.16181,-0.06702039,0.09293039,-0.1485504,0.1016375,0.1016375,-0.08486411
15729,12.16252,-0.06673382,0.09298101,-0.1485844,0.1016402,0.1016402,-0.08384489
15730,12.16332,-0.06620702,0.09303169,-0.1487251,0.1014258,0.1014258,-0.08276112
15731,12.16412,-0.06591015,0.09314913,-0.1487409,0.1028493,0.1028493,-0.08714442
15732,12.16487,-0.06543297,0.09326658,-0.1488354,0.1027448,0.1027448,-0.08538346
15733,12.16563,-0.06513213,0.09326658,-0.1489673,0.1027094,0.1027094,-0.08423077
15734,12.1664,-0.06465475,0.09338393,-0.1490593,0.1035819,0.1035819,-0.08760838
15735,12.16714,-0.0643081,0.09343453,-0.1491148,0.1058338,0.1058338,-0.08951448
15736,12.16791,-0.06373549,0.09353577,-0.1491719,0.1043606,0.1043606,-0.08857469
15737,12.16868,-0.06348415,0.09360248,-0.1492577,0.1043238,0.1043238,-0.08703214
15738,12.1694,-0.06294633,0.09371972,-0.1493697,0.1045968,0.1045968,-0.08537919
15739,12.17012,-0.06269467,0.09378636,-0.1494541,0.1061286,0.1061286,-0.08979246
15740,12.17087,-0.06212235,0.09388749,-0.149505,0.1077899,0.1077899,-0.09105264
15741,12.17155,-0.06187052,0.09395409,-0.149588,0.1077843,0.1077843,-0.09001198
15742,12.17224,-0.0613085,0.0939887,-0.149653,0.1089457,0.1089457,-0.09220538
15743,12.17298,-0.06098596,0.09412174,-0.1497419,0.1070331,0.1070331,-0.08933651
15744,12.17376,-0.06040337,0.09417229,-0.1498842,0.1095179,0.1095179,-0.09045725
15745,12.17446,-0.06013502,0.09430524,-0.1499491,0.1094475,0.1094475,-0.08921915
15746,12.17516,-0.05997027,0.09435579,-0.1499215,0.1094475,0.1094475,-0.08877748
15747,12.17597,-0.05925024,0.09447271,-0.1500926,0.1110479,0.1110479,-0.09465548
15748,12.17667,-0.05900757,0.09447271,-0.1501882,0.1110384,0.1110384,-0.09314242
15749,12.17741,-0.05845924,0.09465596,-0.1502662,0.1094421,0.1094421,-0.0915259
15750,12.17814,-0.05812265,0.0946401,-0.150325,0.1106346,0.1106346,-0.0917223
15751,12.17898,-0.05761681,0.0947728,-0.1504766,0.1097609,0.1097609,-0.09090793
15752,12.1798,-0.05701727,0.09488951,-0.1505902,0.1094507,0.1094507,-0.092374
15753,12.18056,-0.0565394,0.09500624,-0.1506558,0.1116309,0.1116309,-0.0904671
15754,12.18148,-0.0561225,0.09512289,-0.1506971,0.111619,0.111619,-0.08917864
15755,12.18228,-0.05559349,0.0951733,-0.1508003,0.1117999,0.1117999,-0.08883467
15756,12.18301,-0.05534003,0.09523948,-0.1508719,0.1119677,0.1119677,-0.09039614
15757,12.18388,-0.05474023,0.09535606,-0.1509763,0.1133613,0.1133613,-0.09232212
15758,12.18465,-0.05454761,0.09542219,-0.1510244,0.1133613,0.1133613,-0.09163794
15759,12.18546,-0.05391788,0.09555443,-0.1512071,0.1121744,0.1121744,-0.08932582
15760,12.18624,-0.05331761,0.0956708,-0.1513057,0.1111524,0.1111524,-0.08837567
15761,12.18699,-0.05303259,0.09572114,-0.1513135,0.1144684,0.1144684,-0.09270613
15762,12.18773,-0.05247258,0.09578715,-0.1514869,0.1136685,0.1136685,-0.09211167
15763,12.18848,-0.05212644,0.09583747,-0.1515141,0.1136516,0.1136516,-0.0908006
15764,12.18928,-0.05152611,0.09595373,-0.1516056,0.1140934,0.1140934,-0.09122031
15765,12.19,-0.05133294,0.0960197,-0.1516493,0.1140756,0.1140756,-0.09036896
15766,12.1908,-0.05076256,0.09615161,-0.1517978,0.1141734,0.1141734,-0.0907633
15767,12.19169,-0.05041659,0.09620179,-0.1518211,0.1130466,0.1130466,-0.09015803
15768,12.19246,-0.04990718,0.09633359,-0.1519458,0.1133923,0.1133923,-0.09198256
15769,12.19327,-0.04921302,0.0964653,-0.1521285,0.1139454,0.1139454,-0.08942872
15770,12.19404,-0.04899012,0.09651545,-0.1521087,0.1139599,0.1139599,-0.08863914
15771,12.19487,-0.04836601,0.09658129,-0.1522865,0.1145508,0.1145508,-0.09332058
15772,12.19573,-0.04776493,0.09669715,-0.1523627,0.1136534,0.1136534,-0.09188742
15773,12.19648,-0.04744801,0.09676294,-0.1524399,0.113119,0.113119,-0.09153197
15774,12.19728,-0.04694605,0.09682868,-0.1525734,0.1133407,0.1133407,-0.09052529
15775,12.19805,-0.04660035,0.09687875,-0.1525879,0.1133189,0.1133189,-0.08942632
15776,12.19881,-0.04603634,0.09694447,-0.1527372,0.1114269,0.1114269,-0.09286527
15777,12.19959,-0.04570999,0.09707582,-0.1527914,0.1085919,0.1085919,-0.09380744
15778,12.20045,-0.0450747,0.09720715,-0.1529363,0.1116147,0.1116147,-0.09014082
15779,12.20132,-0.04448191,0.09725712,-0.1530186,0.112358,0.112358,-0.09328867
15780,12.20203,-0.04416399,0.09732269,-0.1530887,0.1123261,0.1123261,-0.09226092
15781,12.20275,-0.04357108,0.09737268,-0.1531675,0.109237,0.109237,-0.09212852
15782,12.20344,-0.04325297,0.09743825,-0.1532358,0.1092511,0.1092511,-0.09066397
15783,12.20426,-0.04260781,0.09763487,-0.1533506,0.1073279,0.1073279,-0.08834336
15784,12.20521,-0.04210341,0.09770038,-0.1534679,0.1091474,0.1091474,-0.08605345
15785,12.20599,-0.04179327,0.09770038,-0.1535527,0.1091474,0.1091474,-0.08484493
15786,12.20673,-0.04115571,0.09783138,-0.1536808,0.1078271,0.1078271,-0.08406173
15787,12.20749,-0.04083677,0.0978968,-0.1537439,0.1064345,0.1064345,-0.08539877
15788,12.20825,-0.04023491,0.09801205,-0.1537899,0.1089947,0.1089947,-0.09233708
15789,12.20898,-0.03998629,0.09801205,-0.1538547,0.1089947,0.1089947,-0.09136715
15790,12.20971,-0.03941005,0.09814283,-0.1539593,0.1087054,0.1087054,-0.08868658
15791,12.21043,-0.03909894,0.09814283,-0.1540386,0.1061228,0.1061228,-0.08808696
15792,12.21121,-0.03845995,0.09827361,-0.1541553,0.1039922,0.1039922,-0.08848263
15793,12.21203,-0.03821075,0.09827361,-0.1542172,0.1039922,0.1039922,-0.08751167
15794,12.21287,-0.03763362,0.09840427,-0.154315,0.1040614,0.1040614,-0.08487815
15795,12.21369,-0.03731379,0.09846959,-0.1543705,0.1040882,0.1040882,-0.08353698
15796,12.21448,-0.03667384,0.09860015,-0.1544796,0.1021642,0.1021642,-0.08153674
15797,12.21529,-0.03616646,0.09866542,-0.1545771,0.1035891,0.1035891,-0.07911053
15798,12.21612,-0.03578376,0.09873067,-0.154644,0.1035604,0.1035604,-0.07759009
15799,12.21691,-0.03527587,0.09879589,-0.1547385,0.1064709,0.1064709,-0.09870049
15800,12.21774,-0.0346349,0.09892633,-0.1548389,0.1066998,0.1066998,-0.09639598
15801,12.21851,-0.03444783,0.09892633,-0.1548806,0.1038815,0.1038815,-0.09632864
15802,12.21926,-0.03380582,0.09905668,-0.1549776,0.10591,0.10591,-0.09354571
15803,12.22007,-0.03316427,0.09918696,-0.1550718,0.1060954,0.1060954,-0.09044062
15804,12.221,-0.03291358,0.09918696,-0.1551251,0.1060954,0.1060954,-0.08948275
15805,12.2217,-0.03227905,0.09925207,-0.1552362,0.106069,0.106069,-0.08701238
15806,12.22243,-0.03201325,0.09938226,-0.1552467,0.1002187,0.1002187,-0.08799913
15807,12.2253,-0.0302331,0.09957746,-0.1555364,0.09741662,0.09741662,-0.08226921
15808,12.22614,-0.02997447,0.09964247,-0.1555641,0.09739222,0.09739222,-0.08124734
15809,12.22698,-0.02939431,0.09977248,-0.1556301,0.09780972,0.09780972,-0.07862478
15810,12.2278,-0.02870225,0.09977248,-0.1557592,0.09770999,0.09770999,-0.07647831
15811,12.22853,-0.02844349,0.09983744,-0.1557844,0.09382185,0.09382185,-0.07685661
15812,12.22924,-0.02787958,0.09998,-0.1558953,0.09371983,0.09371983,-0.07150704
15813,12.22995,-0.02762755,0.09998,-0.1559401,0.09371983,0.09371983,-0.07054352
15814,12.23068,-0.0269835,0.1001098,-0.1560081,0.09388072,0.09388072,-0.06791157
15815,12.23138,-0.02673133,0.1001098,-0.1560515,0.09260832,0.09260832,-0.06766667
15816,12.23211,-0.0264291,0.1001902,-0.1561462,0.09259038,0.09259038,-0.0664658
15817,12.2328,-0.02585437,0.1002551,-0.15622,0.09282707,0.09282707,-0.06654408
15818,12.23355,-0.02559519,0.10032,-0.1562402,0.09120665,0.09120665,-0.06604161
15819,12.23427,-0.02497673,0.1004007,-0.1563846,0.09419903,0.09419903,-0.06778958
15820,12.23506,-0.02471733,0.1004656,-0.1564033,0.09417585,0.09417585,-0.06677348
15821,12.23583,-0.02416123,0.1005463,-0.1565345,0.0930325,0.0930325,-0.06694158
15822,12.2366,-0.02390818,0.1005463,-0.1565733,0.09156861,0.09156861,-0.06667037
15823,12.2374,-0.02326252,0.1006759,-0.1566255,0.09164655,0.09164655,-0.06409496
15824,12.23813,-0.02309158,0.1006919,-0.1567175,0.09165655,0.09165655,-0.06320067
15825,12.23882,-0.02245185,0.1007566,-0.1567879,0.08887032,0.08887032,-0.0634205
15826,12.23956,-0.02221129,0.1008374,-0.1568663,0.08838369,0.08838369,-0.06229046
15827,12.24027,-0.02163383,0.1009022,-0.1569243,0.09525498,0.09525498,-0.08153552
15828,12.24126,-0.02100536,0.1010477,-0.157031,0.09359153,0.09359153,-0.08006848
15829,12.24214,-0.02075155,0.1010477,-0.1570648,0.09359153,0.09359153,-0.07913186
15830,12.24291,-0.02017418,0.1011124,-0.1571173,0.09425767,0.09425767,-0.07654647
15831,12.24366,-0.01986831,0.1011932,-0.1572001,0.09356089,0.09356089,-0.07539725
15832,12.24437,-0.01930795,0.101274,-0.1573137,0.0911643,0.0911643,-0.07718099
15833,12.24512,-0.01911131,0.1013386,-0.157315,0.0911643,0.0911643,-0.07671241
15834,12.24591,-0.0184697,0.1014033,-0.1573688,0.09071939,0.09071939,-0.07368208
15835,12.24662,-0.01816858,0.1014195,-0.1574703,0.09086414,0.09086414,-0.07278481
15836,12.24732,-0.01767043,0.1015003,-0.1575706,0.08691906,0.08691906,-0.07144532
15837,12.24803,-0.01741005,0.1015649,-0.1575768,0.08692247,0.08692247,-0.07051088
15838,12.24871,-0.01683129,0.1016296,-0.1576168,0.09012453,0.09012453,-0.06796473
15839,12.24944,-0.01652902,0.1016458,-0.1577151,0.08816824,0.08816824,-0.06783742
15840,12.25017,-0.01626854,0.1017104,-0.1577194,0.08815037,0.08815037,-0.06662951
15841,12.25097,-0.01570523,0.1017912,-0.1578199,0.08836417,0.08836417,-0.06447306
15842,12.25171,-0.01512581,0.1018558,-0.1578536,0.08850259,0.08850259,-0.06284548
15843,12.25251,-0.01486529,0.1019204,-0.1578554,0.08623953,0.08623953,-0.06250931
15844,12.25336,-0.01442878,0.1020012,-0.1579392,0.08478207,0.08478207,-0.06073087
15845,12.25412,-0.01406098,0.1020176,-0.1580385,0.08478677,0.08478677,-0.05958153
15846,12.25488,-0.01354488,0.1020821,-0.1580606,0.0849264,0.0849264,-0.05898858
15847,12.25562,-0.01324031,0.1020985,-0.1581526,0.08360227,0.08360227,-0.05817182
15848,12.25644,-0.0127189,0.1022275,-0.1581494,0.0802337,0.0802337,-0.05784976
15849,12.25728,-0.01215302,0.1023084,-0.1582369,0.08100805,0.08100805,-0.05527274
15850,12.25803,-0.01189727,0.1023084,-0.1582564,0.08099215,0.08099215,-0.0543148
15851,12.25877,-0.0113948,0.1023894,-0.1583363,0.08041725,0.08041725,-0.05273569
15852,12.25948,-0.01107486,0.1023894,-0.158359,0.07769506,0.07769506,-0.0531269
15853,12.26023,-0.01057185,0.1024703,-0.1584364,0.07769504,0.07769504,-0.05134178
15854,12.26119,-0.009940295,0.1025513,-0.1585201,0.08013335,0.08013335,-0.05108092
15855,12.2619,-0.009679399,0.1026158,-0.1585131,0.08013335,0.08013335,-0.04994829
15856,12.26265,-0.009436408,0.1026323,-0.1585937,0.07802898,0.07802898,-0.05025248
15857,12.26336,-0.008855059,0.1026967,-0.1586041,0.07583578,0.07583578,-0.04885318
15858,12.26421,-0.008350617,0.1027777,-0.1586742,0.07778706,0.07778706,-0.04605145
15859,12.26496,-0.008030021,0.1027777,-0.1586908,0.07778706,0.07778706,-0.04492735
15860,12.26566,-0.007721926,0.1027944,-0.1587719,0.07693983,0.07693983,-0.04519933
15861,12.26641,-0.007140828,0.1028588,-0.158776,0.06981902,0.06981902,-0.04628736
15862,12.2672,-0.006571169,0.1029398,-0.1588432,0.07221533,0.07221533,-0.0432893
15863,12.26796,-0.006385736,0.1030209,-0.1588934,0.07223859,0.07223859,-0.04219923
15864,12.2687,-0.005807827,0.1030209,-0.1589155,0.07263473,0.07263473,-0.04201723
15865,12.26947,-0.005422577,0.1030209,-0.1589292,0.07263473,0.07263473,-0.04071604
15866,12.27028,-0.004922512,0.103102,-0.1589879,0.06898678,0.06898678,-0.03982445
15867,12.27107,-0.004670399,0.1031188,-0.1590614,0.06898678,0.06898678,-0.03869853
15868,12.2718,-0.004087985,0.1031832,-0.1590541,0.06910015,0.06910015,-0.03703213
15869,12.27259,-0.00376665,0.1031832,-0.159062,0.06601146,0.06601146,-0.03796529
15870,12.27338,-0.003259327,0.1032643,-0.1591157,0.06482788,0.06482788,-0.03580154
15871,12.27416,-0.002948387,0.1032811,-0.1591875,0.0648514,0.0648514,-0.03470476
15872,12.2749,-0.002430117,0.1033455,-0.1591729,0.0643656,0.0643656,-0.0346414
15873,12.27564,-0.002114998,0.1033455,-0.1591774,0.06031656,0.06031656,-0.03453828
15874,12.27642,-0.001539608,0.1033623,-0.1592498,0.0600584,0.0600584,-0.03123216
15875,12.27725,-0.0009667487,0.1034435,-0.1592966,0.05699266,0.05699266,-0.03122362
15876,12.27807,-0.0007092678,0.1034435,-0.159298,0.05699266,0.05699266,-0.0303187
15877,12.27882,-0.0001359813,0.1035248,-0.1593418,0.05516741,0.05516741,-0.02998797
15878,12.27967,0.0001215538,0.1035248,-0.1593418,0.05398097,0.05398097,-0.02886716
15879,12.28049,0.000820833,0.1035418,-0.1594055,0.05394167,0.05394167,-0.02660697
15880,12.28137,0.001403647,0.103606,-0.159378,0.05407091,0.05407091,-0.02481909
15881,12.28221,0.001903849,0.103623,-0.1594385,0.05066488,0.05066488,-0.02411309
15882,12.28304,0.002168,0.103623,-0.1594351,0.05066488,0.05066488,-0.02274002
15883,12.28384,0.002742551,0.1037044,-0.1594685,0.04845601,0.04845601,-0.02163701
15884,12.28465,0.003064729,0.1037044,-0.1594626,0.04862958,0.04862958,-0.02089351
15885,12.28539,0.003636831,0.1037214,-0.1595164,0.04858587,0.04858587,-0.01869702
15886,12.28609,0.003959085,0.1037214,-0.1595087,0.04858587,0.04858587,-0.01753598
15887,12.2868,0.0044672,0.1037385,-0.159561,0.04859661,0.04859661,-0.0152116
15888,12.28763,0.00472514,0.1037385,-0.1595536,0.04861971,0.04861971,-0.01459944
15889,12.28835,0.005298236,0.1037557,-0.1596014,0.04867614,0.04867614,-0.01265279
15890,12.2891,0.005685171,0.1037557,-0.1595881,0.04867614,0.04867614,-0.01125899
15891,12.28988,0.00625879,0.1037728,-0.1596324,0.04874976,0.04874976,-0.009140522
15892,12.29059,0.006516805,0.1037728,-0.159622,0.04865432,0.04865432,-0.008057712
15893,12.29132,0.00702634,0.10379,-0.1596662,0.01164707,0.01164707,-0.01925381
15894,12.29215,0.007342658,0.1038072,-0.1597178,0.01164707,0.01164707,-0.01832419
15895,12.29287,0.007987971,0.1038072,-0.1596869,0.0116874,0.0116874,-0.01614597
15896,12.29358,0.008246073,0.1038072,-0.1596737,0.01155881,0.01155881,-0.01463855
15897,12.2943,0.008821071,0.1038244,-0.1597088,0.01151032,0.01151032,-0.01232533
15898,12.29508,0.009138241,0.1038417,-0.1597568,0.01151032,0.01151032,-0.01116137
15899,12.29581,0.009654604,0.1038417,-0.1597264,0.01169378,0.01169378,-0.009717875
15900,12.29655,0.009972133,0.103859,-0.1597728,0.01171412,0.01171412,-0.008775307
15901,12.29737,0.01055309,0.103859,-0.1597355,0.01171412,0.01171412,-0.006749089
15902,12.29821,0.01112925,0.1038763,-0.1597623,0.01172275,0.01172275,-0.004552003
15903,12.30191,0.01312186,0.1039111,-0.1597429,0.0117854,0.0117854,0.002727685
15904,12.30287,0.01376366,0.1039285,-0.1597549,0.01181415,0.01181415,0.004904333
15905,12.30363,0.0140174,0.1038945,-0.1598177,0.01488503,0.01488503,0.006641004
15906,12.30438,0.01453072,0.103912,-0.1598379,0.01490548,0.01490548,0.00850182
15907,12.30512,0.01491818,0.103912,-0.1598022,0.01520947,0.01520947,0.008594185
15908,12.30582,0.0154318,0.1039295,-0.1598195,0.01517291,0.01517291,0.01063768
15909,12.30657,0.0157537,0.1038664,-0.1598114,0.01517047,0.01517047,0.01179848
15910,12.30735,0.01633228,0.1038839,-0.1598194,0.01227058,0.01227058,0.0129404
15911,12.30816,0.01665277,0.1039014,-0.1598524,0.01263429,0.01263429,0.01251012
15912,12.30892,0.01723109,0.1038548,-0.159881,0.007349551,0.007349551,0.01347003
15913,12.30976,0.01774526,0.1038079,-0.1599147,0.007572472,0.007572472,0.01474338
15914,12.31254,0.01813291,0.1038079,-0.1598712,0.005645674,0.005645674,0.01403934
15915,12.31343,0.01986537,0.1036675,-0.1599354,-0.02490607,-0.02490607,0.004337635
15916,12.31423,0.02045227,0.1036207,-0.1599516,-0.02712413,-0.02712413,0.007363713
15917,12.31497,0.0207101,0.1036384,-0.1599847,-0.02712413,-0.02712413,0.008303238
15918,12.31571,0.02122668,0.1036562,-0.1599834,-0.02622754,-0.02622754,0.007030602
15919,12.31652,0.02154976,0.1035917,-0.159964,-0.02572811,-0.02572811,0.006200113
15920,12.31726,0.02206648,0.1035627,-0.1600502,-0.02571267,-0.02571267,0.008076729
15921,12.31801,0.02238982,0.1035627,-0.1600053,-0.02544659,-0.02544659,0.0008497256
15922,12.31874,0.02297192,0.103516,-0.1600131,-0.02558114,-0.02558114,0.002737648
15923,12.3195,0.02323103,0.1034692,-0.160066,-0.02695974,-0.02695974,0.003481815
15924,12.32021,0.0237489,0.1034871,-0.1600565,-0.02695023,-0.02695023,0.00535888
15925,12.32115,0.02407323,0.1034404,-0.1600985,-0.02604985,-0.02604985,0.002910682
15926,12.32204,0.02465661,0.1033937,-0.1601001,-0.03314926,-0.03314926,0.001493366
15927,12.3228,0.02524199,0.1033003,-0.1601898,-0.03290378,-0.03290378,0.002439623
15928,12.32361,0.02550084,0.1033003,-0.1601488,-0.03489818,-0.03489818,0.0004406107
15929,12.32431,0.02608518,0.1032536,-0.1601451,-0.03862971,-0.03862971,0.001074119
15930,12.32503,0.02628151,0.1032069,-0.1602036,-0.03860233,-0.03860233,0.001999464
15931,12.32597,0.02686841,0.1031783,-0.1602636,-0.03867952,-0.03867952,-0.002862931
15932,12.32679,0.02745394,0.1031316,-0.160255,-0.03857259,-0.03857259,-0.004763351
15933,12.32762,0.02771595,0.103085,-0.1603006,-0.04049678,-0.04049678,-0.004094104
15934,12.32843,0.02823816,0.1029734,-0.1603238,-0.04623692,-0.04623692,-0.008647719
15935,12.32925,0.02889489,0.1029633,-0.1604316,-0.04417532,-0.04417532,-0.01356518
15936,12.33002,0.02915417,0.1029633,-0.1603847,-0.04413969,-0.04413969,-0.01287139
15937,12.33079,0.02968071,0.10287,-0.1604697,-0.04475083,-0.04475083,-0.01198521
15938,12.33154,0.02994429,0.1028235,-0.1605116,-0.0507081,-0.0507081,-0.01526148
15939,12.33234,0.03046759,0.1027768,-0.160504,-0.05217284,-0.05217284,-0.01328073
15940,12.33311,0.03079653,0.1027302,-0.1605321,-0.0521629,-0.0521629,-0.01233272
15941,12.33386,0.0313203,0.1026836,-0.1605217,-0.05578175,-0.05578175,-0.01850409
15942,12.33457,0.03158355,0.1027021,-0.1605374,-0.05127493,-0.05127493,-0.01507024
15943,12.33528,0.03217815,0.102609,-0.1606014,-0.05652639,-0.05652639,-0.01703384
15944,12.33606,0.03244337,0.1025624,-0.1606391,-0.056516,-0.056516,-0.01586118
15945,12.33688,0.03303926,0.1024693,-0.1606998,-0.05651224,-0.05651224,-0.01816924
15946,12.33761,0.03330507,0.1024227,-0.1607362,-0.05988361,-0.05988361,-0.02301011
15947,12.33844,0.03383565,0.1023948,-0.160784,-0.05923621,-0.05923621,-0.02199624
15948,12.33923,0.03443364,0.1023018,-0.1608395,-0.06378782,-0.06378782,-0.02489229
15949,12.33996,0.03463539,0.1022553,-0.1608875,-0.06377612,-0.06377612,-0.02394243
15950,12.34066,0.03516427,0.1021436,-0.1608877,-0.06232055,-0.06232055,-0.02770033
15951,12.34152,0.03550199,0.1021158,-0.1609725,-0.06616807,-0.06616807,-0.02835325
15952,12.34225,0.03603171,0.102004,-0.1609698,-0.06857374,-0.06857374,-0.02794779
15953,12.34309,0.03630533,0.1019764,-0.1610675,-0.06859494,-0.06859494,-0.02674776
15954,12.34381,0.03676878,0.10193,-0.1610538,-0.06977597,-0.06977597,-0.03321606
15955,12.34451,0.03710834,0.1019024,-0.1611354,-0.06884929,-0.06884929,-0.02991168
15956,12.34531,0.03758082,0.1018096,-0.1612089,-0.06877813,-0.06877813,-0.02804091
15957,12.34606,0.03784769,0.1018286,-0.1612144,-0.07022075,-0.07022075,-0.03301313
15958,12.3469,0.03832118,0.1017359,-0.1612857,-0.06934828,-0.06934828,-0.03625242
15959,12.34772,0.03892577,0.101643,-0.1613243,-0.06859976,-0.06859976,-0.03688558
15960,12.34854,0.03906536,0.1015967,-0.1613822,-0.06858421,-0.06858421,-0.0361901
15961,12.34935,0.03960586,0.101504,-0.1614339,-0.0692145,-0.0692145,-0.04009271
15962,12.3501,0.03987639,0.1014576,-0.1614591,-0.07181491,-0.07181491,-0.04153131
15963,12.35084,0.04036008,0.1013842,-0.1615908,-0.07186234,-0.07186234,-0.047295
15964,12.3517,0.04062379,0.1013185,-0.1615482,-0.0718986,-0.0718986,-0.04640656
15965,12.35251,0.04110882,0.1012452,-0.1616776,-0.07388226,-0.07388226,-0.04223042
15966,12.35328,0.04158704,0.1011526,-0.1617392,-0.07810724,-0.07810724,-0.04480848
15967,12.35409,0.0418564,0.1011721,-0.1617381,-0.07715646,-0.07715646,-0.0497823
15968,12.3548,0.04234371,0.1010992,-0.1618638,-0.07648474,-0.07648474,-0.04981925
15969,12.35556,0.04255098,0.1010529,-0.1619015,-0.07641295,-0.07641295,-0.04913754
15970,12.35635,0.04303421,0.1008946,-0.1619814,-0.07471021,-0.07471021,-0.0538901
15971,12.3571,0.04323904,0.1009142,-0.1619954,-0.07661153,-0.07661153,-0.0547906
15972,12.35789,0.0436665,0.1007757,-0.1621572,-0.07561032,-0.07561032,-0.05841921
15973,12.35872,0.04421125,0.1007492,-0.1621704,-0.07829916,-0.07829916,-0.05922772
15974,12.35944,0.04441981,0.1007031,-0.1622057,-0.07827987,-0.07827987,-0.05858111
15975,12.36022,0.04484048,0.1005448,-0.1622978,-0.07623937,-0.07623937,-0.05958925
15976,12.36108,0.04511512,0.1004986,-0.162314,-0.07974761,-0.07974761,-0.06164958
15977,12.3619,0.04547423,0.1004924,-0.1624439,-0.07744189,-0.07744189,-0.06407109
15978,12.36266,0.04568377,0.1004463,-0.1624774,-0.07742123,-0.07742123,-0.06344787
15979,12.36339,0.04611288,0.1003742,-0.1626099,-0.07704778,-0.07704778,-0.06233931
15980,12.36416,0.04632294,0.1003281,-0.1626426,-0.07669842,-0.07669842,-0.06725632
15981,12.36496,0.04675334,0.1002562,-0.1627734,-0.07543501,-0.07543501,-0.07235449
15982,12.36569,0.0469639,0.1002102,-0.1628053,-0.07541195,-0.07541195,-0.07193998
15983,12.36639,0.04731966,0.1001182,-0.1628872,-0.07894134,-0.07894134,-0.07243896
15984,12.3671,0.04759647,0.1000723,-0.1628991,-0.07751664,-0.07751664,-0.07639497
15985,12.3678,0.04796337,0.1000007,-0.1630458,-0.07657284,-0.07657284,-0.07884128
15986,12.36851,0.04810895,0.09995477,-0.1630955,-0.07661182,-0.07661182,-0.07828756
15987,12.36924,0.04847695,0.09988336,-0.163241,-0.07708982,-0.07708982,-0.08472642
15988,12.36995,0.04868891,0.09983747,-0.1632705,-0.08102258,-0.08102258,-0.08338466
15989,12.37067,0.04883504,0.09979159,-0.1633195,-0.08099952,-0.08099952,-0.08282338
15990,12.37135,0.04920802,0.09965395,-0.1634854,-0.07809844,-0.07809844,-0.08570748
15991,12.37213,0.04935096,0.09967462,-0.1635118,-0.0794135,-0.0794135,-0.09235214
15992,12.37284,0.04971046,0.0995829,-0.1635883,-0.07870214,-0.07870214,-0.09508944
15993,12.3737,0.04992344,0.09953709,-0.1636161,-0.07867662,-0.07867662,-0.09472307
15994,12.37453,0.05022871,0.09946628,-0.1637777,-0.07717403,-0.07717403,-0.09492495
15995,12.3753,0.05060086,0.09939563,-0.1639183,-0.07870759,-0.07870759,-0.0965656
15996,12.37617,0.05068218,0.09934987,-0.1639859,-0.07769347,-0.07769347,-0.09878211
15997,12.37697,0.05104386,0.09925841,-0.1640593,-0.07828853,-0.07828853,-0.103243
15998,12.37772,0.05135128,0.09918805,-0.1642187,-0.07865875,-0.07865875,-0.1082318
15999,12.37845,0.05149947,0.09914239,-0.1642651,-0.07867227,-0.07867227,-0.107865
16000,12.37927,0.05179598,0.09905101,-0.1643575,-0.07966185,-0.07966185,-0.1084866
16001,12.38001,0.05195631,0.09902658,-0.1644696,-0.07969276,-0.07969276,-0.1075609
16002,12.38093,0.05224975,0.09900221,-0.1645394,-0.08030172,-0.08030172,-0.1087648
16003,12.38176,0.05249686,0.09886546,-0.1647394,-0.08021154,-0.08021154,-0.1148093
16004,12.38249,0.05264598,0.0988199,-0.1647846,-0.080185,-0.080185,-0.1146288
16005,12.38321,0.05279515,0.0987743,-0.1648298,-0.07960612,-0.07960612,-0.1156577
16006,12.38394,0.05310601,0.09870468,-0.1649857,-0.07912318,-0.07912318,-0.1150437
16007,12.38464,0.05325555,0.09865917,-0.1650304,-0.07909603,-0.07909603,-0.1148643
16008,12.38537,0.05348826,0.09856817,-0.165141,-0.07987925,-0.07987925,-0.1180975
16009,12.38611,0.05363811,0.09852268,-0.1651853,-0.078982,-0.078982,-0.1185927
16010,12.38688,0.05387972,0.0985205,-0.1653398,-0.07992268,-0.07992268,-0.1199069
16011,12.38759,0.05403399,0.09840792,-0.1654052,-0.07989545,-0.07989545,-0.1196148
16012,12.38835,0.05426783,0.09831706,-0.1655146,-0.07913245,-0.07913245,-0.1211249
16013,12.38927,0.05451465,0.09824807,-0.1656895,-0.07928793,-0.07928793,-0.123204
16014,12.39005,0.05461112,0.0982246,-0.1658209,-0.0779661,-0.0779661,-0.1269121
16015,12.39088,0.054829,0.09817925,-0.165842,-0.07873819,-0.07873819,-0.1271901
16016,12.39169,0.05499282,0.09815589,-0.1659509,-0.07870971,-0.07870971,-0.127027
16017,12.39244,0.05522813,0.09806529,-0.1660588,-0.07761393,-0.07761393,-0.1286264
16018,12.39321,0.05531235,0.09802,-0.1661237,-0.07787488,-0.07787488,-0.1277723
16019,12.39398,0.05554812,0.09792946,-0.166231,-0.07908884,-0.07908884,-0.1319412
16020,12.3948,0.05571701,0.09783894,-0.1663604,-0.07829096,-0.07829096,-0.1328
16021,12.39562,0.05588191,0.09781593,-0.1664685,-0.0781953,-0.0781953,-0.1325392
16022,12.39644,0.05611856,0.09772548,-0.1665748,-0.07912083,-0.07912083,-0.1333362
16023,12.39721,0.05620336,0.09768026,-0.1666392,-0.07877158,-0.07877158,-0.1324216
16024,12.39992,0.05637312,0.09758992,-0.1667678,-0.08007757,-0.08007757,-0.1319804
16025,12.4007,0.05694698,0.09738666,-0.1671083,-0.0779136,-0.0779136,-0.1355322
16026,12.40158,0.05703232,0.09734155,-0.1671722,-0.07788656,-0.07788656,-0.1353119
16027,12.4023,0.057221,0.09720629,-0.1673865,-0.08068492,-0.08068492,-0.13003
16028,12.403,0.05728864,0.09720629,-0.1673634,-0.07970551,-0.07970551,-0.1343017
16029,12.40374,0.05752748,0.09711614,-0.1674674,-0.08049598,-0.08049598,-0.1327781
16030,12.40456,0.05754548,0.09707108,-0.1675542,-0.08043401,-0.08043401,-0.1326883
16031,12.40542,0.05778475,0.09698102,-0.1676577,-0.08015493,-0.08015493,-0.1303594
16032,12.40619,0.05780285,0.096936,-0.1677443,-0.08103506,-0.08103506,-0.1288577
16033,12.40697,0.05797036,0.09691384,-0.1678501,-0.0827705,-0.0827705,-0.1278682
16034,12.40771,0.05805638,0.09686885,-0.1679133,-0.08274873,-0.08274873,-0.127744
16035,12.40849,0.05823294,0.09671097,-0.1680602,-0.08273192,-0.08273192,-0.1230617
16036,12.40943,0.05831914,0.09666599,-0.1681232,-0.08323532,-0.08323532,-0.1273533
16037,12.41023,0.05840537,0.09662104,-0.1681861,-0.08380604,-0.08380604,-0.1237721
16038,12.41097,0.05851001,0.09653112,-0.1683354,-0.0844335,-0.0844335,-0.1218243
16039,12.41176,0.05868284,0.09644125,-0.1684609,-0.08255967,-0.08255967,-0.1252682
16040,12.41259,0.05875529,0.09637319,-0.1684577,-0.08257522,-0.08257522,-0.1251824
16041,12.41338,0.05886028,0.09628331,-0.1686067,-0.08415625,-0.08415625,-0.1207723
16042,12.4141,0.0589469,0.09623839,-0.1686692,-0.08534855,-0.08534855,-0.1185608
16043,12.41491,0.05903357,0.09619348,-0.1687317,-0.08554062,-0.08554062,-0.1190305
16044,12.41563,0.05912029,0.09614856,-0.1687941,-0.08552437,-0.08552437,-0.1189217
16045,12.41635,0.05921152,0.09603548,-0.1688768,-0.08583575,-0.08583575,-0.1133133
16046,12.41714,0.05929833,0.0959906,-0.168939,-0.09011611,-0.09011611,-0.1097447
16047,12.41792,0.05947221,0.0959008,-0.1690634,-0.0901695,-0.0901695,-0.1073107
16048,12.41868,0.0594766,0.09583256,-0.1690837,-0.09012513,-0.09012513,-0.1073068
16049,12.41939,0.05964631,0.09581105,-0.1691875,-0.08951875,-0.08951875,-0.1087721
16050,12.42018,0.05981062,0.0956296,-0.1692657,-0.08893446,-0.08893446,-0.1067111
16051,12.42107,0.05981503,0.09556125,-0.1692858,-0.0925033,-0.0925033,-0.09910668
16052,12.42177,0.05998953,0.09547146,-0.1694094,-0.09250699,-0.09250699,-0.09964443
16053,12.4225,0.06013083,0.09540309,-0.1693809,-0.09250699,-0.09250699,-0.09958708
16054,12.42323,0.06014974,0.09535819,-0.1694668,-0.09202792,-0.09202792,-0.09759339
16055,12.42391,0.06031008,0.09524487,-0.1695241,-0.09547985,-0.09547985,-0.09214088
16056,12.42463,0.06037857,0.09524487,-0.1694997,-0.09547985,-0.09547985,-0.09202601
16057,12.42533,0.06055811,0.09508657,-0.1696423,-0.09459566,-0.09459566,-0.08899782
16058,12.42609,0.0606311,0.09501804,-0.1696378,-0.0960687,-0.0960687,-0.08853696
16059,12.42684,0.0608559,0.09497317,-0.1696499,-0.09716817,-0.09716817,-0.08474347
16060,12.42756,0.06086479,0.09483613,-0.1696895,-0.09719975,-0.09719975,-0.08464045
16061,12.42828,0.06108972,0.09479115,-0.1697012,-0.09947792,-0.09947792,-0.07880652
16062,12.42897,0.06125065,0.09467764,-0.1697571,-0.09903545,-0.09903545,-0.07299907
16063,12.42978,0.06141168,0.09456408,-0.1698128,-0.1008485,-0.1008485,-0.06493031
16064,12.43053,0.0614803,0.09456408,-0.169788,-0.1008794,-0.1008794,-0.06481597
16065,12.43129,0.06171011,0.09445046,-0.1698184,-0.1028343,-0.1028343,-0.06283569
16066,12.43212,0.06178771,0.09431316,-0.1698327,-0.1037193,-0.1037193,-0.05516924
16067,12.43285,0.06201771,0.09419943,-0.1698625,-0.1066759,-0.1066759,-0.05234722
16068,12.43357,0.06215944,0.09413072,-0.1698319,-0.1066759,-0.1066759,-0.05227346
16069,12.43432,0.06232096,0.09401694,-0.1698862,-0.1074789,-0.1074789,-0.03987288
16070,12.43556,0.06255125,0.09390314,-0.1699152,-0.1109449,-0.1109449,-0.04051958
16071,12.43631,0.0626976,0.0937655,-0.1699033,-0.1136687,-0.1136687,-0.03503035
16072,12.43703,0.06283944,0.09369667,-0.1698718,-0.1140414,-0.1140414,-0.03285027
16073,12.43779,0.0630013,0.09358273,-0.1699253,-0.1145737,-0.1145737,-0.02786596
16074,12.43851,0.06314317,0.09351384,-0.1698935,-0.1146036,-0.1146036,-0.02773562
16075,12.43929,0.06330516,0.09339982,-0.1699466,-0.1195835,-0.1195835,-0.02686063
16076,12.44013,0.06352027,0.09326198,-0.1699079,-0.1181113,-0.1181113,-0.02534448
16077,12.44104,0.06359348,0.09319302,-0.1699014,-0.1191491,-0.1191491,-0.02297416
16078,12.44193,0.06382892,0.09300993,-0.1699469,-0.1241966,-0.1241966,-0.01902815
16079,12.44286,0.06397083,0.09294088,-0.1699143,-0.123044,-0.123044,-0.01839457
16080,12.44378,0.06411729,0.09280285,-0.1699003,-0.1233845,-0.1233845,-0.01842572
16081,12.44458,0.0641951,0.09266476,-0.1699121,-0.1234446,-0.1234446,-0.01823652
16082,12.44544,0.06442623,0.09255037,-0.1699375,-0.1247522,-0.1247522,-0.01795245
16083,12.44623,0.06450403,0.09241219,-0.169949,-0.1278134,-0.1278134,-0.006081215
16084,12.44703,0.06464597,0.09234302,-0.1699155,-0.127874,-0.127874,-0.006043552
16085,12.44786,0.06479242,0.09220475,-0.1699005,-0.1315476,-0.1315476,-0.006515015
16086,12.4487,0.06488188,0.09215936,-0.1699587,-0.1315774,-0.1315774,-0.006380157
16087,12.45219,0.06540385,0.09153616,-0.1699407,-0.1372543,-0.1372543,-0.004316784
16088,12.45296,0.0655503,0.09139755,-0.1699244,-0.1395282,-0.1395282,-0.007046353
16089,12.45381,0.06562811,0.09125888,-0.1699344,-0.1403095,-0.1403095,-0.007329748
16090,12.45454,0.06570136,0.09118952,-0.169926,-0.1403397,-0.1403397,-0.007199899
16091,12.45535,0.06586897,0.09100513,-0.1699931,-0.142489,-0.142489,-0.0125045
16092,12.45609,0.06594222,0.09093568,-0.1699846,-0.1454614,-0.1454614,-0.004177527
16093,12.45692,0.06608872,0.09079681,-0.1699674,-0.1433381,-0.1433381,-0.006533868
16094,12.45775,0.06609784,0.0906579,-0.1700033,-0.1433676,-0.1433676,-0.006413356
16095,12.45856,0.06617564,0.09051888,-0.1700125,-0.1467958,-0.1467958,-0.00827306
16096,12.45927,0.06632215,0.09037991,-0.1699947,-0.1470941,-0.1470941,-0.009584214
16097,12.46,0.06632669,0.09031034,-0.1700125,-0.1478183,-0.1478183,-0.01096337
16098,12.4609,0.06647316,0.09017123,-0.1699945,-0.1468735,-0.1468735,-0.01391988
16099,12.46163,0.06648222,0.09003207,-0.1700299,-0.1469331,-0.1469331,-0.0137428
16100,12.46235,0.06655997,0.08989286,-0.1700384,-0.1495142,-0.1495142,-0.01407799
16101,12.46304,0.06663769,0.08975358,-0.1700467,-0.147525,-0.147525,-0.0158079
16102,12.46392,0.06671542,0.08961426,-0.1700549,-0.1586761,-0.1586761,-3.02582E-05
16103,12.46481,0.06679312,0.08947489,-0.1700629,-0.1586031,-0.1586031,-8.176986E-05
16104,12.46562,0.06687085,0.08933546,-0.1700708,-0.1586325,-0.1586325,-1.495902E-05
16105,12.46641,0.0668798,0.08919598,-0.1701056,-0.161073,-0.161073,-0.003889852
16106,12.46711,0.06697003,0.08914993,-0.1701618,-0.1547403,-0.1547403,-0.0151018
16107,12.4683,0.06712539,0.08887075,-0.1701767,-0.1570631,-0.1570631,-0.01517677
16108,12.46904,0.06712539,0.08887075,-0.1701767,-0.1570463,-0.1570463,-0.01660488
16109,12.46966,0.06720307,0.0887311,-0.1701839,-0.1570763,-0.1570763,-0.01653857
16110,12.47048,0.06728517,0.0885215,-0.1702081,-0.1577857,-0.1577857,-0.0173805
16111,12.47127,0.06729403,0.08838171,-0.1702422,-0.1580722,-0.1580722,-0.01778981
16112,12.4721,0.06729845,0.08831181,-0.1702592,-0.1581021,-0.1581021,-0.01772315
16113,12.47285,0.06737608,0.08817192,-0.1702659,-0.1579174,-0.1579174,-0.01741873
16114,12.47361,0.06745367,0.08803201,-0.1702724,-0.1592061,-0.1592061,-0.01989149
16115,12.47434,0.0675357,0.08782206,-0.1702957,-0.1621372,-0.1621372,-0.0212741
16116,12.47504,0.0675357,0.08782206,-0.1702957,-0.1621676,-0.1621676,-0.02120594
16117,12.47568,0.06755731,0.08777567,-0.1703784,-0.1655892,-0.1655892,-0.01175482
16118,12.47645,0.06763925,0.08756556,-0.1704012,-0.1598121,-0.1598121,-0.02357402
16119,12.47727,0.06771683,0.0874254,-0.1704071,-0.1630491,-0.1630491,-0.02316961
16120,12.478,0.06772118,0.08735532,-0.1704237,-0.1630791,-0.1630791,-0.02310133
16121,12.47872,0.06772986,0.0872151,-0.1704569,-0.1629449,-0.1629449,-0.02317918
16122,12.47957,0.06782472,0.08709843,-0.1705284,-0.1631079,-0.1631079,-0.0247533
16123,12.48035,0.06790655,0.08688796,-0.1705503,-0.1636238,-0.1636238,-0.02344305
16124,12.48123,0.06791086,0.08681774,-0.1705667,-0.1636536,-0.1636536,-0.02337449
16125,12.48194,0.06800577,0.08670096,-0.1706379,-0.1646653,-0.1646653,-0.02384141
16126,12.48267,0.06801435,0.0865605,-0.1706705,-0.1626457,-0.1626457,-0.0247298
16127,12.48335,0.06809185,0.08641994,-0.1706754,-0.1641828,-0.1641828,-0.02540788
16128,12.48421,0.06811353,0.08637334,-0.1707576,-0.1642163,-0.1642163,-0.0253475
16129,12.48496,0.06819532,0.0861624,-0.1707784,-0.162313,-0.162313,-0.03115507
16130,12.48568,0.06819957,0.08609204,-0.1707945,-0.162533,-0.162533,-0.03255433
16131,12.48645,0.06820804,0.08595134,-0.1708266,-0.1642041,-0.1642041,-0.0327839
16132,12.48929,0.06821647,0.08581059,-0.1708585,-0.1639127,-0.1639127,-0.03283836
16133,12.49002,0.06834985,0.08536488,-0.171074,-0.1618033,-0.1618033,-0.04408655
16134,12.49071,0.06844063,0.08531807,-0.1711281,-0.1618336,-0.1618336,-0.04399306
16135,12.49155,0.06845311,0.08510651,-0.1711752,-0.1611201,-0.1611201,-0.04781087
16136,12.49232,0.06845725,0.08503599,-0.1711908,-0.1611201,-0.1611201,-0.04781087
16137,12.4931,0.06855638,0.084848,-0.1712759,-0.1620242,-0.1620242,-0.04777236
16138,12.49384,0.06857804,0.08480115,-0.1713575,-0.162317,-0.162317,-0.04928756
16139,12.49469,0.06858626,0.08465993,-0.1713885,-0.1620239,-0.1620239,-0.0503639
16140,12.49548,0.0686161,0.08447172,-0.1715008,-0.1610209,-0.1610209,-0.05121069
16141,12.49628,0.06862017,0.08440109,-0.1715162,-0.1610461,-0.1610461,-0.05115136
16142,12.49711,0.0686283,0.0842597,-0.1715468,-0.1616595,-0.1616595,-0.05195381
16143,12.49786,0.06865398,0.08414203,-0.1716435,-0.1601127,-0.1601127,-0.05148051
16144,12.49859,0.06866205,0.08400056,-0.1716739,-0.1618905,-0.1618905,-0.05249829
16145,12.49931,0.06868364,0.08395362,-0.1717552,-0.1619206,-0.1619206,-0.05242943
16146,12.50012,0.06870925,0.08383584,-0.1718516,-0.1606504,-0.1606504,-0.0531356
16147,12.50103,0.06872123,0.08362344,-0.1718968,-0.1602654,-0.1602654,-0.05718977
16148,12.50176,0.06872522,0.0835526,-0.1719118,-0.1601459,-0.1601459,-0.07120211
16149,12.50253,0.06875471,0.08336384,-0.1720228,-0.1607613,-0.1607613,-0.07112318
16150,12.50325,0.06875471,0.08336384,-0.1720228,-0.1607613,-0.1607613,-0.07112318
16151,12.50391,0.06878413,0.08317499,-0.1721336,-0.1607991,-0.1607991,-0.07030602
16152,12.50463,0.06878806,0.08310409,-0.1721484,-0.1600207,-0.1600207,-0.07126255
16153,12.50536,0.06881739,0.08291513,-0.1722589,-0.1592732,-0.1592732,-0.0708994
16154,12.50621,0.06882129,0.08284413,-0.1722735,-0.1592732,-0.1592732,-0.0708994
16155,12.50705,0.06884667,0.08272605,-0.1723691,-0.1588425,-0.1588425,-0.07064196
16156,12.50782,0.06885442,0.08258401,-0.1723983,-0.1597563,-0.1597563,-0.07297498
16157,12.50857,0.06887975,0.08246586,-0.1724937,-0.1579607,-0.1579607,-0.07254691
16158,12.5093,0.06888359,0.08239479,-0.1725082,-0.1580193,-0.1580193,-0.07241254
16159,12.51013,0.06889126,0.08225265,-0.172537,-0.1593484,-0.1593484,-0.07228146
16160,12.51095,0.06892033,0.08206323,-0.1726465,-0.1576105,-0.1576105,-0.07179604
16161,12.51169,0.06892414,0.08199212,-0.1726608,-0.1589463,-0.1589463,-0.07145384
16162,12.51248,0.06893551,0.08177866,-0.1727036,-0.1587358,-0.1587358,-0.07126464
16163,12.51328,0.0689569,0.0817314,-0.1727842,-0.1587845,-0.1587845,-0.0711408
16164,12.51408,0.06896443,0.08158903,-0.1728126,-0.1605548,-0.1605548,-0.07050519
16165,12.51493,0.06898954,0.08147053,-0.1729071,-0.1594886,-0.1594886,-0.07081595
16166,12.51565,0.06899702,0.08132805,-0.1729353,-0.1592591,-0.1592591,-0.07117102
16167,12.51636,0.06900444,0.0811855,-0.1729632,-0.1595644,-0.1595644,-0.07108359
16168,12.51711,0.06901185,0.08104298,-0.1729911,-0.159593,-0.159593,-0.0710155
16169,12.51784,0.06903686,0.08092429,-0.1730853,-0.1591335,-0.1591335,-0.07071804
16170,12.51854,0.06904054,0.08085295,-0.1730992,-0.1597256,-0.1597256,-0.06907107
16171,12.51928,0.0690442,0.08078161,-0.1731129,-0.1597539,-0.1597539,-0.06900293
16172,12.52006,0.06907281,0.08059151,-0.1732207,-0.1589535,-0.1589535,-0.07059263
16173,12.52102,0.06908008,0.08044873,-0.1732481,-0.1597238,-0.1597238,-0.07001617
16174,12.52174,0.06908732,0.0803059,-0.1732753,-0.1597886,-0.1597886,-0.06995481
16175,12.52247,0.06911217,0.08018698,-0.1733689,-0.1612766,-0.1612766,-0.06558912
16176,12.52321,0.06911936,0.08004407,-0.1733959,-0.1613044,-0.1613044,-0.06552037
16177,12.52401,0.0691265,0.07990111,-0.1734229,-0.1631036,-0.1631036,-0.06563621
16178,12.52474,0.06913007,0.0798296,-0.1734363,-0.1611582,-0.1611582,-0.06519669
16179,12.5257,0.06914423,0.07954353,-0.1734896,-0.1652102,-0.1652102,-0.06572897
16180,12.52653,0.06916894,0.07942438,-0.1735827,-0.1642322,-0.1642322,-0.06197907
16181,12.52732,0.06917944,0.07920964,-0.1736222,-0.170814,-0.170814,-0.06296474
16182,12.5281,0.06918292,0.07913801,-0.1736353,-0.1708705,-0.1708705,-0.06281926
16183,12.52888,0.06918987,0.07899478,-0.1736615,-0.1680335,-0.1680335,-0.06214651
16184,12.52961,0.06919679,0.07885151,-0.1736875,-0.1678432,-0.1678432,-0.06203528
16185,12.53029,0.06920024,0.07877983,-0.1737006,-0.1678985,-0.1678985,-0.06189211
16186,12.531,0.06921052,0.07856482,-0.1737393,-0.1717656,-0.1717656,-0.06001167
16187,12.53181,0.06921735,0.07842138,-0.173765,-0.1726536,-0.1726536,-0.06001449
16188,12.53263,0.06922074,0.07834969,-0.1737778,-0.1725335,-0.1725335,-0.05983617
16189,12.5335,0.06923426,0.07806268,-0.1738286,-0.1744646,-0.1744646,-0.05994257
16190,12.5347,0.06924431,0.07784736,-0.1738665,-0.1854007,-0.1854007,-0.03255009
16191,12.53541,0.06925098,0.07770373,-0.1738916,-0.1880227,-0.1880227,-0.03276141
16192,12.53617,0.06925429,0.07763192,-0.1739041,-0.1880493,-0.1880493,-0.03268307
16193,12.53698,0.0692642,0.07741641,-0.1739414,-0.1849639,-0.1849639,-0.03190199
16194,12.53777,0.06927077,0.07727265,-0.1739661,-0.189277,-0.189277,-0.03247887
16195,12.53857,0.06927731,0.07712886,-0.1739908,-0.1884096,-0.1884096,-0.03216387
16196,12.53933,0.06928705,0.07691313,-0.1740274,-0.1904459,-0.1904459,-0.03225954
16197,12.54019,0.06929993,0.07662532,-0.1740759,-0.193742,-0.193742,-0.03256162
16198,12.54112,0.06930313,0.07655334,-0.174088,-0.1937956,-0.1937956,-0.03239982
16199,12.54191,0.06931268,0.07633736,-0.1741239,-0.1998364,-0.1998364,-0.03323364
16200,12.54272,0.06931585,0.07626534,-0.1741359,-0.198022,-0.198022,-0.03275736
16201,12.54346,0.0693253,0.07604926,-0.1741715,-0.1980592,-0.1980592,-0.03250184
16202,12.54422,0.06933156,0.07590514,-0.1741951,-0.1981131,-0.1981131,-0.03233621
16203,12.54498,0.0693409,0.0756889,-0.1742302,-0.2001512,-0.2001512,-0.03249265
16204,12.5458,0.06934708,0.07554467,-0.1742535,-0.2008028,-0.2008028,-0.03242162
16205,12.54654,0.0693563,0.07532829,-0.1742882,-0.2049365,-0.2049365,-0.03272823
16206,12.54727,0.06935935,0.07525615,-0.1742997,-0.2049365,-0.2049365,-0.03272823
16207,12.54807,0.06936847,0.07503964,-0.1743341,-0.2048144,-0.2048144,-0.03234834
16208,12.54886,0.06937751,0.07482302,-0.1743681,-0.205583,-0.205583,-0.03219847
16209,12.54958,0.06938351,0.07467858,-0.1743907,-0.2126593,-0.2126593,-0.03311973
16210,12.55028,0.06938649,0.07460636,-0.1744019,-0.2126593,-0.2126593,-0.03311973
16211,12.55099,0.06934197,0.07431732,-0.1744689,-0.2087535,-0.2087535,-0.03214712
16212,12.55184,0.06934784,0.07417272,-0.1744911,-0.2159542,-0.2159542,-0.03297122
16213,12.5526,0.06935368,0.07402812,-0.1745131,-0.2146014,-0.2146014,-0.03257609
16214,12.55338,0.06929326,0.07381114,-0.1745733,-0.2146838,-0.2146838,-0.0327692
16215,12.55419,0.06929901,0.07366641,-0.1745951,-0.2147115,-0.2147115,-0.03267899
16216,12.55501,0.06929338,0.07343034,-0.1745738,-0.2215193,-0.2215193,-0.03329891
16217,12.55585,0.06923143,0.07321315,-0.1746338,-0.2207607,-0.2207607,-0.0351584
16218,12.55665,0.06923424,0.07314071,-0.1746444,-0.2207366,-0.2207366,-0.03538628
16219,12.55748,0.06917761,0.07277851,-0.1747251,-0.225476,-0.225476,-0.03352239
16220,12.55831,0.06916849,0.0725379,-0.1746905,-0.2292146,-0.2292146,-0.03404974
16221,12.55914,0.06917395,0.0723929,-0.1747112,-0.2292431,-0.2292431,-0.03395328
16222,12.55984,0.06911145,0.07217531,-0.1747699,-0.2293101,-0.2293101,-0.03140192
16223,12.56059,0.06911413,0.07210279,-0.1747801,-0.2308183,-0.2308183,-0.0318909
16224,12.56159,0.06905417,0.0718125,-0.1748485,-0.2337611,-0.2337611,-0.04418085
16225,12.56242,0.06906207,0.07159472,-0.1748785,-0.2334371,-0.2334371,-0.0437291
16226,12.56314,0.06899663,0.07144946,-0.1749263,-0.2334934,-0.2334934,-0.04352238
16227,12.56386,0.06898678,0.07120809,-0.1748888,-0.2344201,-0.2344201,-0.04372814
16228,12.56455,0.06892123,0.07106278,-0.1749362,-0.2359391,-0.2359391,-0.04259364
16229,12.56525,0.06892378,0.07099009,-0.174946,-0.2359671,-0.2359671,-0.04249471
16230,12.56597,0.06886572,0.0706266,-0.175022,-0.2408432,-0.2408432,-0.04271574
16231,12.56669,0.06887072,0.07048114,-0.1750411,-0.2415267,-0.2415267,-0.04268417
16232,12.56744,0.06880736,0.07026288,-0.1750973,-0.2467463,-0.2467463,-0.04365818
16233,12.56819,0.06880982,0.07019013,-0.1751067,-0.2467749,-0.2467749,-0.04355459
16234,12.5689,0.06874878,0.06989898,-0.1751718,-0.2512517,-0.2512517,-0.03130099
16235,12.56964,0.06875599,0.0696805,-0.1751994,-0.2519784,-0.2519784,-0.03109002
16236,12.57039,0.06876076,0.06953484,-0.1752177,-0.2541831,-0.2541831,-0.03103978
16237,12.57123,0.06869706,0.06931622,-0.1752726,-0.2542385,-0.2542385,-0.03081325
16238,12.57202,0.06870407,0.06909758,-0.1752995,-0.2581082,-0.2581082,-0.03071016
16239,12.57275,0.06863783,0.06895176,-0.1753451,-0.2538165,-0.2538165,-0.04631696
16240,12.57347,0.06864697,0.06866005,-0.1753802,-0.2555073,-0.2555073,-0.04607708
16241,12.57916,0.06847163,0.06741878,-0.1756074,-0.2619202,-0.2619202,-0.04457606
16242,12.58009,0.06834843,0.0667607,-0.1757354,-0.2664782,-0.2664782,-0.04475214
16243,12.58109,0.06835251,0.06661437,-0.1757512,-0.2665063,-0.2665063,-0.04462568
16244,12.58185,0.06828954,0.06632164,-0.17581,-0.2702395,-0.2702395,-0.04442681
16245,12.58258,0.06829351,0.06617523,-0.1758254,-0.2702957,-0.2702957,-0.04419728
16246,12.58342,0.06823029,0.06588232,-0.1758835,-0.2729746,-0.2729746,-0.04414117
16247,12.58418,0.06823416,0.06573581,-0.1758986,-0.2778029,-0.2778029,-0.04483713
16248,12.58507,0.06818464,0.06546128,-0.1760101,-0.2811654,-0.2811654,-0.0423787
16249,12.58585,0.06813803,0.06519081,-0.1761333,-0.2780733,-0.2780733,-0.0419972
16250,12.58659,0.06807054,0.06504416,-0.1761753,-0.2801756,-0.2801756,-0.04724551
16251,12.5873,0.06800665,0.06475073,-0.1762313,-0.2802593,-0.2802593,-0.04686977
16252,12.58804,0.06802751,0.06462716,-0.176313,-0.280945,-0.280945,-0.0469825
16253,12.58883,0.06796332,0.06433357,-0.1763683,-0.2788944,-0.2788944,-0.05230123
16254,12.58955,0.06798237,0.06428339,-0.176443,-0.2789604,-0.2789604,-0.05208717
16255,12.59035,0.06791968,0.06391616,-0.1765044,-0.2789118,-0.2789118,-0.0535425
16256,12.59117,0.06785347,0.06369574,-0.1765518,-0.2843212,-0.2843212,-0.05442568
16257,12.59189,0.06780431,0.06349854,-0.1766668,-0.2842003,-0.2842003,-0.05824819
16258,12.59259,0.06780923,0.06327796,-0.1766863,-0.2842557,-0.2842557,-0.05800403
16259,12.59346,0.06770721,0.06303037,-0.1769024,-0.289142,-0.289142,-0.05782888
16260,12.59422,0.06771038,0.06288317,-0.1769149,-0.2809883,-0.2809883,-0.09291945
16261,12.59497,0.06766385,0.06253853,-0.1770411,-0.2892748,-0.2892748,-0.0944747
16262,12.59569,0.06759537,0.06239128,-0.1770806,-0.289335,-0.289335,-0.0942207
16263,12.59639,0.06754691,0.06212004,-0.1771998,-0.289082,-0.289082,-0.09327143
16264,12.59714,0.06756697,0.06199604,-0.1772796,-0.287297,-0.287297,-0.09567416
16265,12.59788,0.06750116,0.0617013,-0.1773301,-0.2868377,-0.2868377,-0.0960975
16266,12.5986,0.06744941,0.06157723,-0.1774368,-0.2869167,-0.2869167,-0.09572144
16267,12.59936,0.06740174,0.06123194,-0.1775601,-0.2873769,-0.2873769,-0.09775802
16268,12.60281,0.06720334,0.06014463,-0.1780258,-0.290746,-0.290746,-0.1055312
16269,12.60378,0.06708127,0.0598726,-0.1781681,-0.2895622,-0.2895622,-0.1091288
16270,12.60452,0.06710058,0.05974828,-0.1782461,-0.2896044,-0.2896044,-0.1088921
16271,12.60521,0.06704775,0.05962397,-0.178351,-0.2927327,-0.2927327,-0.1121842
16272,12.60594,0.06699722,0.05935173,-0.1784652,-0.2930943,-0.2930943,-0.1142661
16273,12.60667,0.06692851,0.05912982,-0.1785061,-0.2931512,-0.2931512,-0.1140032
16274,12.60741,0.06696657,0.05888103,-0.1786607,-0.2912118,-0.2912118,-0.1185609
16275,12.60813,0.06689654,0.05873302,-0.1786966,-0.2926633,-0.2926633,-0.1203674
16276,12.60892,0.06686316,0.05841008,-0.1788818,-0.2918705,-0.2918705,-0.1208943
16277,12.60978,0.06681169,0.05813745,-0.1789938,-0.2897313,-0.2897313,-0.1265165
16278,12.61054,0.06675809,0.05801298,-0.1790973,-0.2897915,-0.2897915,-0.1261199
16279,12.61131,0.06679541,0.05776396,-0.1792499,-0.290675,-0.290675,-0.1259877
16280,12.612,0.06672488,0.05761574,-0.1792847,-0.2893111,-0.2893111,-0.1280238
16281,12.61274,0.06667373,0.05726874,-0.179399,-0.292049,-0.292049,-0.1265051
16282,12.61351,0.06661968,0.05714414,-0.1795017,-0.2920788,-0.2920788,-0.1262585
16283,12.61423,0.06663894,0.05694616,-0.1795809,-0.2905383,-0.2905383,-0.1260194
16284,12.615,0.06658639,0.05667236,-0.1796902,-0.2888773,-0.2888773,-0.1299917
16285,12.61582,0.06655025,0.05642311,-0.1798675,-0.2903909,-0.2903909,-0.12922
16286,12.61655,0.06649569,0.05629846,-0.1799694,-0.2904434,-0.2904434,-0.1288183
16287,12.61736,0.0664591,0.05604918,-0.1801459,-0.2882983,-0.2882983,-0.1362086
16288,12.61812,0.06646061,0.05590063,-0.1801522,-0.2869761,-0.2869761,-0.1384109
16289,12.61884,0.06642449,0.05557698,-0.1803309,-0.2888539,-0.2888539,-0.1326995
16290,12.61956,0.06635298,0.05542833,-0.1803636,-0.2888503,-0.2888503,-0.132563
16291,12.62031,0.06631573,0.05517891,-0.1805385,-0.2896708,-0.2896708,-0.1359805
16292,12.62114,0.06633414,0.05497983,-0.1806151,-0.2888926,-0.2888926,-0.1371156
16293,12.62186,0.06629649,0.05473042,-0.1807893,-0.2865837,-0.2865837,-0.1391657
16294,12.62258,0.06629769,0.0545816,-0.1807943,-0.2866007,-0.2866007,-0.1389156
16295,12.62332,0.06618662,0.05433212,-0.1809945,-0.2876337,-0.2876337,-0.1388487
16296,12.6241,0.06620412,0.05420735,-0.1810677,-0.2882538,-0.2882538,-0.1390444
16297,12.62496,0.06616576,0.05395791,-0.1812404,-0.286516,-0.286516,-0.1397054
16298,12.62587,0.06611135,0.05360967,-0.1813461,-0.2847531,-0.2847531,-0.1399411
16299,12.62659,0.06612815,0.05355944,-0.1814167,-0.2847416,-0.2847416,-0.1398233
16300,12.62738,0.0660897,0.05323538,-0.18159,-0.2844383,-0.2844383,-0.1407868
16301,12.62819,0.06610686,0.05311064,-0.1816622,-0.2845708,-0.2845708,-0.1394305
16302,12.62897,0.06605136,0.05283676,-0.1817643,-0.2852247,-0.2852247,-0.1396948
16303,12.62983,0.06601226,0.0525126,-0.181936,-0.2841504,-0.2841504,-0.1412157
16304,12.63068,0.06602921,0.05238783,-0.1820075,-0.2841962,-0.2841962,-0.1409472
16305,12.63141,0.06598939,0.05213827,-0.1821769,-0.285096,-0.285096,-0.137985
16306,12.63212,0.06598999,0.05198899,-0.1821794,-0.2826248,-0.2826248,-0.1403144
16307,12.63284,0.06594989,0.05173941,-0.1823481,-0.2818739,-0.2818739,-0.1397934
16308,12.63355,0.06589288,0.05161463,-0.1824455,-0.2818568,-0.2818568,-0.1396728
16309,12.63428,0.06592616,0.05136508,-0.1825868,-0.2815515,-0.2815515,-0.138805
16310,12.63499,0.06586912,0.0511656,-0.1826847,-0.2788559,-0.2788559,-0.1411706
16311,12.63571,0.0658695,0.05101615,-0.1826863,-0.2788581,-0.2788581,-0.1409011
16312,12.63649,0.06590246,0.05076656,-0.1828265,-0.2808287,-0.2808287,-0.1366894
16313,12.63719,0.06584506,0.05064176,-0.1829231,-0.2787213,-0.2787213,-0.1388053
16314,12.63789,0.0658778,0.05039221,-0.1830625,-0.278561,-0.278561,-0.1382158
16315,12.63858,0.06582009,0.05026746,-0.1831587,-0.2785403,-0.2785403,-0.1380804
16316,12.63929,0.0658365,0.04999308,-0.1832288,-0.2769241,-0.2769241,-0.1370799
16317,12.64003,0.06585272,0.04986833,-0.183298,-0.2759651,-0.2759651,-0.1364829
16318,12.64087,0.06581096,0.04954395,-0.1834626,-0.2742185,-0.2742185,-0.1347615
16319,12.64161,0.06582705,0.04949403,-0.1835314,-0.2742158,-0.2742158,-0.1345082
16320,12.64251,0.06578493,0.04924452,-0.1836953,-0.2737001,-0.2737001,-0.1338103
16321,12.64325,0.06580082,0.04897007,-0.1837634,-0.271121,-0.271121,-0.1335124
16322,12.64399,0.06575841,0.04879546,-0.1839267,-0.2725111,-0.2725111,-0.1320329
16323,12.64481,0.06577418,0.04859585,-0.1839944,-0.2707349,-0.2707349,-0.1325357
16324,12.64554,0.06578999,0.04847109,-0.1840622,-0.2707286,-0.2707286,-0.1322829
16325,12.64627,0.06574698,0.04814677,-0.1842236,-0.2674122,-0.2674122,-0.131465
16326,12.64708,0.06576266,0.04802203,-0.184291,-0.2697321,-0.2697321,-0.1305691
16327,12.64785,0.06579413,0.04784761,-0.1844263,-0.2693689,-0.2693689,-0.130185
16328,12.64867,0.06579356,0.04762273,-0.1844238,-0.2693602,-0.2693602,-0.1299318
16329,12.64949,0.06575008,0.04737334,-0.1845842,-0.269382,-0.269382,-0.1286983
16330,12.65028,0.06578129,0.04719898,-0.1847186,-0.2656389,-0.2656389,-0.1286234
16331,12.65111,0.06579673,0.04707435,-0.1847851,-0.2616097,-0.2616097,-0.1291041
16332,12.6519,0.06575253,0.04675004,-0.1849431,-0.2615225,-0.2615225,-0.1272853
16333,12.65269,0.06575222,0.04667506,-0.1849417,-0.2615539,-0.2615539,-0.1270292
16334,12.6535,0.06578245,0.04635072,-0.1850722,-0.2611997,-0.2611997,-0.1272018
16335,12.65426,0.06573841,0.04617651,-0.1852317,-0.2634038,-0.2634038,-0.1262431
16336,12.65502,0.06575318,0.04597688,-0.1852956,-0.2606904,-0.2606904,-0.1271344
16337,12.65573,0.0657687,0.04592738,-0.1853626,-0.2606752,-0.2606752,-0.126884
16338,12.65647,0.06579845,0.04560314,-0.1854912,-0.2634421,-0.2634421,-0.1260858
16339,12.65722,0.06579757,0.04545297,-0.1854874,-0.2627662,-0.2627662,-0.1249878
16340,12.66011,0.06581151,0.04463057,-0.1858989,-0.2616699,-0.2616699,-0.1219547
16341,12.66109,0.06584105,0.04438157,-0.1860269,-0.2616587,-0.2616587,-0.1221828
16342,12.66189,0.0657806,0.04425707,-0.1861173,-0.2616392,-0.2616392,-0.1219259
16343,12.6627,0.06580991,0.04400818,-0.1862445,-0.2601053,-0.2601053,-0.1212166
16344,12.66349,0.06582454,0.04388374,-0.1863079,-0.2609696,-0.2609696,-0.1201731
16345,12.66423,0.06585369,0.04363492,-0.1864344,-0.2589377,-0.2589377,-0.1203272
16346,12.66495,0.06585235,0.04348454,-0.1864286,-0.2589159,-0.2589159,-0.120074
16347,12.66569,0.06588062,0.04316053,-0.1865512,-0.2598485,-0.2598485,-0.1197715
16348,12.66641,0.06583547,0.04306221,-0.1867093,-0.2597825,-0.2597825,-0.1197273
16349,12.66722,0.06584835,0.0427874,-0.1867653,-0.2572789,-0.2572789,-0.1192659
16350,12.668,0.06586343,0.04273832,-0.1868308,-0.2572544,-0.2572544,-0.1190119
16351,12.66871,0.06589121,0.04241444,-0.1869516,-0.2570742,-0.2570742,-0.1179906
16352,12.66944,0.06590544,0.04229018,-0.1870135,-0.2589267,-0.2589267,-0.116584
16353,12.67015,0.0658582,0.04204163,-0.1871634,-0.2580574,-0.2580574,-0.117511
16354,12.67087,0.06587232,0.04191735,-0.1872249,-0.2580206,-0.2580206,-0.1173845
16355,12.67157,0.06590045,0.04166892,-0.1873474,-0.2581078,-0.2581078,-0.1164765
16356,12.67229,0.06591359,0.04146945,-0.1874046,-0.258379,-0.258379,-0.1166501
16357,12.67298,0.06591267,0.04139414,-0.1874006,-0.2583511,-0.2583511,-0.1163934
16358,12.6738,0.06588058,0.04117225,-0.1876176,-0.258369,-0.258369,-0.1162139
16359,12.67453,0.06589157,0.04082221,-0.1876656,-0.2582931,-0.2582931,-0.1163306
16360,12.67529,0.06590539,0.04069808,-0.1877259,-0.257531,-0.257531,-0.1155368
16361,12.67636,0.06593293,0.04044984,-0.1878461,-0.2592797,-0.2592797,-0.1148012
16362,12.67715,0.06588436,0.04020175,-0.1879923,-0.2599494,-0.2599494,-0.1147086
16363,12.67791,0.06589801,0.04007772,-0.188052,-0.2598615,-0.2598615,-0.1145808
16364,12.67871,0.06592411,0.03975436,-0.1881661,-0.2573282,-0.2573282,-0.1151386
16365,12.67944,0.0659219,0.03960368,-0.1881564,-0.2594801,-0.2594801,-0.1136999
16366,12.68015,0.06594889,0.0393557,-0.1882744,-0.2580703,-0.2580703,-0.1143113
16367,12.68101,0.06596234,0.03923176,-0.1883332,-0.2580362,-0.2580362,-0.114051
16368,12.68176,0.06591307,0.03898391,-0.1884771,-0.2597135,-0.2597135,-0.1132398
16369,12.68247,0.06592641,0.03885999,-0.1885355,-0.2614391,-0.2614391,-0.111907
16370,12.68322,0.065953,0.03861231,-0.1886519,-0.2610261,-0.2610261,-0.1123789
16371,12.68411,0.06597948,0.03836465,-0.1887679,-0.2616222,-0.2616222,-0.1105874
16372,12.68524,0.06600454,0.03804171,-0.1888777,-0.2584147,-0.2584147,-0.1118288
16373,12.68606,0.06603207,0.03786963,-0.1889982,-0.2611116,-0.2611116,-0.109344
16374,12.68684,0.06604382,0.03767051,-0.1890496,-0.261074,-0.261074,-0.109079
16375,12.68759,0.06599475,0.03749856,-0.1891963,-0.2603846,-0.2603846,-0.1096428
16376,12.68834,0.06599201,0.03734773,-0.1891844,-0.2584787,-0.2584787,-0.1104461
16377,12.68909,0.06601785,0.03710046,-0.1892977,-0.2573116,-0.2573116,-0.1096003
16378,12.68991,0.06603073,0.03697686,-0.1893542,-0.2572758,-0.2572758,-0.1092054
16379,12.69066,0.06605785,0.03680593,-0.1894732,-0.2585103,-0.2585103,-0.1087308
16380,12.69151,0.06606918,0.03660619,-0.1895229,-0.2577953,-0.2577953,-0.1099155
16381,12.6925,0.06609615,0.03643462,-0.1896412,-0.2580015,-0.2580015,-0.1080524
16382,12.69337,0.06604487,0.03618769,-0.1897793,-0.251001,-0.251001,-0.1086444
16383,12.69412,0.0660701,0.03594087,-0.1898902,-0.2543283,-0.2543283,-0.1091915
16384,12.69487,0.06608268,0.03581752,-0.1899455,-0.2542839,-0.2542839,-0.108928
16385,12.6956,0.06610774,0.03557086,-0.1900556,-0.2505174,-0.2505174,-0.1080015
16386,12.69636,0.06612021,0.03544754,-0.1901105,-0.2477586,-0.2477586,-0.1073238
16387,12.69713,0.06614509,0.03520101,-0.1902198,-0.2470675,-0.2470675,-0.1068643
16388,12.69785,0.06615748,0.0350778,-0.1902743,-0.2470724,-0.2470724,-0.1066087
16389,12.69858,0.06616652,0.03480369,-0.190314,-0.2475896,-0.2475896,-0.1056464
16390,12.69937,0.06618051,0.03475596,-0.1903755,-0.2476558,-0.2476558,-0.1060237
16391,12.70009,0.06620505,0.03450966,-0.1904834,-0.2455234,-0.2455234,-0.1067094
16392,12.70102,0.06615245,0.03426349,-0.1906175,-0.2432626,-0.2432626,-0.1057633
16393,12.70174,0.06618197,0.03424378,-0.1907475,-0.243214,-0.243214,-0.1055071
16394,12.70256,0.0662062,0.0339978,-0.1908542,-0.2344632,-0.2344632,-0.1066801
16395,12.70328,0.06620266,0.03384691,-0.1908386,-0.2391782,-0.2391782,-0.106305
16396,12.70409,0.06615134,0.03367649,-0.1909793,-0.2290342,-0.2290342,-0.1066472
16397,12.70482,0.06616332,0.0335536,-0.1910321,-0.2289846,-0.2289846,-0.1062814
16398,12.70554,0.06618718,0.03330791,-0.1911374,-0.2290555,-0.2290555,-0.1059108
16399,12.7064,0.06621466,0.03321321,-0.1912586,-0.2296224,-0.2296224,-0.1058431
16400,12.70714,0.06614736,0.033015,-0.1913294,-0.2223038,-0.2223038,-0.107052
16401,12.70785,0.06615915,0.03289227,-0.1913815,-0.2222513,-0.2222513,-0.1068114
16402,12.70859,0.06618456,0.03272232,-0.1914938,-0.2271387,-0.2271387,-0.1058904
16403,12.70942,0.06619627,0.03259969,-0.1915456,-0.2228803,-0.2228803,-0.104982
16404,12.71023,0.06622156,0.03242996,-0.1916574,-0.2178784,-0.2178784,-0.1058718
16405,12.711,0.06615572,0.03230736,-0.1917356,-0.2178248,-0.2178248,-0.105753
16406,12.71174,0.06618086,0.03213781,-0.191847,-0.2166173,-0.2166173,-0.1057994
16407,12.71256,0.06612837,0.03196833,-0.1919847,-0.2107803,-0.2107803,-0.1062104
16408,12.71329,0.06614187,0.03192136,-0.1920446,-0.2095058,-0.2095058,-0.1079928
16409,12.71403,0.0661668,0.03175206,-0.1921552,-0.2064918,-0.2064918,-0.1068844
16410,12.71474,0.06617821,0.03162973,-0.1922058,-0.2064369,-0.2064369,-0.1067666
16411,12.71549,0.06611395,0.03158289,-0.1922922,-0.1929068,-0.1929068,-0.1100872
16412,12.71633,0.06612118,0.03130968,-0.1923243,-0.1992448,-0.1992448,-0.1078972
16413,12.71705,0.06614583,0.03114069,-0.1924339,-0.1906955,-0.1906955,-0.1112552
16414,12.71788,0.06608141,0.03109394,-0.19252,-0.1906396,-0.1906396,-0.1111422
16415,12.71861,0.06610593,0.0309251,-0.1926292,-0.1900168,-0.1900168,-0.1103641
16416,12.71939,0.0661171,0.03080301,-0.192679,-0.1876407,-0.1876407,-0.1097201
16417,12.72017,0.06604823,0.03060549,-0.1927457,-0.1870784,-0.1870784,-0.1094596
16418,12.72111,0.06607469,0.03051235,-0.1928638,-0.1822233,-0.1822233,-0.1093955
16419,12.72197,0.06600995,0.03046581,-0.1929495,-0.1822217,-0.1822217,-0.1092922
16420,12.7227,0.06601877,0.0302684,-0.1929889,-0.1769429,-0.1769429,-0.1087483
16421,12.72343,0.06603193,0.03022194,-0.1930478,-0.1761521,-0.1761521,-0.1065692
16422,12.72418,0.06597798,0.03005363,-0.1931821,-0.1714284,-0.1714284,-0.1070381
16423,12.72489,0.0659911,0.03000727,-0.1932409,-0.1714266,-0.1714266,-0.1069422
16424,12.72559,0.06592161,0.02981003,-0.1933062,-0.1633075,-0.1633075,-0.1061284
16425,12.72634,0.06593467,0.0297637,-0.1933648,-0.1599981,-0.1599981,-0.1061039
16426,12.72709,0.06586505,0.02956653,-0.1934297,-0.1634014,-0.1634014,-0.09882361
16427,12.72787,0.06587805,0.02952024,-0.1934881,-0.1633487,-0.1633487,-0.09863587
16428,12.72864,0.06582581,0.02942783,-0.1936315,-0.1602987,-0.1602987,-0.1020959
16429,12.7294,0.06582123,0.02927695,-0.1936109,-0.1590465,-0.1590465,-0.1004608
16430,12.73016,0.06575356,0.02915531,-0.1936854,-0.1581574,-0.1581574,-0.09454476
16431,12.73091,0.06576647,0.02910918,-0.1937436,-0.1581065,-0.1581065,-0.09436366
16432,12.73164,0.06569874,0.02898765,-0.1938179,-0.1543265,-0.1543265,-0.09500369
16433,12.73247,0.06570926,0.02886614,-0.1938654,-0.1481282,-0.1481282,-0.0931328
16434,12.73327,0.06564138,0.02874467,-0.1939394,-0.1468716,-0.1468716,-0.09588175
16435,12.73406,0.06557342,0.02862322,-0.1940132,-0.1427774,-0.1427774,-0.0923757
16436,12.73479,0.06558618,0.02857721,-0.1940712,-0.1427311,-0.1427311,-0.09229046
16437,12.73548,0.0655205,0.02853125,-0.1941555,-0.1436991,-0.1436991,-0.08758689
16438,12.73621,0.06545235,0.02840993,-0.194229,-0.1427502,-0.1427502,-0.08654831
16439,12.73696,0.06544998,0.0283345,-0.1942182,-0.1427471,-0.1427471,-0.08645605
16440,12.73772,0.06539682,0.02824272,-0.1943601,-0.1349366,-0.1349366,-0.08568779
16441,12.73855,0.06532846,0.02812147,-0.1944332,-0.1295676,-0.1295676,-0.08744808
16442,12.73928,0.06532605,0.02804604,-0.1944222,-0.1351092,-0.1351092,-0.08375267
16443,12.74179,0.06525765,0.02792485,-0.1944951,-0.1296453,-0.1296453,-0.08032155
16444,12.74284,0.06505439,0.02763678,-0.1947241,-0.1234657,-0.1234657,-0.07950985
16445,12.74368,0.06505194,0.0275614,-0.1947128,-0.1254613,-0.1254613,-0.07435205
16446,12.74448,0.06498321,0.02744032,-0.1947851,-0.1148942,-0.1148942,-0.07612605
16447,12.74528,0.06490451,0.02744032,-0.1948113,-0.1148912,-0.1148912,-0.07604086
16448,12.74601,0.06483568,0.02731928,-0.1948834,-0.114553,-0.114553,-0.07536742
16449,12.74681,0.06468798,0.02719824,-0.1949815,-0.1158843,-0.1158843,-0.07441217
16450,12.74759,0.06468551,0.02712288,-0.19497,-0.1108992,-0.1108992,-0.07252761
16451,12.74844,0.06461895,0.02707729,-0.1950532,-0.1118402,-0.1118402,-0.07182627
16452,12.74922,0.06455482,0.02710712,-0.195148,-0.1118118,-0.1118118,-0.07180151
16453,12.75001,0.06447102,0.02695635,-0.1951508,-0.102802,-0.102802,-0.07385965
16454,12.75364,0.06418677,0.02666909,-0.1954023,-0.09781718,-0.09781718,-0.06856845
16455,12.7545,0.06402635,0.02659371,-0.1954423,-0.09300602,-0.09300602,-0.07150478
16456,12.7553,0.06395935,0.0265483,-0.195525,-0.09001705,-0.09001705,-0.07122996
16457,12.75611,0.06388033,0.0265483,-0.1955508,-0.09001705,-0.09001705,-0.07119788
16458,12.75698,0.06381325,0.02650291,-0.1956334,-0.08001832,-0.08001832,-0.06656531
16459,12.75775,0.06365261,0.02642752,-0.195673,-0.08008059,-0.08008059,-0.06899579
16460,12.75852,0.06358788,0.02645752,-0.1957674,-0.07371412,-0.07371412,-0.07037464
16461,12.75933,0.06350378,0.02630681,-0.1957692,-0.07414301,-0.07414301,-0.06821765
16462,12.76015,0.06334308,0.02623144,-0.1958084,-0.07199807,-0.07199807,-0.06984808
16463,12.76117,0.06327814,0.02626146,-0.1959027,-0.07197645,-0.07197645,-0.06981284
16464,12.76196,0.06327564,0.02618611,-0.1958907,-0.07117149,-0.07117149,-0.06543767
16465,12.76269,0.06319652,0.02618611,-0.1959162,-0.06696614,-0.06696614,-0.06500772
16466,12.76346,0.06304981,0.02614081,-0.1960239,-0.06160628,-0.06160628,-0.06478395
16467,12.76427,0.06297061,0.02614081,-0.1960493,-0.06160628,-0.06160628,-0.06474441
16468,12.76509,0.06290296,0.02609554,-0.1961314,-0.06158582,-0.06158582,-0.06527499
16469,12.76592,0.06274197,0.02602018,-0.19617,-0.05468493,-0.05468493,-0.06482158
16470,12.76675,0.06266271,0.02602018,-0.1961953,-0.05309547,-0.05309547,-0.06556237
16471,12.76748,0.0625974,0.02605028,-0.1962894,-0.0538367,-0.0538367,-0.06439549
16472,12.7683,0.06251808,0.02605028,-0.1963147,-0.05319405,-0.05319405,-0.06317217
16473,12.76912,0.06243626,0.02597497,-0.1963277,-0.05319228,-0.05319228,-0.06309826
16474,12.76993,0.06227756,0.02597497,-0.1963781,-0.03607889,-0.03607889,-0.06592063
16475,12.77074,0.06229141,0.02600509,-0.1964469,-0.02911788,-0.02911788,-0.06816848
16476,12.77153,0.06213264,0.02600509,-0.1964972,-0.03099234,-0.03099234,-0.06279029
16477,12.77235,0.06197138,0.02592975,-0.1965351,-0.02555438,-0.02555438,-0.06450795
16478,12.77307,0.06197138,0.02592975,-0.1965351,-0.02555438,-0.02555438,-0.06450795
16479,12.77377,0.06189198,0.02592975,-0.1965601,-0.02555438,-0.02555438,-0.06453466
16480,12.77458,0.06182624,0.02595991,-0.1966539,-0.02784209,-0.02784209,-0.05922886
16481,12.77534,0.0616673,0.02595991,-0.1967039,-0.02784209,-0.02784209,-0.05918421
16482,12.77629,0.06158781,0.02595991,-0.1967288,-0.02784209,-0.02784209,-0.05918421
16483,12.77713,0.06150832,0.02595991,-0.1967536,-0.02589307,-0.02589307,-0.05925911
16484,12.77779,0.06142883,0.02595991,-0.1967784,-0.01967167,-0.01967167,-0.06049497
16485,12.77851,0.06126979,0.02595991,-0.196828,-0.0197599,-0.0197599,-0.06022106
16486,12.77925,0.06126979,0.02595991,-0.196828,-0.0197599,-0.0197599,-0.06022106
16487,12.78001,0.06112409,0.02599013,-0.1969463,-0.02256747,-0.02256747,-0.05368909
16488,12.78105,0.06104454,0.02599013,-0.196971,0.01023517,0.01023517,-0.05912567
16489,12.78184,0.06088534,0.02599013,-0.1970203,0.01023517,0.01023517,-0.05920223
16490,12.78256,0.0608057,0.02599013,-0.1970449,0.01023517,0.01023517,-0.0593068
16491,12.78326,0.0608057,0.02599013,-0.1970449,0.01023517,0.01023517,-0.0593068
16492,12.7839,0.06064646,0.02599013,-0.1970939,0.009330261,0.009330261,-0.05731427
16493,12.78461,0.06056681,0.02599013,-0.1971184,0.009330261,0.009330261,-0.0577365
16494,12.78544,0.06050225,0.02608064,-0.1972216,0.003603884,0.003603884,-0.05461379
16495,12.78629,0.06042254,0.02608064,-0.197246,0.003603884,0.003603884,-0.05456717
16496,12.787,0.06026543,0.02615452,-0.1973067,0.003604415,0.003604415,-0.0546295
16497,12.78773,0.06026543,0.02615452,-0.1973067,0.008313556,0.008313556,-0.05569825
16498,12.78838,0.06010596,0.02615452,-0.1973554,0.008313556,0.008313556,-0.05543378
16499,12.78911,0.06002848,0.02622971,-0.1973919,0.008314327,0.008314327,-0.05543422
16500,12.7899,0.059951,0.02630509,-0.1974282,0.01741078,0.01741078,-0.05659989
16501,12.79071,0.05987126,0.02630509,-0.1974524,0.02094449,0.02094449,-0.05719153
16502,12.7916,0.05979143,0.02630509,-0.1974766,0.02094449,0.02094449,-0.05696885
16503,12.79256,0.05971621,0.02645585,-0.1975249,0.02699893,0.02699893,-0.05762743
16504,12.79332,0.05955879,0.02653123,-0.1975852,0.05161797,0.05161797,-0.04448473
16505,12.7941,0.05947896,0.02653123,-0.1976093,0.05161797,0.05161797,-0.04448473
16506,12.79484,0.0593991,0.02653123,-0.1976333,0.0211265,0.0211265,-0.03920163
16507,12.79576,0.05932148,0.02660657,-0.1976693,0.0510649,0.0510649,-0.04395573
16508,12.79656,0.05924381,0.02668199,-0.1977052,0.05284492,0.05284492,-0.04426603
16509,12.79778,0.05908624,0.02675739,-0.197765,0.0549915,0.0549915,-0.04433757
16510,12.79884,0.05894123,0.02686307,-0.1978935,0.05499402,0.05499402,-0.0442692
16511,12.79965,0.05886123,0.02686307,-0.1979174,0.05748506,0.05748506,-0.05236723
16512,12.80035,0.05878342,0.02693847,-0.197953,0.05921638,0.05921638,-0.05255528
16513,12.80133,0.05862558,0.02701387,-0.1980123,0.06112078,0.06112078,-0.05274774
16514,12.80209,0.05854775,0.0270893,-0.1980478,0.06112371,0.06112371,-0.052675
16515,12.80283,0.05846983,0.0271647,-0.1980832,0.06233663,0.06233663,-0.0531009
16516,12.80352,0.0583919,0.02724013,-0.1981186,0.06292126,0.06292126,-0.05286898
16517,12.80424,0.05831185,0.02724013,-0.1981422,0.06292423,0.06292423,-0.05279531
16518,12.80495,0.05815382,0.02731554,-0.198201,0.06443405,0.06443405,-0.05296049
16519,12.80565,0.0580758,0.02739096,-0.1982361,0.0694259,0.0694259,-0.0541622
16520,12.80639,0.05799986,0.02754182,-0.1982829,0.07334995,0.07334995,-0.0545106
16521,12.80712,0.05791974,0.02754182,-0.1983063,0.07335334,0.07335334,-0.05443165
16522,12.80784,0.05776152,0.02761722,-0.1983646,0.07364459,0.07364459,-0.0471234
16523,12.80862,0.05776152,0.02761722,-0.1983646,0.07374677,0.07374677,-0.04709065
16524,12.80977,0.05760521,0.02776809,-0.1984343,0.07632207,0.07632207,-0.04742022
16525,12.81096,0.05744889,0.02791899,-0.1985037,0.07792116,0.07792116,-0.04731764
16526,12.81172,0.05736868,0.02791899,-0.1985269,0.07789985,0.07789985,-0.04708663
16527,12.81241,0.05721218,0.02806991,-0.198596,0.08296532,0.08296532,-0.04798747
16528,12.81312,0.05713194,0.02806991,-0.1986191,0.08296532,0.08296532,-0.04793858
16529,12.81387,0.05705364,0.02814531,-0.1986535,0.0838441,0.0838441,-0.04808637
16530,12.8146,0.05697729,0.02829626,-0.1986992,0.08357316,0.08357316,-0.04816693
16531,12.81537,0.05681863,0.02837172,-0.1987564,0.08704687,0.08704687,-0.0486117
16532,12.81609,0.05681863,0.02837172,-0.1987564,0.08705044,0.08705044,-0.04852351
16533,12.81674,0.05674025,0.02844721,-0.1987906,0.08700994,0.08700994,-0.04810671
16534,12.81749,0.0565815,0.02852264,-0.1988475,0.09231406,0.09231406,-0.04911008
16535,12.81824,0.0565815,0.02852264,-0.1988475,0.09231406,0.09231406,-0.04911008
16536,12.81888,0.05634418,0.02867362,-0.1989382,0.08650459,0.08650459,-0.0479137
16537,12.81967,0.05634418,0.02867362,-0.1989382,0.08726826,0.08726826,-0.0485039
16538,12.82043,0.05618527,0.02874911,-0.1989948,0.08723021,0.08723021,-0.04836475
16539,12.82138,0.05602812,0.02890003,-0.1990622,0.08778527,0.08778527,-0.04875704
16540,12.82213,0.05594769,0.02890003,-0.1990848,0.08778527,0.08778527,-0.04870627
16541,12.82291,0.05586907,0.02897555,-0.1991184,0.08778869,0.08778869,-0.04919546
16542,12.8256,0.05539158,0.02920201,-0.199286,0.08631583,0.08631583,-0.04983799
16543,12.82642,0.05523227,0.02927753,-0.1993416,0.08652472,0.08652472,-0.05002643
16544,12.82717,0.05515349,0.02935302,-0.1993747,0.08652472,0.08652472,-0.04991852
16545,12.8279,0.05499411,0.02942854,-0.1994299,0.08599184,0.08599184,-0.05179546
16546,12.82867,0.05491351,0.02942854,-0.1994521,0.08581914,0.08581914,-0.05243797
16547,12.82938,0.05475404,0.02950403,-0.1995072,0.08605553,0.08605553,-0.05377435
16548,12.83013,0.05467514,0.02957956,-0.19954,0.08605873,0.08605873,-0.05367563
16549,12.83092,0.05451557,0.02965504,-0.1995948,0.08792403,0.08792403,-0.05396429
16550,12.83173,0.05443493,0.02965504,-0.1996168,0.08794394,0.08794394,-0.05414518
16551,12.83256,0.05427529,0.02973059,-0.1996714,0.08775979,0.08775979,-0.05410666
16552,12.83327,0.05411392,0.02973059,-0.1997152,0.08775979,0.08775979,-0.05404539
16553,12.83396,0.05395586,0.02988161,-0.1997801,0.08479474,0.08479474,-0.05457295
16554,12.83467,0.0538751,0.02988161,-0.1998019,0.08479474,0.08479474,-0.05444683
16555,12.8354,0.0537169,0.03003266,-0.1998664,0.08417258,0.08417258,-0.05518628
16556,12.83618,0.05363613,0.03003266,-0.1998881,0.08417558,0.08417558,-0.05508422
16557,12.83698,0.05348688,0.03013864,-0.2000109,0.08733693,0.08733693,-0.05731812
16558,12.8377,0.0534077,0.03021419,-0.200043,0.08722541,0.08722541,-0.05739857
16559,12.8384,0.05316676,0.03028974,-0.200118,0.08753091,0.08753091,-0.05892928
16560,12.83914,0.05308747,0.03036529,-0.2001498,0.08753091,0.08753091,-0.05879387
16561,12.83992,0.05293775,0.0304713,-0.2002721,0.08697396,0.08697396,-0.0602018
16562,12.84063,0.05285684,0.0304713,-0.2002935,0.088736,0.088736,-0.06027278
16563,12.84157,0.05261554,0.03054687,-0.2003677,0.08873911,0.08873911,-0.06009799
16564,12.84232,0.0525361,0.03062242,-0.2003992,0.08783682,0.08783682,-0.06105383
16565,12.84307,0.05230491,0.03072852,-0.2005421,0.08837003,0.08837003,-0.06213237
16566,12.84393,0.05214434,0.03080407,-0.2005946,0.08797526,0.08797526,-0.06276873
16567,12.84471,0.05206479,0.03087962,-0.2006258,0.0879783,0.0879783,-0.06273022
16568,12.84543,0.05191423,0.03098577,-0.200747,0.08708776,0.08708776,-0.06227083
16569,12.84625,0.05175346,0.03106135,-0.200799,0.08844946,0.08844946,-0.06405528
16570,12.84701,0.05160265,0.03116757,-0.2009199,0.08875164,0.08875164,-0.06428929
16571,12.84779,0.05144169,0.03124315,-0.2009716,0.09678998,0.09678998,-0.08504339
16572,12.84856,0.05128067,0.03131868,-0.2010231,0.09658794,0.09658794,-0.08457687
16573,12.84941,0.05104961,0.03150055,-0.2011741,0.100925,0.100925,-0.087621
16574,12.85016,0.05096968,0.03157613,-0.2012046,0.1009289,0.1009289,-0.08750444
16575,12.85091,0.05072576,0.03157613,-0.2012662,0.1029554,0.1029554,-0.08800805
16576,12.85163,0.05065548,0.03168243,-0.2013657,0.09866817,0.09866817,-0.08826748
16577,12.85243,0.05041272,0.03175801,-0.2014368,0.09867195,0.09867195,-0.0879969
16578,12.85324,0.05033264,0.03183362,-0.2014669,0.1013597,0.1013597,-0.08959565
16579,12.85396,0.0501005,0.03201558,-0.2016163,0.1037702,0.1037702,-0.09031277
16580,12.85469,0.04994827,0.03212199,-0.2017356,0.1049137,0.1049137,-0.09198208
16581,12.85542,0.04978653,0.03219755,-0.2017855,0.1046754,0.1046754,-0.09215514
16582,12.85631,0.04971432,0.03222838,-0.2018747,0.1046793,0.1046793,-0.09195304
16583,12.85709,0.04948138,0.03241053,-0.2020231,0.1064763,0.1064763,-0.09375553
16584,12.85785,0.04924686,0.03251702,-0.2021615,0.1128929,0.1128929,-0.1019182
16585,12.85855,0.0490847,0.03259268,-0.2022108,0.1155074,0.1155074,-0.1034834
16586,12.85948,0.04893152,0.03269923,-0.2023289,0.1141042,0.1141042,-0.1064241
16587,12.86025,0.04869764,0.03288147,-0.2024759,0.1182253,0.1182253,-0.1097632
16588,12.8612,0.04861579,0.03288147,-0.2024956,0.1182253,0.1182253,-0.1096778
16589,12.86193,0.04838151,0.0330638,-0.2026421,0.118243,0.118243,-0.1098623
16590,12.86265,0.04822651,0.03309484,-0.2027502,0.1207513,0.1207513,-0.1143504
16591,12.86339,0.04799173,0.03327724,-0.2028961,0.1207879,0.1207879,-0.1140804
16592,12.86414,0.04783635,0.03330836,-0.2030039,0.1225376,0.1225376,-0.118542
16593,12.86488,0.04768316,0.03349084,-0.2031299,0.122985,0.122985,-0.120066
16594,12.86569,0.04752012,0.0335665,-0.2031775,0.1229898,0.1229898,-0.1198424
16595,12.86642,0.04728332,0.03367336,-0.203313,0.1270066,0.1270066,-0.1268202
16596,12.86711,0.04712737,0.03370459,-0.2034202,0.1270569,0.1270569,-0.1294403
16597,12.8678,0.04697237,0.03381154,-0.2035363,0.1270957,0.1270957,-0.1292033
16598,12.86854,0.046736,0.03399424,-0.2036801,0.128749,0.128749,-0.1362865
16599,12.86935,0.04658767,0.03405693,-0.2038558,0.1328812,0.1328812,-0.1367626
16600,12.87013,0.04643208,0.03416404,-0.2039713,0.1322438,0.1322438,-0.141921
16601,12.87092,0.0461114,0.03427117,-0.204124,0.1364968,0.1364968,-0.1500645
16602,12.87179,0.0460379,0.03437835,-0.2042204,0.1365452,0.1365452,-0.1498121
16603,12.87252,0.04579921,0.03448558,-0.2043539,0.137652,0.137652,-0.1538301
16604,12.87323,0.0456507,0.03462441,-0.2045375,0.1392246,0.1392246,-0.1557765
16605,12.87399,0.04532874,0.03473178,-0.2046887,0.1419154,0.1419154,-0.1585758
16606,12.87483,0.04525467,0.03483912,-0.2047846,0.1419685,0.1419685,-0.1584166
16607,12.87607,0.04486534,0.0350858,-0.2050996,0.1486818,0.1486818,-0.1677739
16608,12.87714,0.04462508,0.03519332,-0.2052314,0.1492091,0.1492091,-0.1691785
16609,12.8779,0.04430888,0.03533274,-0.2054495,0.1477402,0.1477402,-0.1727583
16610,12.87867,0.04424046,0.03539658,-0.2056051,0.1478006,0.1478006,-0.1724929
16611,12.87939,0.04400657,0.03553626,-0.2058048,0.1511634,0.1511634,-0.1814049
16612,12.88015,0.04384109,0.03561205,-0.2058487,0.1517161,0.1517161,-0.1830529
16613,12.88116,0.04352243,0.03567615,-0.2060569,0.1485194,0.1485194,-0.1853155
16614,12.88198,0.04329522,0.03592411,-0.2063327,0.1471595,0.1471595,-0.1847059
16615,12.88275,0.04312844,0.03592411,-0.2063677,0.1471595,0.1471595,-0.1846033
16616,12.88356,0.04289955,0.03609662,-0.2066344,0.1490694,0.1490694,-0.1884863
16617,12.88433,0.0426633,0.03623703,-0.206832,0.1505573,0.1505573,-0.191303
16618,12.88514,0.04250282,0.0362694,-0.2069352,0.1511467,0.1511467,-0.193593
16619,12.88605,0.04226593,0.03641006,-0.2071322,0.142738,0.142738,-0.1970749
16620,12.8868,0.04211159,0.03647503,-0.2073036,0.1428043,0.1428043,-0.1968447
16621,12.88756,0.04178366,0.03658341,-0.2074483,0.1436828,0.1436828,-0.2015074
16622,12.88833,0.04162873,0.03664857,-0.2076194,0.143166,0.143166,-0.2000298
16623,12.88907,0.04139033,0.03678975,-0.2078151,0.137702,0.137702,-0.1998702
16624,12.88988,0.04115147,0.03693099,-0.2080104,0.1409634,0.1409634,-0.206182
16625,12.89062,0.04099564,0.03699657,-0.2081808,0.1411058,0.1411058,-0.2059232
16626,12.89133,0.04082739,0.03699657,-0.2082139,0.1389533,0.1389533,-0.2061414
16627,12.89203,0.04059363,0.03717107,-0.208477,0.13167,0.13167,-0.2049531
16628,12.89276,0.04043107,0.037204,-0.2085783,0.1317412,0.1317412,-0.2048234
16629,12.89355,0.04019644,0.03737889,-0.2088407,0.1335265,0.1335265,-0.2081158
16630,12.89428,0.04011783,0.03741196,-0.2089255,0.1305151,0.1305151,-0.2078809
16631,12.89504,0.03979154,0.03747821,-0.209127,0.1278537,0.1278537,-0.2073736
16632,12.89574,0.0397127,0.03751138,-0.2092116,0.1279266,0.1279266,-0.2072417
16633,12.89649,0.03939186,0.03768702,-0.2094888,0.1286537,0.1286537,-0.2075955
16634,12.89725,0.03922804,0.03772032,-0.209589,0.1233758,0.1233758,-0.2102355
16635,12.89802,0.0389848,0.03778704,-0.2097732,0.1230842,0.1230842,-0.2091222
16636,12.8988,0.03890539,0.03782046,-0.2098573,0.1231584,0.1231584,-0.2088803
16637,12.89958,0.03858201,0.03792086,-0.2101251,0.1234522,0.1234522,-0.2085117
16638,12.9004,0.03833765,0.03798796,-0.2103084,0.1190119,0.1190119,-0.2103719
16639,12.90451,0.03727585,0.03829157,-0.2111216,0.1184582,0.1184582,-0.206244
16640,12.90726,0.03662078,0.03849542,-0.2116503,0.07611354,0.07611354,-0.2010624
16641,12.90801,0.03645428,0.03852952,-0.211748,0.07622037,0.07622037,-0.2009528
16642,12.90877,0.0362065,0.03859779,-0.2119284,0.07618094,0.07618094,-0.2001695
16643,12.90951,0.0361253,0.03863198,-0.2120111,0.07625351,0.07625351,-0.2000347
16644,12.91023,0.03587696,0.03870046,-0.212191,0.0763988,0.0763988,-0.1990675
16645,12.91106,0.03562823,0.03876907,-0.2123705,0.07636386,0.07636386,-0.1975295
16646,12.91195,0.0354608,0.03880343,-0.2124673,0.07604889,0.07604889,-0.1968182
16647,12.91267,0.03520733,0.03883781,-0.2125782,0.07348367,0.07348367,-0.1908589
16648,12.91337,0.03512965,0.03890666,-0.2127285,0.07355319,0.07355319,-0.1907273
16649,12.91408,0.03487576,0.03894117,-0.212839,0.07393038,0.07393038,-0.1902159
16650,12.91485,0.03479372,0.03897567,-0.2129211,0.07400008,0.07400008,-0.1900849
16651,12.91572,0.0345434,0.03904481,-0.2130992,0.07362164,0.07362164,-0.1882228
16652,12.91653,0.03429267,0.03911406,-0.2132768,0.07088216,0.07088216,-0.182184
16653,12.91728,0.03420648,0.03911406,-0.2132907,0.07091531,0.07091531,-0.1808846
16654,12.91806,0.03395532,0.03918344,-0.2134679,0.06743508,0.06743508,-0.1734948
16655,12.91882,0.03387275,0.03921819,-0.2135496,0.06749818,0.06749818,-0.1733692
16656,12.91962,0.03361711,0.03919214,-0.2136522,0.0684635,0.0684635,-0.1688334
16657,12.92041,0.03345151,0.0392618,-0.2138151,0.06569379,0.06569379,-0.1620754
16658,12.92128,0.03328219,0.03929666,-0.21391,0.0663405,0.0663405,-0.1630098
16659,12.92211,0.03302624,0.03933157,-0.214018,0.06572134,0.06572134,-0.1614078
16660,12.92288,0.03293976,0.03933157,-0.2140314,0.06577982,0.06577982,-0.1611871
16661,12.92362,0.03277306,0.03932694,-0.214186,0.06269071,0.06269071,-0.1543291
16662,12.92443,0.03259996,0.03932694,-0.2142125,0.05690479,0.05690479,-0.1477916
16663,12.92529,0.03234343,0.03936195,-0.2143197,0.0515269,0.0515269,-0.1367453
16664,12.92605,0.032173,0.03932112,-0.2144058,0.05100189,0.05100189,-0.1356457
16665,12.92682,0.03208942,0.0393562,-0.2144866,0.05104912,0.05104912,-0.1355309
16666,12.92758,0.03183207,0.03931525,-0.2145853,0.04570828,0.04570828,-0.1330558
16667,12.92832,0.03174538,0.03931525,-0.2145982,0.02307891,0.02307891,-0.12903
16668,12.92902,0.0314881,0.03935039,-0.2147043,0.02031777,0.02031777,-0.1228849
16669,12.92972,0.03140387,0.0393095,-0.2147769,0.02035767,0.02035767,-0.1226763
16670,12.93046,0.0312303,0.0393095,-0.2148023,0.01422679,0.01422679,-0.1135991
16671,12.93133,0.03105946,0.0393447,-0.2148952,0.01462535,0.01462535,-0.1140538
16672,12.93208,0.03080161,0.03937992,-0.2150005,0.01162571,0.01162571,-0.107453
16673,12.93284,0.03071474,0.03937992,-0.215013,0.01162571,0.01162571,-0.1073612
16674,12.93356,0.03054357,0.03941517,-0.2151055,0.01166175,0.01166175,-0.1071707
16675,12.93429,0.03045636,0.03933914,-0.2151099,0.00750366,0.00750366,-0.09868866
16676,12.93506,0.03028722,0.03933369,-0.215262,0.01035796,0.01035796,-0.09733383
16677,12.9358,0.03011325,0.03933369,-0.2152864,0.01038766,0.01038766,-0.09722435
16678,12.93651,0.03002627,0.03933369,-0.2152986,0.008391824,0.008391824,-0.09763977
16679,12.9372,0.02985225,0.03933369,-0.2153228,0.008391824,0.008391824,-0.09715397
16680,12.93793,0.02976735,0.03929296,-0.2153946,0.008421907,0.008421907,-0.0969552
16681,12.93867,0.02959557,0.03932834,-0.2154864,0.002321529,0.002321529,-0.08647124
16682,12.9394,0.02950819,0.03925234,-0.2154903,0.00448212,0.00448212,-0.09035593
16683,12.94012,0.02924697,0.03925234,-0.2155259,0.001734599,0.001734599,-0.08686293
16684,12.94099,0.02915989,0.03925234,-0.2155377,0.001734599,0.001734599,-0.08677518
16685,12.94171,0.02898778,0.03928772,-0.2156289,0.001762421,0.001762421,-0.08642817
16686,12.94246,0.02881327,0.03921169,-0.2156442,-0.003021406,-0.003021406,-0.07670885
16687,12.94321,0.02872816,0.03924713,-0.2157236,-0.002557789,-0.002557789,-0.07626044
16688,12.94403,0.02846643,0.03917104,-0.2157502,-0.006129722,-0.006129722,-0.0711779
16689,12.94482,0.02837899,0.03909501,-0.2157536,-0.006130788,-0.006130788,-0.07099862
16690,12.94567,0.02820647,0.03913048,-0.2158442,-0.007882075,-0.007882075,-0.07023268
16691,12.94642,0.02811927,0.03913048,-0.2158556,-0.01346804,-0.01346804,-0.06611034
16692,12.94715,0.02794461,0.03905442,-0.2158701,-0.0150657,-0.0150657,-0.06236514
16693,12.94797,0.02785739,0.03905442,-0.2158813,-0.0150657,-0.0150657,-0.06228353
16694,12.94875,0.0276827,0.0389784,-0.2158956,-0.01662559,-0.01662559,-0.0611177
16695,12.94946,0.02759547,0.0389784,-0.2159068,-0.01758207,-0.01758207,-0.05921569
16696,12.9502,0.0274224,0.03893784,-0.2159885,-0.02199815,-0.02199815,-0.05171516
16697,12.951,0.02733511,0.03893784,-0.2159996,-0.02199815,-0.02199815,-0.051636
16698,12.95177,0.02716039,0.03886181,-0.2160134,-0.03024859,-0.03024859,-0.04715379
16699,12.95249,0.02707288,0.03878576,-0.2160161,-0.0302486,-0.0302486,-0.04695023
16700,12.95323,0.02689831,0.03878576,-0.2160379,-0.03147616,-0.03147616,-0.0459691
16701,12.95395,0.02681085,0.03870972,-0.2160404,-0.03147616,-0.03147616,-0.04589444
16702,12.95478,0.02663625,0.03870972,-0.216062,-0.03128584,-0.03128584,-0.04596771
16703,12.95558,0.02646146,0.03863369,-0.2160751,-0.0312858,-0.0312858,-0.04502557
16704,12.95637,0.02637416,0.03863369,-0.2160858,-0.03128971,-0.03128971,-0.04534216
16705,12.95717,0.02619923,0.03848162,-0.2160902,-0.03246336,-0.03246336,-0.04517296
16706,12.95794,0.02611192,0.03848162,-0.2161008,-0.03246328,-0.03246328,-0.04507775
16707,12.9587,0.02593711,0.0384056,-0.2161134,-0.04901256,-0.04901256,-0.01624902
16708,12.9597,0.02576232,0.03832957,-0.2161258,-0.05191699,-0.05191699,-0.01579809
16709,12.9604,0.02567503,0.03832957,-0.2161362,-0.05668734,-0.05668734,-0.01503743
16710,12.96138,0.02558753,0.03825355,-0.216138,-0.05666528,-0.05666528,-0.01488491
16711,12.96213,0.0253254,0.03817752,-0.2161603,-0.05767448,-0.05767448,-0.01419169
16712,12.96288,0.0253254,0.03817752,-0.2161603,-0.05767448,-0.05767448,-0.0141205
16713,12.96353,0.02515057,0.03810152,-0.2161721,-0.05767303,-0.05767303,-0.01429632
16714,12.96428,0.02506313,0.03802547,-0.2161736,-0.05956765,-0.05956765,-0.01325311
16715,12.96514,0.02497568,0.03794947,-0.2161751,-0.0601796,-0.0601796,-0.01335331
16716,12.96588,0.02480176,0.03798494,-0.216263,-0.0601816,-0.0601816,-0.01328606
16717,12.96662,0.02471417,0.03783292,-0.2162555,-0.06005597,-0.06005597,-0.0192141
16718,12.9674,0.02462678,0.03783292,-0.2162655,-0.0615329,-0.0615329,-0.01868908
16719,12.9682,0.02445191,0.03775689,-0.2162765,-0.06343265,-0.06343265,-0.01812516
16720,12.96903,0.02427707,0.03768088,-0.2162874,-0.06300534,-0.06300534,-0.01775566
16721,12.96987,0.02418959,0.03760487,-0.2162884,-0.06300381,-0.06300381,-0.01772488
16722,12.97059,0.02410221,0.03760487,-0.2162981,-0.0664063,-0.0664063,-0.01732089
16723,12.97136,0.02401472,0.03752886,-0.216299,-0.06381516,-0.06381516,-0.01727962
16724,12.9721,0.02383979,0.03737685,-0.2163005,-0.06423455,-0.06423455,-0.01660259
16725,12.9729,0.0237524,0.03737685,-0.2163101,-0.06423294,-0.06423294,-0.01657125
16726,12.97362,0.02366496,0.03730087,-0.2163107,-0.070547,-0.070547,-0.01585977
16727,12.97435,0.02349007,0.03722483,-0.2163207,-0.0748274,-0.0748274,-0.008693351
16728,12.97521,0.02349002,0.03714888,-0.2163117,-0.0743717,-0.0743717,-0.008663262
16729,12.97626,0.02322777,0.03707287,-0.2163309,-0.07882473,-0.07882473,-0.007306108
16730,12.97748,0.02314028,0.03699684,-0.2163311,-0.07882248,-0.07882248,-0.007490375
16731,12.97828,0.02296545,0.03692088,-0.2163406,-0.07862938,-0.07862938,-0.006846933
16732,12.97905,0.02287799,0.03684488,-0.2163407,-0.07958242,-0.07958242,-0.006667488
16733,12.97983,0.02279057,0.0367689,-0.2163407,-0.07958008,-0.07958008,-0.006567946
16734,12.98067,0.02261572,0.03669289,-0.2163498,-0.07916591,-0.07916591,-0.006248522
16735,12.98156,0.02252828,0.03661695,-0.2163496,-0.08030893,-0.08030893,-0.005834304
16736,12.98232,0.02244083,0.03651258,-0.216295,-0.07941306,-0.07941306,-0.00772266
16737,12.98305,0.02235344,0.03643662,-0.2162947,-0.07980573,-0.07980573,-0.0075028
16738,12.98386,0.02226601,0.03643662,-0.2163037,-0.07980573,-0.07980573,-0.007442593
16739,12.98468,0.02217863,0.03628466,-0.2162938,-0.07927872,-0.07927872,-0.006993775
16740,12.98548,0.02209122,0.03628466,-0.2163028,-0.07952945,-0.07952945,-0.007023277
16741,12.98806,0.02191645,0.0362087,-0.2163111,-0.07989068,-0.07989068,-0.00672361
16742,12.98883,0.02165453,0.03587016,-0.2162326,-0.08318116,-0.08318116,-0.003467736
16743,12.98959,0.02156714,0.03587016,-0.2162414,-0.08321883,-0.08321883,-0.002747227
16744,12.99028,0.02147985,0.03571828,-0.2162307,-0.08275925,-0.08275925,-0.002942547
16745,12.99105,0.02139247,0.03571828,-0.2162394,-0.08275655,-0.08275655,-0.002849008
16746,12.99183,0.02130515,0.03564233,-0.2162382,-0.08393402,-0.08393402,-0.002359768
16747,12.99256,0.02121815,0.03553109,-0.2161693,-0.08492222,-0.08492222,-0.00237669
16748,12.99328,0.02113087,0.03545517,-0.216168,-0.08789578,-0.08789578,0.003400339
16749,12.9941,0.02104354,0.03545517,-0.2161766,-0.08789578,-0.08789578,0.00345283
16750,12.99487,0.02086887,0.03537922,-0.2161837,-0.08738099,-0.08738099,0.003454849
16751,12.99568,0.02078206,0.03526801,-0.2161142,-0.09133313,-0.09133313,0.01149414
16752,12.99646,0.02078212,0.03519204,-0.2161043,-0.09285603,-0.09285603,0.01388486
16753,12.99726,0.02060766,0.03504018,-0.2161011,-0.09441473,-0.09441473,0.01460951
16754,12.998,0.02060766,0.03504018,-0.2161011,-0.09441119,-0.09441119,0.01470091
16755,12.99875,0.02052041,0.03496426,-0.2160994,-0.09420311,-0.09420311,0.01449563
16756,12.99952,0.02043319,0.03488836,-0.2160976,-0.09283577,-0.09283577,0.01478707
16757,13.00026,0.02034657,0.03477716,-0.2160278,-0.0950894,-0.0950894,0.01531397
16758,13.00111,0.02025936,0.03470129,-0.2160258,-0.09508573,-0.09508573,0.01540473
16759,13.00185,0.02017275,0.03466606,-0.215966,-0.09562568,-0.09562568,0.01570912
16760,13.00268,0.02008569,0.03451423,-0.2159537,-0.09863141,-0.09863141,0.01852084
16761,13.00351,0.01999846,0.03451423,-0.2159618,-0.09781999,-0.09781999,0.01819948
16762,13.00432,0.01991139,0.03436244,-0.2159494,-0.09480359,-0.09480359,0.01815508
16763,13.0051,0.01991139,0.03436244,-0.2159494,-0.09479983,-0.09479983,0.01819612
16764,13.0058,0.01982504,0.03425133,-0.2158791,-0.09635283,-0.09635283,0.01846244
16765,13.00663,0.01973795,0.03417546,-0.2158767,-0.09533467,-0.09533467,0.01906438
16766,13.00736,0.01965068,0.03417546,-0.2158846,-0.09520934,-0.09520934,0.01910271
16767,13.00813,0.01956446,0.03406443,-0.2158141,-0.09491239,-0.09491239,0.01914811
16768,13.00896,0.01956459,0.03398854,-0.2158037,-0.09489737,-0.09489737,0.01919648
16769,13.00972,0.01947765,0.03383678,-0.2157906,-0.09670272,-0.09670272,0.02063146
16770,13.01056,0.01939047,0.03383678,-0.2157984,-0.09711886,-0.09711886,0.02080872
16771,13.01131,0.01939061,0.03376094,-0.2157879,-0.09586724,-0.09586724,0.02105428
16772,13.01211,0.01930453,0.03364992,-0.2157171,-0.09585176,-0.09585176,0.02114333
16773,13.01286,0.0192175,0.03357407,-0.2157142,-0.09614281,-0.09614281,0.02169915
16774,13.01355,0.01921766,0.03349821,-0.2157036,-0.09684505,-0.09684505,0.0217644
16775,13.01433,0.01913067,0.03342235,-0.2157007,-0.0972582,-0.0972582,0.02222323
16776,13.01508,0.01904366,0.03334647,-0.2156977,-0.09725406,-0.09725406,0.02230367
16777,13.01585,0.01895666,0.03327064,-0.2156946,-0.09830172,-0.09830172,0.02249181
16778,13.01658,0.01895788,0.03315975,-0.2156157,-0.09859765,-0.09859765,0.02294692
16779,13.01736,0.01887077,0.03315975,-0.2156233,-0.09750046,-0.09750046,0.02268286
16780,13.01816,0.01878398,0.03300805,-0.2156093,-0.09864584,-0.09864584,0.02300573
16781,13.0189,0.01878527,0.0328972,-0.2155302,-0.0986343,-0.0986343,0.02301324
16782,13.01966,0.01869822,0.0328972,-0.2155378,-0.09843048,-0.09843048,0.02493797
16783,13.02039,0.01869841,0.03282136,-0.2155268,-0.09800057,-0.09800057,0.02506045
16784,13.02135,0.01861166,0.03266969,-0.2155124,-0.09954775,-0.09954775,0.02559384
16785,13.02206,0.01861185,0.03259388,-0.2155014,-0.09954333,-0.09954333,0.02563665
16786,13.02284,0.01852498,0.03251806,-0.2154978,-0.09916423,-0.09916423,0.02584141
16787,13.02362,0.01843934,0.03240728,-0.2154259,-0.09920492,-0.09920492,0.02597641
16788,13.02441,0.01843954,0.03233147,-0.2154148,-0.0997576,-0.0997576,0.02614868
16789,13.02525,0.01835266,0.03225565,-0.215411,-0.1030626,-0.1030626,0.02679914
16790,13.02602,0.01835287,0.03217986,-0.2153998,-0.1030579,-0.1030579,0.02684363
16791,13.02675,0.01826606,0.03210403,-0.215396,-0.1024949,-0.1024949,0.02705386
16792,13.02745,0.01826627,0.03202826,-0.2153846,-0.1024035,-0.1024035,0.02677194
16793,13.02815,0.01817944,0.03195246,-0.2153807,-0.1022726,-0.1022726,0.02723423
16794,13.02896,0.01809398,0.03184175,-0.2153084,-0.1022678,-0.1022678,0.02727842
16795,13.02971,0.0180942,0.03176594,-0.215297,-0.10225,-0.10225,0.0263133
16796,13.03051,0.01809443,0.03169018,-0.2152856,-0.1058128,-0.1058128,0.02689712
16797,13.03131,0.01800768,0.03161441,-0.2152814,-0.1069407,-0.1069407,0.02756058
16798,13.03212,0.01800791,0.03153861,-0.2152698,-0.1054047,-0.1054047,0.02772871
16799,13.03283,0.01792115,0.03146283,-0.2152656,-0.1053997,-0.1053997,0.0278013
16800,13.03355,0.01792139,0.03138708,-0.215254,-0.1052366,-0.1052366,0.02667727
16801,13.03435,0.01792162,0.0313113,-0.2152424,-0.106544,-0.106544,0.02695516
16802,13.03508,0.01792186,0.03123555,-0.2152307,-0.1065389,-0.1065389,0.0270017
16803,13.03583,0.01783657,0.03112492,-0.215158,-0.1070253,-0.1070253,0.02779735
16804,13.03666,0.01775011,0.0309734,-0.2151417,-0.1057699,-0.1057699,0.02642786
16805,13.03741,0.01775011,0.0309734,-0.2151417,-0.1063018,-0.1063018,0.0262804
16806,13.03818,0.01775061,0.03082193,-0.2151181,-0.1065447,-0.1065447,0.02641353
16807,13.03902,0.01766368,0.03082193,-0.2151252,-0.1065447,-0.1065447,0.02643716
16808,13.03981,0.01766566,0.03063563,-0.2150331,-0.1065395,-0.1065395,0.0265886
16809,13.04055,0.01766592,0.03055993,-0.2150212,-0.1057084,-0.1057084,0.02590722
16810,13.04141,0.01766618,0.03048418,-0.2150092,-0.1086427,-0.1086427,0.02645029
16811,13.04217,0.0175796,0.03040846,-0.2150043,-0.1087318,-0.1087318,0.02671229
16812,13.04292,0.01757987,0.03033276,-0.2149923,-0.1087264,-0.1087264,0.02676032
16813,13.04367,0.01758013,0.03025702,-0.2149802,-0.1077186,-0.1077186,0.02703761
16814,13.0445,0.0175819,0.03014657,-0.2148997,-0.1081581,-0.1081581,0.0274281
16815,13.04522,0.0174953,0.03007086,-0.2148947,-0.1086994,-0.1086994,0.0277087
16816,13.04592,0.01749557,0.02999514,-0.2148825,-0.1086939,-0.1086939,0.02775684
16817,13.04664,0.01749585,0.02991945,-0.2148702,-0.1086087,-0.1086087,0.02779208
16818,13.04735,0.0174964,0.02976805,-0.2148457,-0.1079239,-0.1079239,0.02808813
16819,13.04806,0.0174964,0.02976805,-0.2148457,-0.1079239,-0.1079239,0.02808813
16820,13.05655,0.01733102,0.02875611,-0.2145041,-0.110941,-0.110941,0.0290011
16821,13.06135,0.017335,0.02811661,-0.2143324,-0.1146581,-0.1146581,0.03143378
16822,13.0629,0.01733561,0.02796543,-0.2143063,-0.1134318,-0.1134318,0.03132515
16823,13.06376,0.01733591,0.02788985,-0.2142931,-0.1157625,-0.1157625,0.03395527
16824,13.06459,0.01733622,0.02781427,-0.21428,-0.115724,-0.115724,0.0340012
16825,13.0654,0.01733842,0.02762859,-0.214185,-0.1160418,-0.1160418,0.03424834
16826,13.06628,0.01733873,0.02755302,-0.2141717,-0.1157996,-0.1157996,0.03431132
16827,13.06703,0.01733904,0.02747743,-0.2141584,-0.1157929,-0.1157929,0.03436282
16828,13.06777,0.01733935,0.02740191,-0.2141451,-0.1173744,-0.1173744,0.03570793
16829,13.06865,0.01734156,0.02721632,-0.2140497,-0.1172807,-0.1172807,0.03580826
16830,13.06949,0.01734187,0.02714077,-0.2140363,-0.117674,-0.117674,0.03612962
16831,13.07028,0.01734218,0.02706522,-0.2140228,-0.1186209,-0.1186209,0.03635239
16832,13.071,0.0173425,0.0269897,-0.2140093,-0.1186209,-0.1186209,0.03635239
16833,13.07171,0.0173444,0.02687973,-0.2139271,-0.1180497,-0.1180497,0.03650117
16834,13.07243,0.01734472,0.02680421,-0.2139135,-0.1179838,-0.1179838,0.03686813
16835,13.07498,0.01734535,0.02665319,-0.2138862,-0.1179767,-0.1179767,0.03692034
16836,13.07577,0.0173479,0.02639227,-0.2137764,-0.1195118,-0.1195118,0.03746529
16837,13.07648,0.01734854,0.0262413,-0.2137487,-0.1195518,-0.1195518,0.0377476
16838,13.07734,0.01734886,0.02616578,-0.2137348,-0.1204965,-0.1204965,0.03803021
16839,13.07817,0.01734919,0.02609032,-0.2137209,-0.120489,-0.120489,0.03808355
16840,13.07897,0.01734983,0.02593938,-0.2136929,-0.121847,-0.121847,0.03838981
16841,13.07977,0.01734983,0.02593938,-0.2136929,-0.1206903,-0.1206903,0.0382304
16842,13.08042,0.01735049,0.02578846,-0.2136648,-0.1203297,-0.1203297,0.03874284
16843,13.08133,0.01735241,0.02567866,-0.2135821,-0.1209444,-0.1209444,0.03810863
16844,13.08211,0.01735273,0.0256032,-0.2135679,-0.1209444,-0.1209444,0.03810863
16845,13.08282,0.01735306,0.02552775,-0.2135538,-0.1210896,-0.1210896,0.03824617
16846,13.08356,0.01735339,0.02545232,-0.2135396,-0.1209214,-0.1209214,0.03826961
16847,13.08441,0.01735405,0.02530143,-0.213511,-0.1218724,-0.1218724,0.03856017
16848,13.08522,0.01735439,0.02522603,-0.2134967,-0.1218645,-0.1218645,0.03861427
16849,13.08605,0.01735631,0.02511632,-0.2134137,-0.1217609,-0.1217609,0.03908603
16850,13.08688,0.01735698,0.02496551,-0.2133848,-0.1209944,-0.1209944,0.03847902
16851,13.08764,0.01735698,0.02496551,-0.2133848,-0.1221092,-0.1221092,0.03874779
16852,13.08838,0.01735765,0.0248147,-0.2133559,-0.122616,-0.122616,0.03832033
16853,13.08913,0.01735799,0.0247393,-0.2133413,-0.122616,-0.122616,0.03832033
16854,13.08991,0.01735833,0.0246639,-0.2133268,-0.1214825,-0.1214825,0.03821333
16855,13.09074,0.01735867,0.02458853,-0.2133122,-0.1220993,-0.1220993,0.03838862
16856,13.09151,0.01735901,0.02451313,-0.2132975,-0.1237078,-0.1237078,0.03875741
16857,13.09225,0.01735935,0.02443779,-0.2132828,-0.1236996,-0.1236996,0.03881252
16858,13.09297,0.01736162,0.0242528,-0.2131847,-0.1208226,-0.1208226,0.0373758
16859,13.09373,0.01736197,0.02417746,-0.2131699,-0.1232799,-0.1232799,0.03791413
16860,13.09448,0.01736231,0.02410211,-0.213155,-0.1229957,-0.1229957,0.03791497
16861,13.09532,0.017363,0.02395144,-0.2131253,-0.122952,-0.122952,0.03801963
16862,13.09607,0.01743224,0.0238761,-0.2131047,-0.1229436,-0.1229436,0.03807493
16863,13.09686,0.01743259,0.02380073,-0.2130897,-0.122566,-0.122566,0.03788674
16864,13.09766,0.01743293,0.02372542,-0.2130748,-0.122566,-0.122566,0.03788674
16865,13.0984,0.01743327,0.02365011,-0.2130597,-0.1219766,-0.1219766,0.03788202
16866,13.09923,0.01743362,0.02357478,-0.2130447,-0.1227057,-0.1227057,0.03808437
16867,13.10003,0.01751866,0.02342418,-0.2130075,-0.1223772,-0.1223772,0.03813151
16868,13.10097,0.01751935,0.02327356,-0.2129771,-0.1151392,-0.1151392,0.02338895
16869,13.10176,0.01751935,0.02327356,-0.2129771,-0.1151312,-0.1151312,0.02344309
16870,13.10247,0.01752003,0.023123,-0.2129466,-0.1157603,-0.1157603,0.02368254
16871,13.10327,0.01752003,0.023123,-0.2129466,-0.1169358,-0.1169358,0.02392145
16872,13.10391,0.01752072,0.02297243,-0.2129159,-0.1172538,-0.1172538,0.02409979
16873,13.10466,0.01752107,0.02289717,-0.2129005,-0.1172454,-0.1172454,0.02415495
16874,13.10535,0.01752176,0.02274665,-0.2128696,-0.1168466,-0.1168466,0.02413
16875,13.10605,0.01760761,0.02274665,-0.2128626,-0.1165617,-0.1165617,0.02425123
16876,13.10677,0.01760795,0.0226714,-0.2128471,-0.1165533,-0.1165533,0.02430608
16877,13.1075,0.01760829,0.02259615,-0.2128315,-0.1164824,-0.1164824,0.02434801
16878,13.1082,0.01760864,0.0225209,-0.212816,-0.1162059,-0.1162059,0.02434731
16879,13.10891,0.01760933,0.02237043,-0.2127847,-0.1161321,-0.1161321,0.02438846
16880,13.10964,0.01760967,0.02229521,-0.212769,-0.1161152,-0.1161152,0.02449774
16881,13.11038,0.01769629,0.02214476,-0.2127305,-0.1162086,-0.1162086,0.02574439
16882,13.1112,0.01769629,0.02214476,-0.2127305,-0.1173283,-0.1173283,0.02612336
16883,13.11196,0.01769697,0.02199435,-0.2126989,-0.1181574,-0.1181574,0.02641205
16884,13.11271,0.01769697,0.02199435,-0.2126989,-0.1181574,-0.1181574,0.02641205
16885,13.11339,0.01769766,0.02184397,-0.2126671,-0.1170439,-0.1170439,0.02629153
16886,13.11416,0.017698,0.02176878,-0.2126512,-0.1175827,-0.1175827,0.02646276
16887,13.11487,0.01769835,0.02169362,-0.2126353,-0.1180431,-0.1180431,0.02661779
16888,13.11559,0.01769869,0.02161843,-0.2126193,-0.1180342,-0.1180342,0.02667339
16889,13.11631,0.01778496,0.02154323,-0.2125961,-0.1163656,-0.1163656,0.02638245
16890,13.11701,0.0177853,0.02146807,-0.21258,-0.1164155,-0.1164155,0.02633533
16891,13.11775,0.01778564,0.02139291,-0.2125639,-0.1164155,-0.1164155,0.02633533
16892,13.11847,0.01778598,0.02131778,-0.2125478,-0.1150917,-0.1150917,0.02616432
16893,13.11922,0.01778598,0.02131778,-0.2125478,-0.116791,-0.116791,0.02652953
16894,13.11986,0.01778667,0.02116749,-0.2125154,-0.1137658,-0.1137658,0.02599031
16895,13.12056,0.01778702,0.02109236,-0.2124992,-0.113757,-0.113757,0.02604392
16896,13.12144,0.01778736,0.02101721,-0.2124829,-0.1143958,-0.1143958,0.02623796
16897,13.12217,0.01778771,0.02094209,-0.2124666,-0.1147336,-0.1147336,0.0263672
16898,13.12299,0.01778806,0.02086699,-0.2124502,-0.1138543,-0.1138543,0.02623167
16899,13.12379,0.01778841,0.02079186,-0.2124338,-0.1138455,-0.1138455,0.0262853
16900,13.12458,0.0177891,0.02064165,-0.212401,-0.1120663,-0.1120663,0.02595162
16901,13.1253,0.0177891,0.02064165,-0.212401,-0.1129162,-0.1129162,0.02476289
16902,13.12594,0.01778981,0.02049148,-0.212368,-0.1129437,-0.1129437,0.02487921
16903,13.12678,0.01778981,0.02049148,-0.212368,-0.1129437,-0.1129437,0.02487921
16904,13.12749,0.01779016,0.02041641,-0.2123514,-0.1130601,-0.1130601,0.02496007
16905,13.12834,0.01779087,0.02026623,-0.2123182,-0.1111918,-0.1111918,0.02465633
16906,13.12918,0.01779087,0.02026623,-0.2123182,-0.1094496,-0.1094496,0.02427
16907,13.12985,0.01779122,0.02019119,-0.2123015,-0.1076763,-0.1076763,0.02392939
16908,13.13059,0.01779157,0.02011612,-0.2122848,-0.1076676,-0.1076676,0.02398015
16909,13.13132,0.01779193,0.02004106,-0.2122681,-0.1032275,-0.1032275,0.02304168
16910,13.1321,0.01779229,0.01996602,-0.2122513,-0.1073589,-0.1073589,0.0240164
16911,13.13283,0.01779264,0.01989098,-0.2122345,-0.106531,-0.106531,0.02388333
16912,13.13357,0.017793,0.01981595,-0.2122177,-0.1065224,-0.1065224,0.02393353
16913,13.13431,0.017793,0.01981595,-0.2122177,-0.101297,-0.101297,0.0227595
16914,13.13511,0.01779372,0.0196659,-0.2121839,-0.1005242,-0.1005242,0.02263507
16915,13.13593,0.01779555,0.01955685,-0.212098,-0.1020586,-0.1020586,0.02445608
16916,13.13667,0.01779591,0.01948184,-0.212081,-0.1020502,-0.1020502,0.02450391
16917,13.13741,0.01779627,0.01940686,-0.212064,-0.1016813,-0.1016813,0.02451952
16918,13.13814,0.01779627,0.01940686,-0.212064,-0.1013219,-0.1013219,0.02443788
16919,13.13877,0.01779663,0.01933184,-0.2120469,-0.1013135,-0.1013135,0.02448533
16920,13.13945,0.017797,0.01925687,-0.2120298,-0.1000644,-0.1000644,0.02424967
16921,13.14016,0.017797,0.01925687,-0.2120298,-0.1014756,-0.1014756,0.02457166
16922,13.14094,0.01779773,0.01910692,-0.2119956,-0.09716229,-0.09716229,0.02368223
16923,13.14166,0.01779773,0.01910692,-0.2119956,-0.09716229,-0.09716229,0.02368223
16924,13.14247,0.01779809,0.01903193,-0.2119784,-0.09796877,-0.09796877,0.02391481
16925,13.14328,0.01779846,0.01895696,-0.2119611,-0.0960291,-0.0960291,0.02351621
16926,13.14414,0.01779882,0.01888204,-0.2119438,-0.09410693,-0.09410693,0.02170242
16927,13.14493,0.01779919,0.01880705,-0.2119265,-0.09266279,-0.09266279,0.02141489
16928,13.14571,0.01779956,0.01873212,-0.2119092,-0.09265494,-0.09265494,0.02145859
16929,13.14643,0.01779993,0.01865718,-0.2118918,-0.09399153,-0.09399153,0.02181429
16930,13.14719,0.0178003,0.01858225,-0.2118744,-0.09422173,-0.09422173,0.021914
16931,13.14797,0.01780067,0.0185073,-0.211857,-0.09421368,-0.09421368,0.02195844
16932,13.1488,0.01780104,0.01843238,-0.2118395,-0.09420559,-0.09420559,0.02200286
16933,13.14958,0.01780142,0.01835749,-0.211822,-0.09425671,-0.09425671,0.02206114
16934,13.15037,0.01780179,0.01828256,-0.2118044,-0.0929026,-0.0929026,0.02178989
16935,13.15111,0.01780216,0.01820767,-0.2117868,-0.09373057,-0.09373057,0.02198409
16936,13.15182,0.01780254,0.01813279,-0.2117692,-0.09383558,-0.09383558,0.02210104
16937,13.15258,0.01780254,0.01813279,-0.2117692,-0.09383558,-0.09383558,0.02210104
16938,13.15324,0.01780291,0.01805791,-0.2117516,-0.09331021,-0.09331021,0.0220232
16939,13.15402,0.01780329,0.01798302,-0.2117339,-0.09150476,-0.09150476,0.02164215
16940,13.15474,0.01780367,0.01790816,-0.2117161,-0.09149675,-0.09149675,0.02168528
16941,13.15748,0.01780518,0.01760872,-0.2116449,-0.08991119,-0.08991119,0.02144238
16942,13.15827,0.01780518,0.01760872,-0.2116449,-0.08973303,-0.08973303,0.02144411
16943,13.15906,0.01780556,0.01753388,-0.211627,-0.08956522,-0.08956522,0.02144816
16944,13.15995,0.01780594,0.01745903,-0.2116091,-0.08955726,-0.08955726,0.02149042
16945,13.16068,0.01780633,0.01738423,-0.2115911,-0.08954926,-0.08954926,0.02153265
16946,13.16158,0.01780671,0.01730938,-0.2115731,-0.08954126,-0.08954126,0.02157492
16947,13.16221,0.01780709,0.01723456,-0.211555,-0.09112187,-0.09112187,0.02200073
16948,13.16309,0.01780748,0.01715979,-0.2115369,-0.08884637,-0.08884637,0.02145133
16949,13.16393,0.01780786,0.01708496,-0.2115188,-0.08887316,-0.08887316,0.02154554
16950,13.16465,0.01780825,0.01701017,-0.2115007,-0.08887316,-0.08887316,0.02154554
16951,13.16537,0.01780863,0.01693541,-0.2114825,-0.08898566,-0.08898566,0.0216607
16952,13.16611,0.01780902,0.0168606,-0.2114643,-0.09008949,-0.09008949,0.02192939
16953,13.16683,0.01780902,0.0168606,-0.2114643,-0.0900813,-0.0900813,0.02197191
16954,13.16746,0.01780941,0.01678583,-0.211446,-0.08909553,-0.08909553,0.0217755
16955,13.16824,0.0178098,0.01671106,-0.2114277,-0.08886613,-0.08886613,0.02176336
16956,13.16905,0.01781019,0.01663631,-0.2114094,-0.08852328,-0.08852328,0.02172317
16957,13.16984,0.01781058,0.01656154,-0.211391,-0.08858655,-0.08858655,0.02178252
16958,13.17073,0.01781058,0.01656154,-0.211391,-0.08858655,-0.08858655,0.02178252
16959,13.1714,0.01781097,0.01648679,-0.2113726,-0.0865324,-0.0865324,0.02132025
16960,13.17211,0.01781136,0.01641208,-0.2113542,-0.08778988,-0.08778988,0.02167347
16961,13.17284,0.01781175,0.01633735,-0.2113357,-0.08778173,-0.08778173,0.02171492
16962,13.17357,0.01781215,0.01626258,-0.2113172,-0.08731429,-0.08731429,0.02164254
16963,13.17428,0.01781215,0.01626258,-0.2113172,-0.0882082,-0.0882082,0.02186411
16964,13.17493,0.01781254,0.01618791,-0.2112987,-0.08776826,-0.08776826,0.0217985
16965,13.17564,0.01781294,0.01611318,-0.2112801,-0.08776005,-0.08776005,0.02183994
16966,13.17647,0.01781333,0.01603848,-0.2112615,-0.08723944,-0.08723944,0.0217536
16967,13.17723,0.01781373,0.01596376,-0.2112429,-0.08698548,-0.08698548,0.02169028
16968,13.17797,0.01781413,0.01588908,-0.2112242,-0.08722303,-0.08722303,0.02183599
16969,13.17869,0.01781452,0.01581439,-0.2112055,-0.08722303,-0.08722303,0.02183599
16970,13.17947,0.01781452,0.01581439,-0.2112055,-0.08677185,-0.08677185,0.02176605
16971,13.18012,0.01781492,0.01573971,-0.2111867,-0.0855851,-0.0855851,0.02151082
16972,13.18103,0.01781492,0.01573971,-0.2111867,-0.08603729,-0.08603729,0.02162447
16973,13.18175,0.01781532,0.01566507,-0.2111679,-0.08602912,-0.08602912,0.02166508
16974,13.18251,0.01781572,0.01559037,-0.2111491,-0.08447954,-0.08447954,0.02131677
16975,13.18324,0.01781612,0.01551573,-0.2111303,-0.08388661,-0.08388661,0.0212088
16976,13.18397,0.01781652,0.01544109,-0.2111114,-0.08336549,-0.08336549,0.02111842
16977,13.18468,0.01781652,0.01544109,-0.2111114,-0.08336549,-0.08336549,0.02111842
16978,13.18531,0.01781693,0.01536644,-0.2110924,-0.08378745,-0.08378745,0.02126693
16979,13.18602,0.01781733,0.01529181,-0.2110735,-0.08248026,-0.08248026,0.02093514
16980,13.18683,0.01781733,0.01529181,-0.2110735,-0.08247232,-0.08247232,0.02097408
16981,13.18749,0.01781773,0.01521719,-0.2110545,-0.08106652,-0.08106652,0.02065685
16982,13.18829,0.01781773,0.01521719,-0.2110545,-0.08068754,-0.08068754,0.02056028
16983,13.18892,0.01781814,0.01514259,-0.2110354,-0.07729737,-0.07729737,0.01973483
16984,13.18964,0.01781854,0.01506793,-0.2110164,-0.07729737,-0.07729737,0.01973483
16985,13.19034,0.01781854,0.01506793,-0.2110164,-0.07601944,-0.07601944,0.01944637
16986,13.19098,0.01781895,0.01499334,-0.2109973,-0.07461058,-0.07461058,0.01912306
16987,13.19177,0.01781895,0.01499334,-0.2109973,-0.07461058,-0.07461058,0.01912306
16988,13.19293,0.01781936,0.01491877,-0.2109781,-0.07231417,-0.07231417,0.01857044
16989,13.19378,0.01781936,0.01491877,-0.2109781,-0.07231417,-0.07231417,0.01857044
16990,13.19454,0.01781976,0.01484418,-0.210959,-0.06774449,-0.06774449,0.01743064
16991,13.19541,0.01782017,0.01476958,-0.2109398,-0.0678212,-0.0678212,0.01748412
16992,13.19617,0.01782058,0.01469499,-0.2109205,-0.06886904,-0.06886904,0.01778855
16993,13.19719,0.01782058,0.01469499,-0.2109205,-0.06886904,-0.06886904,0.01778855
16994,13.19785,0.01782099,0.01462045,-0.2109012,-0.06809198,-0.06809198,0.01758783
16995,13.19861,0.01782099,0.01462045,-0.2109012,-0.06808527,-0.06808527,0.01761999
16996,13.19938,0.01782099,0.01462045,-0.2109012,-0.06185829,-0.06185829,0.01600849
16997,13.20007,0.0178214,0.01454589,-0.2108819,-0.06185829,-0.06185829,0.01600849
16998,13.20106,0.0178214,0.01454589,-0.2108819,-0.0549968,-0.0549968,0.01426019
16999,13.20183,0.01782181,0.01447132,-0.2108625,-0.05499136,-0.05499136,0.01428617
17000,13.20258,0.01782181,0.01447132,-0.2108625,-0.0573373,-0.0573373,0.01489562
17001,13.20325,0.01782181,0.01447132,-0.2108625,-0.05529781,-0.05529781,0.01436578
17002,13.2039,0.01782223,0.01439676,-0.2108432,-0.05302016,-0.05302016,0.0138005
17003,13.20486,0.01782223,0.01439676,-0.2108432,-0.05217258,-0.05217258,0.01357989
17004,13.20551,0.01782264,0.01432225,-0.2108238,-0.05216738,-0.05216738,0.01360452
17005,13.20622,0.01782264,0.01432225,-0.2108238,-0.04983577,-0.04983577,0.01299647
17006,13.2069,0.01782264,0.01432225,-0.2108238,-0.04870516,-0.04870516,0.01270162
17007,13.21056,0.01782305,0.0142477,-0.2108043,-0.04493558,-0.04493558,0.01174098
17008,13.21135,0.01782305,0.0142477,-0.2108043,-0.04493558,-0.04493558,0.01174098
17009,13.21203,0.01782347,0.01417319,-0.2107848,-0.03694405,-0.03694405,0.009671332
17010,13.21309,0.01782347,0.01417319,-0.2107848,-0.03694405,-0.03694405,0.009671332
17011,13.21376,0.01782347,0.01417319,-0.2107848,-0.03694405,-0.03694405,0.009671332
17012,13.21443,0.01782347,0.01417319,-0.2107848,-0.03491228,-0.03491228,0.009139448
17013,13.21507,0.01782347,0.01417319,-0.2107848,-0.03491228,-0.03491228,0.009139448
17014,13.2157,0.01782388,0.01409866,-0.2107653,-0.03490878,-0.03490878,0.009155954
17015,13.21666,0.01782388,0.01409866,-0.2107653,-0.03058346,-0.03058346,0.008021501
17016,13.21734,0.01782388,0.01409866,-0.2107653,-0.03058346,-0.03058346,0.008021501
17017,13.2181,0.01782388,0.01409866,-0.2107653,-0.03019506,-0.03019506,0.00791963
17018,13.21885,0.01782388,0.01409866,-0.2107653,-0.03019506,-0.03019506,0.00791963
17019,13.21954,0.01782388,0.01409866,-0.2107653,-0.03019506,-0.03019506,0.00791963
17020,13.22021,0.01782388,0.01409866,-0.2107653,-0.03019506,-0.03019506,0.00791963
17021,13.22148,0.01782388,0.01409866,-0.2107653,-0.03019506,-0.03019506,0.00791963
17022,13.2222,0.01782388,0.01409866,-0.2107653,-0.03019506,-0.03019506,0.00791963
17023,13.2229,0.01782388,0.01409866,-0.2107653,-0.03019506,-0.03019506,0.00791963
17024,13.22358,0.01782388,0.01409866,-0.2107653,-0.03019506,-0.03019506,0.00791963
17025,13.22426,0.01782388,0.01409866,-0.2107653,0,0,0
17026,13.22604,0.01782388,0.01409866,-0.2107653,0,0,0
17027,13.22674,0.01782388,0.01409866,-0.2107653,0,0,0
17028,13.22743,0.01782388,0.01409866,-0.2107653,0,0,0
17029,13.22807,0.01782388,0.01409866,-0.2107653,0,0,0
17030,13.2287,0.01782388,0.01409866,-0.2107653,0,0,0
17031,13.22933,0.01782388,0.01409866,-0.2107653,0,0,0
17032,13.22997,0.01782388,0.01409866,-0.2107653,0,0,0
17033,13.23096,0.01782388,0.01409866,-0.2107653,0,0,0
17034,13.23159,0.01782388,0.01409866,-0.2107653,0,0,0
17035,13.23258,0.01782388,0.01409866,-0.2107653,0,0,0
17036,13.23346,0.01782388,0.01409866,-0.2107653,0,0,0
17037,13.2341,0.01782388,0.01409866,-0.2107653,0,0,0
17038,13.23474,0.01782388,0.01409866,-0.2107653,0,0,0
17039,13.23538,0.01782388,0.01409866,-0.2107653,0,0,0
17040,13.23601,0.01782388,0.01409866,-0.2107653,0,0,0
17041,13.23899,0.01782388,0.01409866,-0.2107653,0,0,0
17042,13.24061,0.01782388,0.01409866,-0.2107653,0,0,0
17043,13.24155,0.01782388,0.01409866,-0.2107653,0,0,0
17044,13.24229,0.01782388,0.01409866,-0.2107653,0,0,0
17045,13.24299,0.01782388,0.01409866,-0.2107653,0,0,0
17046,13.24371,0.01782355,0.01415828,-0.2107809,0,0,0
17047,13.24481,0.01782355,0.01415828,-0.2107809,-0.002370717,-0.002370717,0.0006208505
17048,13.24548,0.01782355,0.01415828,-0.2107809,-0.002370717,-0.002370717,0.0006208505
17049,13.24611,0.01782355,0.01415828,-0.2107809,-0.002370717,-0.002370717,0.0006208505
17050,13.24673,0.01782355,0.01415828,-0.2107809,-0.002370717,-0.002370717,0.0006208505
17051,13.24733,0.01782355,0.01415828,-0.2107809,0,0,0
17052,13.24795,0.01782355,0.01415828,-0.2107809,0,0,0
17053,13.24885,0.01782355,0.01415828,-0.2107809,0,0,0
17054,13.24951,0.01782355,0.01415828,-0.2107809,0,0,0
17055,13.25018,0.01782314,0.01423131,-0.2108,0.002152253,0.002152253,-0.0005625866
17056,13.25097,0.01782314,0.01423131,-0.2108,0.002152253,0.002152253,-0.0005625866
17057,13.25163,0.01782314,0.01423131,-0.2108,0.002152253,0.002152253,-0.0005625866
17058,13.25226,0.01782314,0.01423131,-0.2108,0.002152253,0.002152253,-0.0005625866
17059,13.25289,0.01782314,0.01423131,-0.2108,0.002152253,0.002152253,-0.0005625866
17060,13.25358,0.01782314,0.01423131,-0.2108,0.002152253,0.002152253,-0.0005625866
17061,13.25426,0.01782314,0.01423131,-0.2108,0.002152253,0.002152253,-0.0005625866
17062,13.25496,0.01782273,0.01430568,-0.2108195,0.002152468,0.002152468,-0.0005615718
17063,13.25589,0.01782273,0.01430568,-0.2108195,0.003793826,0.003793826,-0.0009897967
17064,13.25668,0.01782273,0.01430568,-0.2108195,0.003793826,0.003793826,-0.0009897967
17065,13.25739,0.01782273,0.01430568,-0.2108195,0.01319995,0.01319995,-0.003443823
17066,13.25805,0.01782273,0.01430568,-0.2108195,0.01319995,0.01319995,-0.003443823
17067,13.2587,0.01782273,0.01430568,-0.2108195,0.01319995,0.01319995,-0.003443823
17068,13.25936,0.01782273,0.01430568,-0.2108195,0.01319995,0.01319995,-0.003443823
17069,13.26003,0.01782273,0.01430568,-0.2108195,0.01319995,0.01319995,-0.003443823
17070,13.26083,0.01782273,0.01430568,-0.2108195,0.01319995,0.01319995,-0.003443823
17071,13.26153,0.01782273,0.01430568,-0.2108195,0.01319995,0.01319995,-0.003443823
17072,13.26219,0.01782273,0.01430568,-0.2108195,0.01319995,0.01319995,-0.003443823
17073,13.26281,0.01782273,0.01430568,-0.2108195,0.01319995,0.01319995,-0.003443823
17074,13.2635,0.01782273,0.01430568,-0.2108195,0,0,0
17075,13.26433,0.01782232,0.01438025,-0.2108389,0.01077129,0.01077129,-0.002804824
17076,13.26511,0.01782232,0.01438025,-0.2108389,0.01077129,0.01077129,-0.002804824
17077,13.26573,0.01782232,0.01438025,-0.2108389,0.01077129,0.01077129,-0.002804824
17078,13.26636,0.01782232,0.01438025,-0.2108389,0.01077129,0.01077129,-0.002804824
17079,13.26697,0.01782232,0.01438025,-0.2108389,0.01077129,0.01077129,-0.002804824
17080,13.26761,0.01782232,0.01438025,-0.2108389,0.01077129,0.01077129,-0.002804824
17081,13.26823,0.01782232,0.01438025,-0.2108389,0.01077129,0.01077129,-0.002804824
17082,13.26885,0.01782232,0.01438025,-0.2108389,0.01077129,0.01077129,-0.002804824
17083,13.26946,0.01782232,0.01438025,-0.2108389,0.01077129,0.01077129,-0.002804824
17084,13.27016,0.01782232,0.01438025,-0.2108389,0.01077129,0.01077129,-0.002804824
17085,13.27083,0.01782191,0.01445474,-0.2108582,0.01077129,0.01077129,-0.002804824
17086,13.27165,0.01782191,0.01445474,-0.2108582,0.01087423,0.01087423,-0.002826214
17087,13.27228,0.01782191,0.01445474,-0.2108582,0.01087423,0.01087423,-0.002826214
17088,13.2729,0.01782191,0.01445474,-0.2108582,0.01087423,0.01087423,-0.002826214
17089,13.27354,0.01782191,0.01445474,-0.2108582,0.01087423,0.01087423,-0.002826214
17090,13.27415,0.01782191,0.01445474,-0.2108582,0.01087423,0.01087423,-0.002826214
17091,13.27477,0.01782191,0.01445474,-0.2108582,0.01087423,0.01087423,-0.002826214
17092,13.27538,0.01782191,0.01445474,-0.2108582,0.01087423,0.01087423,-0.002826214
17093,13.276,0.01782191,0.01445474,-0.2108582,0.01087423,0.01087423,-0.002826214
17094,13.27663,0.01782191,0.01445474,-0.2108582,0.01087423,0.01087423,-0.002826214
17095,13.27725,0.01782191,0.01445474,-0.2108582,0.01087423,0.01087423,-0.002826214
17096,13.27795,0.01782191,0.01445474,-0.2108582,0.01087423,0.01087423,-0.002826214
17097,13.27861,0.01782191,0.01445474,-0.2108582,0.01087423,0.01087423,-0.002826214
17098,13.27932,0.01782191,0.01445474,-0.2108582,0,0,0
17099,13.27996,0.01782191,0.01445474,-0.2108582,0,0,0
17100,13.2806,0.01782191,0.01445474,-0.2108582,0,0,0
17101,13.28142,0.01782191,0.01445474,-0.2108582,0,0,0
17102,13.28207,0.01782191,0.01445474,-0.2108582,0,0,0
17103,13.28271,0.01782191,0.01445474,-0.2108582,0,0,0
17104,13.28334,0.01782191,0.01445474,-0.2108582,0,0,0
17105,13.28395,0.01782191,0.01445474,-0.2108582,0,0,0
17106,13.28456,0.01782191,0.01445474,-0.2108582,0,0,0
17107,13.28521,0.01782191,0.01445474,-0.2108582,0,0,0
17108,13.28583,0.01782191,0.01445474,-0.2108582,0,0,0
17109,13.28644,0.01782191,0.01445474,-0.2108582,0,0,0
17110,13.28706,0.01782191,0.01445474,-0.2108582,0,0,0
17111,13.28773,0.01782191,0.01445474,-0.2108582,0,0,0
17112,13.28846,0.01782191,0.01445474,-0.2108582,0,0,0
17113,13.28916,0.01782191,0.01445474,-0.2108582,0,0,0
17114,13.28986,0.01782191,0.01445474,-0.2108582,0,0,0
17115,13.29058,0.01782191,0.01445474,-0.2108582,0,0,0
17116,13.29123,0.01782191,0.01445474,-0.2108582,0,0,0
17117,13.29186,0.01782191,0.01445474,-0.2108582,0,0,0
17118,13.29249,0.01782191,0.01445474,-0.2108582,0,0,0
17119,13.29313,0.01782191,0.01445474,-0.2108582,0,0,0
17120,13.2938,0.01782191,0.01445474,-0.2108582,0,0,0
17121,13.29464,0.01782191,0.01445474,-0.2108582,0,0,0
17122,13.29541,0.01782191,0.01445474,-0.2108582,0,0,0
17123,13.29605,0.01782191,0.01445474,-0.2108582,0,0,0
17124,13.29667,0.01782191,0.01445474,-0.2108582,0,0,0
17125,13.29727,0.01782191,0.01445474,-0.2108582,0,0,0
17126,13.2979,0.01782191,0.01445474,-0.2108582,0,0,0
17127,13.29853,0.01782191,0.01445474,-0.2108582,0,0,0
17128,13.29914,0.01782191,0.01445474,-0.2108582,0,0,0
17129,13.29977,0.01782191,0.01445474,-0.2108582,0,0,0
17130,13.30041,0.01782191,0.01445474,-0.2108582,0,0,0
17131,13.3012,0.01782191,0.01445474,-0.2108582,0,0,0
17132,13.30184,0.01782191,0.01445474,-0.2108582,0,0,0
17133,13.30248,0.01782191,0.01445474,-0.2108582,0,0,0
17134,13.3031,0.01782191,0.01445474,-0.2108582,0,0,0
17135,13.30377,0.01782191,0.01445474,-0.2108582,0,0,0
17136,13.30444,0.01782191,0.01445474,-0.2108582,0,0,0
17137,13.30508,0.01782191,0.01445474,-0.2108582,0,0,0
17138,13.30572,0.01782191,0.01445474,-0.2108582,0,0,0
17139,13.30634,0.01782191,0.01445474,-0.2108582,0,0,0
17140,13.30696,0.01782191,0.01445474,-0.2108582,0,0,0
17141,13.30758,0.01782191,0.01445474,-0.2108582,0,0,0
17142,13.3082,0.01782191,0.01445474,-0.2108582,0,0,0
17143,13.30896,0.01782191,0.01445474,-0.2108582,0,0,0
17144,13.30977,0.01782191,0.01445474,-0.2108582,0,0,0
17145,13.31043,0.01782191,0.01445474,-0.2108582,0,0,0
17146,13.31104,0.01782191,0.01445474,-0.2108582,0,0,0
17147,13.31165,0.01782191,0.01445474,-0.2108582,0,0,0
17148,13.31228,0.01782191,0.01445474,-0.2108582,0,0,0
17149,13.31289,0.01782191,0.01445474,-0.2108582,0,0,0
17150,13.31353,0.01782191,0.01445474,-0.2108582,0,0,0
17151,13.31421,0.01782191,0.01445474,-0.2108582,0,0,0
17152,13.31484,0.01782191,0.01445474,-0.2108582,0,0,0
17153,13.31742,0.01782191,0.01445474,-0.2108582,0,0,0
17154,13.31814,0.01782191,0.01445474,-0.2108582,0,0,0
17155,13.3189,0.01782191,0.01445474,-0.2108582,0,0,0
17156,13.31963,0.01782191,0.01445474,-0.2108582,0,0,0
17157,13.3203,0.01782191,0.01445474,-0.2108582,0,0,0
17158,13.32111,0.01782191,0.01445474,-0.2108582,0,0,0
17159,13.32177,0.01782191,0.01445474,-0.2108582,0,0,0
17160,13.32242,0.01782191,0.01445474,-0.2108582,0,0,0
17161,13.32306,0.01782191,0.01445474,-0.2108582,0,0,0
17162,13.32369,0.01782191,0.01445474,-0.2108582,0,0,0
17163,13.32439,0.01782191,0.01445474,-0.2108582,0,0,0
17164,13.32507,0.01782191,0.01445474,-0.2108582,0,0,0
17165,13.32588,0.01782149,0.01452932,-0.2108776,0.001364489,0.001364489,-0.000353951
17166,13.32668,0.01782149,0.01452932,-0.2108776,0.001364489,0.001364489,-0.000353951
17167,13.32734,0.01782149,0.01452932,-0.2108776,0.001364489,0.001364489,-0.000353951
17168,13.32802,0.01782149,0.01452932,-0.2108776,0.001364489,0.001364489,-0.000353951
17169,13.32868,0.01782149,0.01452932,-0.2108776,0.001364489,0.001364489,-0.000353951
17170,13.32934,0.01782149,0.01452932,-0.2108776,0.001364489,0.001364489,-0.000353951
17171,13.32996,0.01782149,0.01452932,-0.2108776,0.001364489,0.001364489,-0.000353951
17172,13.33058,0.01782149,0.01452932,-0.2108776,0.001364489,0.001364489,-0.000353951
17173,13.33122,0.01782149,0.01452932,-0.2108776,0.001364489,0.001364489,-0.000353951
17174,13.33188,0.01782149,0.01452932,-0.2108776,0.001364489,0.001364489,-0.000353951
17175,13.33266,0.01782149,0.01452932,-0.2108776,0.001364489,0.001364489,-0.000353951
17176,13.33331,0.01782149,0.01452932,-0.2108776,0,0,0
17177,13.33394,0.01782149,0.01452932,-0.2108776,0,0,0
17178,13.33461,0.01782149,0.01452932,-0.2108776,0,0,0
17179,13.33527,0.01782149,0.01452932,-0.2108776,0,0,0
17180,13.33592,0.01782149,0.01452932,-0.2108776,0,0,0
17181,13.33667,0.01782149,0.01452932,-0.2108776,0,0,0
17182,13.33732,0.01782149,0.01452932,-0.2108776,0,0,0
17183,13.33797,0.01782149,0.01452932,-0.2108776,0,0,0
17184,13.33861,0.01782149,0.01452932,-0.2108776,0,0,0
17185,13.33928,0.01782149,0.01452932,-0.2108776,0,0,0
17186,13.33998,0.01782149,0.01452932,-0.2108776,0,0,0
17187,13.34062,0.01782149,0.01452932,-0.2108776,0,0,0
17188,13.34155,0.01782149,0.01452932,-0.2108776,0,0,0
17189,13.34232,0.01782149,0.01452932,-0.2108776,0,0,0
17190,13.34301,0.01782149,0.01452932,-0.2108776,0,0,0
17191,13.34369,0.01782149,0.01452932,-0.2108776,0,0,0
17192,13.34436,0.01782149,0.01452932,-0.2108776,0,0,0
17193,13.34507,0.01782149,0.01452932,-0.2108776,0,0,0
17194,13.34572,0.01782149,0.01452932,-0.2108776,0,0,0
17195,13.34638,0.01782149,0.01452932,-0.2108776,0,0,0
17196,13.347,0.01782149,0.01452932,-0.2108776,0,0,0
17197,13.34773,0.01782149,0.01452932,-0.2108776,0,0,0
17198,13.34846,0.01782149,0.01452932,-0.2108776,0,0,0
17199,13.3492,0.01782149,0.01452932,-0.2108776,0,0,0
17200,13.34983,0.01782149,0.01452932,-0.2108776,0,0,0
17201,13.35046,0.01782149,0.01452932,-0.2108776,0,0,0
17202,13.35114,0.01782149,0.01452932,-0.2108776,0,0,0
17203,13.35176,0.01782149,0.01452932,-0.2108776,0,0,0
17204,13.3524,0.01782149,0.01452932,-0.2108776,0,0,0
17205,13.35316,0.01782149,0.01452932,-0.2108776,0,0,0
17206,13.3539,0.01782149,0.01452932,-0.2108776,0,0,0
17207,13.35464,0.01782149,0.01452932,-0.2108776,0,0,0
17208,13.35536,0.01782149,0.01452932,-0.2108776,0,0,0
17209,13.35601,0.01782149,0.01452932,-0.2108776,0,0,0
17210,13.35666,0.01782149,0.01452932,-0.2108776,0,0,0
17211,13.3574,0.01782149,0.01452932,-0.2108776,0,0,0
17212,13.36086,0.01782149,0.01452932,-0.2108776,0,0,0
17213,13.36167,0.01782149,0.01452932,-0.2108776,0,0,0
17214,13.36234,0.01782149,0.01452932,-0.2108776,0,0,0
17215,13.363,0.01782149,0.01452932,-0.2108776,0,0,0
17216,13.36364,0.01782149,0.01452932,-0.2108776,0,0,0
17217,13.36428,0.01782149,0.01452932,-0.2108776,0,0,0
17218,13.36494,0.01782149,0.01452932,-0.2108776,0,0,0
17219,13.36561,0.01782149,0.01452932,-0.2108776,0,0,0
17220,13.36628,0.01782149,0.01452932,-0.2108776,0,0,0
17221,13.3672,0.01782149,0.01452932,-0.2108776,0,0,0
17222,13.36786,0.01782149,0.01452932,-0.2108776,0,0,0
17223,13.36847,0.01782149,0.01452932,-0.2108776,0,0,0
17224,13.3691,0.01782149,0.01452932,-0.2108776,0,0,0
17225,13.36982,0.01782149,0.01452932,-0.2108776,0,0,0
17226,13.37051,0.01782149,0.01452932,-0.2108776,0,0,0
17227,13.37117,0.01782149,0.01452932,-0.2108776,0,0,0
17228,13.37193,0.01782149,0.01452932,-0.2108776,0,0,0
17229,13.37264,0.01782149,0.01452932,-0.2108776,0,0,0
17230,13.3733,0.01782149,0.01452932,-0.2108776,0,0,0
17231,13.37405,0.01782149,0.01452932,-0.2108776,0,0,0
17232,13.37475,0.01782149,0.01452932,-0.2108776,0,0,0
17233,13.3754,0.01782149,0.01452932,-0.2108776,0,0,0
17234,13.37605,0.01782149,0.01452932,-0.2108776,0,0,0
17235,13.37682,0.01782149,0.01452932,-0.2108776,0,0,0
17236,13.37745,0.01782149,0.01452932,-0.2108776,0,0,0
17237,13.37813,0.01782149,0.01452932,-0.2108776,0,0,0
17238,13.37877,0.01782149,0.01452932,-0.2108776,0,0,0
17239,13.3794,0.01782149,0.01452932,-0.2108776,0,0,0
17240,13.38001,0.01782149,0.01452932,-0.2108776,0,0,0
17241,13.38077,0.01782149,0.01452932,-0.2108776,0,0,0
17242,13.38156,0.01782149,0.01452932,-0.2108776,0,0,0
17243,13.3823,0.01782149,0.01452932,-0.2108776,0,0,0
17244,13.38301,0.01782149,0.01452932,-0.2108776,0,0,0
17245,13.38372,0.01782149,0.01452932,-0.2108776,0,0,0
17246,13.38446,0.01782149,0.01452932,-0.2108776,0,0,0
17247,13.38513,0.01782149,0.01452932,-0.2108776,0,0,0
17248,13.38575,0.01782149,0.01452932,-0.2108776,0,0,0
17249,13.38641,0.01782149,0.01452932,-0.2108776,0,0,0
17250,13.38707,0.01782149,0.01452932,-0.2108776,0,0,0
17251,13.38771,0.01782149,0.01452932,-0.2108776,0,0,0
17252,13.38833,0.01782149,0.01452932,-0.2108776,0,0,0
17253,13.38895,0.01782149,0.01452932,-0.2108776,0,0,0
17254,13.38959,0.01782149,0.01452932,-0.2108776,0,0,0
17255,13.39024,0.01782149,0.01452932,-0.2108776,0,0,0
17256,13.39086,0.01782149,0.01452932,-0.2108776,0,0,0
17257,13.3915,0.01782149,0.01452932,-0.2108776,0,0,0
17258,13.3922,0.01782149,0.01452932,-0.2108776,0,0,0
17259,13.39295,0.01782149,0.01452932,-0.2108776,0,0,0
17260,13.39368,0.01782149,0.01452932,-0.2108776,0,0,0
17261,13.39435,0.01782149,0.01452932,-0.2108776,0,0,0
17262,13.39505,0.01782149,0.01452932,-0.2108776,0,0,0
17263,13.39567,0.01782149,0.01452932,-0.2108776,0,0,0
17264,13.39665,0.01782149,0.01452932,-0.2108776,0,0,0
17265,13.39729,0.01782149,0.01452932,-0.2108776,0,0,0
17266,13.39796,0.01782149,0.01452932,-0.2108776,0,0,0
17267,13.40071,0.01782149,0.01452932,-0.2108776,0,0,0
17268,13.40158,0.01782149,0.01452932,-0.2108776,0,0,0
17269,13.40226,0.01782149,0.01452932,-0.2108776,0,0,0
17270,13.40295,0.01782149,0.01452932,-0.2108776,0,0,0
17271,13.40364,0.01782149,0.01452932,-0.2108776,0,0,0
17272,13.40427,0.01782149,0.01452932,-0.2108776,0,0,0
17273,13.4049,0.01782149,0.01452932,-0.2108776,0,0,0
17274,13.40552,0.01782149,0.01452932,-0.2108776,0,0,0
17275,13.40615,0.01782149,0.01452932,-0.2108776,0,0,0
17276,13.4068,0.01782149,0.01452932,-0.2108776,0,0,0
17277,13.40742,0.01782149,0.01452932,-0.2108776,0,0,0
17278,13.40807,0.01782149,0.01452932,-0.2108776,0,0,0
17279,13.40907,0.01782149,0.01452932,-0.2108776,0,0,0
17280,13.40978,0.01782149,0.01452932,-0.2108776,0,0,0
17281,13.41054,0.01782149,0.01452932,-0.2108776,0,0,0
17282,13.4112,0.01782149,0.01452932,-0.2108776,0,0,0
17283,13.41186,0.01782149,0.01452932,-0.2108776,0,0,0
17284,13.4128,0.01782149,0.01452932,-0.2108776,0,0,0
17285,13.41343,0.01782149,0.01452932,-0.2108776,0,0,0
17286,13.4141,0.01782149,0.01452932,-0.2108776,0,0,0
17287,13.41475,0.01782149,0.01452932,-0.2108776,0,0,0
17288,13.41549,0.01782149,0.01452932,-0.2108776,0,0,0
17289,13.41614,0.01782149,0.01452932,-0.2108776,0,0,0
17290,13.41716,0.01782149,0.01452932,-0.2108776,0,0,0
17291,13.41781,0.01782149,0.01452932,-0.2108776,0,0,0
17292,13.41844,0.01782149,0.01452932,-0.2108776,0,0,0
17293,13.41905,0.01782149,0.01452932,-0.2108776,0,0,0
17294,13.4197,0.01782149,0.01452932,-0.2108776,0,0,0
17295,13.42059,0.01782149,0.01452932,-0.2108776,0,0,0
17296,13.42136,0.01782149,0.01452932,-0.2108776,0,0,0
17297,13.42201,0.01782149,0.01452932,-0.2108776,0,0,0
17298,13.42265,0.01782149,0.01452932,-0.2108776,0,0,0
17299,13.42329,0.01782149,0.01452932,-0.2108776,0,0,0
17300,13.42397,0.01782149,0.01452932,-0.2108776,0,0,0
17301,13.42496,0.01782149,0.01452932,-0.2108776,0,0,0
17302,13.42626,0.01782149,0.01452932,-0.2108776,0,0,0
17303,13.42702,0.01782149,0.01452932,-0.2108776,0,0,0
17304,13.42774,0.01782149,0.01452932,-0.2108776,0,0,0
17305,13.42879,0.01782149,0.01452932,-0.2108776,0,0,0
17306,13.4296,0.01790669,0.01452932,-0.2108704,0,0,0
17307,13.4304,0.01790669,0.01452932,-0.2108704,0,0,2.308506E-05
17308,13.43104,0.01790669,0.01452932,-0.2108704,0,0,2.308506E-05
17309,13.43168,0.01790669,0.01452932,-0.2108704,0,0,2.308506E-05
17310,13.4326,0.01790669,0.01452932,-0.2108704,0,0,2.308506E-05
17311,13.43323,0.01790669,0.01452932,-0.2108704,0,0,2.308506E-05
17312,13.43388,0.01790669,0.01452932,-0.2108704,0,0,2.308506E-05
17313,13.43455,0.01790669,0.01452932,-0.2108704,0,0,2.308506E-05
17314,13.43529,0.01790669,0.01452932,-0.2108704,0,0,2.308506E-05
17315,13.43598,0.01790669,0.01452932,-0.2108704,0,0,2.308506E-05
17316,13.4369,0.01790669,0.01452932,-0.2108704,0,0,2.308506E-05
17317,13.43756,0.01790669,0.01452932,-0.2108704,0,0,2.308506E-05
17318,13.4382,0.01790669,0.01452932,-0.2108704,0,0,0
17319,13.43884,0.01790669,0.01452932,-0.2108704,0,0,0
17320,13.43947,0.01790669,0.01452932,-0.2108704,0,0,0
17321,13.44014,0.01790669,0.01452932,-0.2108704,0,0,0
17322,13.44124,0.01790669,0.01452932,-0.2108704,0,0,0
17323,13.44191,0.01790669,0.01452932,-0.2108704,0,0,0
17324,13.44262,0.01790669,0.01452932,-0.2108704,0,0,0
17325,13.44327,0.01790669,0.01452932,-0.2108704,0,0,0
17326,13.44396,0.01790669,0.01452932,-0.2108704,0,0,0
17327,13.44486,0.01790669,0.01452932,-0.2108704,0,0,0
17328,13.44561,0.01790669,0.01452932,-0.2108704,0,0,0
17329,13.44633,0.01790669,0.01452932,-0.2108704,0,0,0
17330,13.44699,0.01790669,0.01452932,-0.2108704,0,0,0
17331,13.44762,0.01790669,0.01452932,-0.2108704,0,0,0
17332,13.44858,0.01790669,0.01452932,-0.2108704,0,0,0
17333,13.44931,0.01790669,0.01452932,-0.2108704,0,0,0
17334,13.44997,0.01790669,0.01452932,-0.2108704,0,0,0
17335,13.45091,0.01790669,0.01452932,-0.2108704,0,0,0
17336,13.45156,0.01790669,0.01452932,-0.2108704,0,0,0
17337,13.4522,0.01790669,0.01452932,-0.2108704,0,0,0
17338,13.45313,0.01790669,0.01452932,-0.2108704,0,0,0
17339,13.4538,0.01790669,0.01452932,-0.2108704,0,0,0
17340,13.45445,0.01790669,0.01452932,-0.2108704,0,0,0
17341,13.45507,0.01790669,0.01452932,-0.2108704,0,0,0
17342,13.45573,0.01790669,0.01452932,-0.2108704,0,0,0
17343,13.45634,0.01790669,0.01452932,-0.2108704,0,0,0
17344,13.45696,0.01790669,0.01452932,-0.2108704,0,0,0
17345,13.45759,0.01790669,0.01452932,-0.2108704,0,0,0
17346,13.45821,0.01790669,0.01452932,-0.2108704,0,0,0
17347,13.4589,0.01790669,0.01452932,-0.2108704,0,0,0
17348,13.45954,0.01790669,0.01452932,-0.2108704,0,0,0
17349,13.4602,0.01790669,0.01452932,-0.2108704,0,0,0
17350,13.46136,0.01790669,0.01452932,-0.2108704,0,0,0
17351,13.46203,0.01790669,0.01452932,-0.2108704,0,0,0
17352,13.46266,0.01790669,0.01452932,-0.2108704,0,0,0
17353,13.46328,0.01790669,0.01452932,-0.2108704,0,0,0
17354,13.46388,0.01790669,0.01452932,-0.2108704,0,0,0
17355,13.46485,0.01790669,0.01452932,-0.2108704,0,0,0
17356,13.46557,0.01790669,0.01452932,-0.2108704,0,0,0
17357,13.46624,0.01790669,0.01452932,-0.2108704,0,0,0
17358,13.46698,0.01790669,0.01452932,-0.2108704,0,0,0
17359,13.46766,0.01790669,0.01452932,-0.2108704,0,0,0
17360,13.46829,0.01790669,0.01452932,-0.2108704,0,0,0
17361,13.46893,0.01790669,0.01452932,-0.2108704,0,0,0
17362,13.46955,0.01790669,0.01452932,-0.2108704,0,0,0
17363,13.47017,0.01790669,0.01452932,-0.2108704,0,0,0
17364,13.4708,0.01790669,0.01452932,-0.2108704,0,0,0
17365,13.47141,0.01790669,0.01452932,-0.2108704,0,0,0
17366,13.47205,0.01790669,0.01452932,-0.2108704,0,0,0
17367,13.4727,0.01790669,0.01452932,-0.2108704,0,0,0
17368,13.47343,0.01790669,0.01452932,-0.2108704,0,0,0
17369,13.47408,0.01790669,0.01452932,-0.2108704,0,0,0
17370,13.4747,0.01790669,0.01452932,-0.2108704,0,0,0
17371,13.47534,0.01790669,0.01452932,-0.2108704,0,0,0
17372,13.47603,0.01790669,0.01452932,-0.2108704,0,0,0
17373,13.47682,0.01790669,0.01452932,-0.2108704,0,0,0
17374,13.47747,0.01790669,0.01452932,-0.2108704,0,0,0
17375,13.47812,0.01790669,0.01452932,-0.2108704,0,0,0
17376,13.47916,0.01790669,0.01452932,-0.2108704,0,0,0
17377,13.47981,0.01790669,0.01452932,-0.2108704,0,0,0
17378,13.48044,0.01790669,0.01452932,-0.2108704,0,0,0
17379,13.48119,0.01790669,0.01452932,-0.2108704,0,0,0
17380,13.48369,0.01790669,0.01452932,-0.2108704,0,0,0
17381,13.48435,0.01790669,0.01452932,-0.2108704,0,0,0
17382,13.48504,0.01790669,0.01452932,-0.2108704,0,0,0
17383,13.48573,0.01790669,0.01452932,-0.2108704,0,0,0
17384,13.48664,0.01790669,0.01452932,-0.2108704,0,0,0
17385,13.48731,0.01790669,0.01452932,-0.2108704,0,0,0
17386,13.48808,0.01790669,0.01452932,-0.2108704,0,0,0
17387,13.48873,0.01790669,0.01452932,-0.2108704,0,0,0
17388,13.4894,0.01790669,0.01452932,-0.2108704,0,0,0
17389,13.49004,0.01790669,0.01452932,-0.2108704,0,0,0
17390,13.49069,0.01790669,0.01452932,-0.2108704,0,0,0
17391,13.49136,0.01790669,0.01452932,-0.2108704,0,0,0
17392,13.492,0.01790669,0.01452932,-0.2108704,0,0,0
17393,13.49265,0.01790669,0.01452932,-0.2108704,0,0,0
17394,13.49326,0.01790669,0.01452932,-0.2108704,0,0,0
17395,13.49393,0.01790669,0.01452932,-0.2108704,0,0,0
17396,13.49459,0.01790669,0.01452932,-0.2108704,0,0,0
17397,13.49525,0.01790669,0.01452932,-0.2108704,0,0,0
17398,13.4959,0.01790669,0.01452932,-0.2108704,0,0,0
17399,13.49652,0.01790669,0.01452932,-0.2108704,0,0,0
17400,13.49715,0.01790669,0.01452932,-0.2108704,0,0,0
17401,13.49778,0.01790669,0.01452932,-0.2108704,0,0,0
17402,13.49845,0.01790629,0.01460387,-0.2108897,0,0,0
17403,13.49924,0.01790629,0.01460387,-0.2108897,0.0004315043,0.0004315043,-0.0001117191
17404,13.49991,0.01790629,0.01460387,-0.2108897,0.0004315043,0.0004315043,-0.0001117191
17405,13.50059,0.01790629,0.01460387,-0.2108897,0.0004315043,0.0004315043,-0.0001117191
17406,13.50146,0.01790629,0.01460387,-0.2108897,0.0004315043,0.0004315043,-0.0001117191
17407,13.50211,0.01790629,0.01460387,-0.2108897,0.0004315043,0.0004315043,-0.0001117191
17408,13.50274,0.01790629,0.01460387,-0.2108897,0.0004315043,0.0004315043,-0.0001117191
17409,13.50342,0.01790629,0.01460387,-0.2108897,0.0004315043,0.0004315043,-0.0001117191
17410,13.50405,0.01790629,0.01460387,-0.2108897,0.0004315043,0.0004315043,-0.0001117191
17411,13.50469,0.01790629,0.01460387,-0.2108897,0.0004315043,0.0004315043,-0.0001117191
17412,13.50542,0.01790629,0.01460387,-0.2108897,0.0004315043,0.0004315043,-0.0001117191
17413,13.50615,0.01790629,0.01460387,-0.2108897,0.0004315043,0.0004315043,-0.0001117191
17414,13.50681,0.01790629,0.01460387,-0.2108897,0.0004315043,0.0004315043,-0.0001117191
17415,13.50749,0.01790629,0.01460387,-0.2108897,0,0,0
17416,13.51128,0.01783693,0.01463094,-0.2109508,0,0,0
17417,13.51205,0.01783693,0.01463094,-0.2109508,0,0,0
17418,13.51274,0.01775341,0.01463094,-0.2109579,0,0,0
17419,13.51353,0.01775341,0.01463094,-0.2109579,0,0,-8.663339E-05
17420,13.5142,0.01775341,0.01463094,-0.2109579,0,0,-8.663339E-05
17421,13.51484,0.01775341,0.01463094,-0.2109579,0,0,-8.663339E-05
17422,13.51547,0.01775341,0.01463094,-0.2109579,0,0,-8.663339E-05
17423,13.51611,0.01766836,0.01463094,-0.210965,0,0,-8.621835E-05
17424,13.51689,0.01766836,0.01463094,-0.210965,0,0,-0.0001652234
17425,13.51758,0.01766836,0.01463094,-0.210965,0,0,-0.0001652234
17426,13.51823,0.01766836,0.01463094,-0.210965,0,0,-0.0001652234
17427,13.51886,0.01766836,0.01463094,-0.210965,0,0,-0.0001652234
17428,13.51952,0.01758311,0.01463094,-0.2109721,0,0,-0.001746912
17429,13.5203,0.01758311,0.01463094,-0.2109721,0,0,-0.001814118
17430,13.5211,0.01758311,0.01463094,-0.2109721,0,0,-0.001814118
17431,13.52174,0.01758311,0.01463094,-0.2109721,0,0,-0.001814118
17432,13.52238,0.0174979,0.01463094,-0.2109792,0,0,-0.001805326
17433,13.52313,0.0174979,0.01463094,-0.2109792,0,0,-0.001931633
17434,13.52377,0.0174979,0.01463094,-0.2109792,0,0,-0.001931633
17435,13.52443,0.0174979,0.01463094,-0.2109792,0,0,-0.001931633
17436,13.52509,0.0174979,0.01463094,-0.2109792,0,0,-0.001931633
17437,13.52603,0.01741261,0.01463094,-0.2109863,0,0,-0.001922218
17438,13.52678,0.01741261,0.01463094,-0.2109863,0,0,-0.001996198
17439,13.52749,0.01741261,0.01463094,-0.2109863,0,0,-0.001996198
17440,13.52814,0.01741261,0.01463094,-0.2109863,0,0,-0.001996198
17441,13.52876,0.01741261,0.01463094,-0.2109863,0,0,-0.001996198
17442,13.52938,0.01741261,0.01463094,-0.2109863,0,0,-0.001996198
17443,13.53,0.01741261,0.01463094,-0.2109863,0,0,-0.001996198
17444,13.5306,0.01741261,0.01463094,-0.2109863,0,0,-0.001996198
17445,13.53127,0.01741261,0.01463094,-0.2109863,0,0,-0.001996198
17446,13.5319,0.01741261,0.01463094,-0.2109863,0,0,-0.001996198
17447,13.53252,0.01741261,0.01463094,-0.2109863,0,0,-0.001996198
17448,13.53312,0.01741261,0.01463094,-0.2109863,0,0,-0.001996198
17449,13.53372,0.01741261,0.01463094,-0.2109863,0,0,-0.001996198
17450,13.53436,0.01741261,0.01463094,-0.2109863,0,0,0
17451,13.53497,0.01741261,0.01463094,-0.2109863,0,0,0
17452,13.53568,0.01741261,0.01463094,-0.2109863,0,0,0
17453,13.53649,0.01741261,0.01463094,-0.2109863,0,0,0
17454,13.53719,0.01741261,0.01463094,-0.2109863,0,0,0
17455,13.53788,0.01741261,0.01463094,-0.2109863,0,0,0
17456,13.53891,0.01741261,0.01463094,-0.2109863,0,0,0
17457,13.5396,0.01741261,0.01463094,-0.2109863,0,0,0
17458,13.54023,0.01741261,0.01463094,-0.2109863,0,0,0
17459,13.541,0.01741261,0.01463094,-0.2109863,0,0,0
17460,13.54162,0.01741261,0.01463094,-0.2109863,0,0,0
17461,13.54224,0.01741261,0.01463094,-0.2109863,0,0,0
17462,13.54285,0.01741261,0.01463094,-0.2109863,0,0,0
17463,13.54347,0.01741261,0.01463094,-0.2109863,0,0,0
17464,13.54408,0.01741261,0.01463094,-0.2109863,0,0,0
17465,13.54469,0.01741261,0.01463094,-0.2109863,0,0,0
17466,13.54532,0.01732737,0.01463094,-0.2109933,0,0,0
17467,13.54609,0.01732737,0.01463094,-0.2109933,0,0,0
17468,13.54671,0.01732737,0.01463094,-0.2109933,0,0,-0.0006052348
17469,13.54734,0.01732737,0.01463094,-0.2109933,0,0,-0.0006052348
17470,13.54809,0.01732737,0.01463094,-0.2109933,0,0,-0.0006052348
17471,13.54873,0.01732737,0.01463094,-0.2109933,0,0,-0.0006052348
17472,13.54936,0.01732737,0.01463094,-0.2109933,0,0,-0.0006052348
17473,13.54996,0.01732737,0.01463094,-0.2109933,0,0,-0.0006052348
17474,13.55057,0.01732737,0.01463094,-0.2109933,0,0,-0.0006052348
17475,13.55131,0.01732737,0.01463094,-0.2109933,0,0,-0.0006052348
17476,13.55204,0.01724213,0.01463094,-0.2110003,0,0,-0.0006022573
17477,13.55281,0.01724213,0.01463094,-0.2110003,0,0,-0.0007088601
17478,13.5535,0.01724213,0.01463094,-0.2110003,0,0,-0.0007088601
17479,13.55426,0.01724213,0.01463094,-0.2110003,0,0,-0.0007088601
17480,13.55492,0.01715683,0.01463094,-0.2110072,0,0,-0.0007053534
17481,13.5557,0.01715636,0.01470551,-0.2110265,0,0,-0.0008546471
17482,13.55645,0.01715636,0.01470551,-0.2110265,0.001304399,0.001304399,-0.001191634
17483,13.55712,0.01715636,0.01470551,-0.2110265,0.001304399,0.001304399,-0.001191634
17484,13.55775,0.0170711,0.01470551,-0.2110334,0.001304399,0.001304399,-0.001826353
17485,13.55849,0.0170711,0.01470551,-0.2110334,0.001304399,0.001304399,-0.001984286
17486,13.55915,0.0170711,0.01470551,-0.2110334,0.001304399,0.001304399,-0.001984286
17487,13.55982,0.0170711,0.01470551,-0.2110334,0.001304399,0.001304399,-0.001984286
17488,13.56044,0.0170711,0.01470551,-0.2110334,0.001304399,0.001304399,-0.001984286
17489,13.56322,0.01698582,0.01470551,-0.2110403,0.001304399,0.001304399,-0.002103153
17490,13.56404,0.01690056,0.01470551,-0.2110472,0.001304399,0.001304399,-0.002094284
17491,13.56479,0.01690056,0.01470551,-0.2110472,0,0,-0.00186114
17492,13.5655,0.01690056,0.01470551,-0.2110472,0,0,-0.00186114
17493,13.5663,0.01690056,0.01470551,-0.2110472,0,0,-0.00186114
17494,13.56701,0.01690056,0.01470551,-0.2110472,0,0,-0.00186114
17495,13.56764,0.01690056,0.01470551,-0.2110472,0,0,-0.00186114
17496,13.56832,0.01681529,0.01470551,-0.211054,0,0,-0.00186114
17497,13.5692,0.01681529,0.01470551,-0.211054,0,0,-0.001762045
17498,13.56995,0.01681529,0.01470551,-0.211054,0,0,-0.001762045
17499,13.57104,0.01681529,0.01470551,-0.211054,0,0,-0.001762045
17500,13.57176,0.01673,0.01470551,-0.2110608,0,0,-0.001753107
17501,13.57254,0.01673,0.01470551,-0.2110608,0,0,-0.001811703
17502,13.57325,0.01673,0.01470551,-0.2110608,0,0,-0.001811703
17503,13.57398,0.01673,0.01470551,-0.2110608,0,0,-0.001811703
17504,13.5792,0.01655943,0.01470551,-0.2110742,0,0,-0.001839383
17505,13.58074,0.01655943,0.01470551,-0.2110742,0,0,-0.001839383
17506,13.58172,0.01647413,0.01470551,-0.2110809,0,0,-0.001829908
17507,13.58249,0.01647413,0.01470551,-0.2110809,0,0,-0.001826176
17508,13.58312,0.01647413,0.01470551,-0.2110809,0,0,-0.001990211
17509,13.58374,0.01647413,0.01470551,-0.2110809,0,0,-0.001990211
17510,13.58435,0.01647413,0.01470551,-0.2110809,0,0,-0.001990211
17511,13.58499,0.01647413,0.01470551,-0.2110809,0,0,-0.001990211
17512,13.58559,0.01647413,0.01470551,-0.2110809,0,0,-0.001990211
17513,13.58623,0.01647413,0.01470551,-0.2110809,0,0,-0.001962006
17514,13.58689,0.01638888,0.01470551,-0.2110875,0,0,-0.001962006
17515,13.58763,0.01638888,0.01470551,-0.2110875,0,0,-0.001852464
17516,13.58824,0.01638888,0.01470551,-0.2110875,0,0,-0.001852464
17517,13.58885,0.01638888,0.01470551,-0.2110875,0,0,-0.001852464
17518,13.58948,0.01638888,0.01470551,-0.2110875,0,0,-0.001831852
17519,13.5901,0.01638888,0.01470551,-0.2110875,0,0,-0.001831852
17520,13.59076,0.01630355,0.01470551,-0.2110941,0,0,-0.001831852
17521,13.59145,0.01630355,0.01470551,-0.2110941,0,0,-0.001797344
17522,13.59209,0.01630355,0.01470551,-0.2110941,0,0,-0.001797344
17523,13.59273,0.01630355,0.01470551,-0.2110941,0,0,-0.001756419
17524,13.59341,0.01630355,0.01470551,-0.2110941,0,0,-0.001756419
17525,13.59414,0.01621829,0.01470551,-0.2111007,0,0,-0.001766948
17526,13.59503,0.01621829,0.01470551,-0.2111007,0,0,-0.001766948
17527,13.5958,0.01621829,0.01470551,-0.2111007,0,0,-0.001714548
17528,13.59651,0.01621829,0.01470551,-0.2111007,0,0,-0.001714548
17529,13.59721,0.01621829,0.01470551,-0.2111007,0,0,-0.001714548
17530,13.59793,0.01621829,0.01470551,-0.2111007,0,0,-0.001714548
17531,13.59861,0.01621829,0.01470551,-0.2111007,0,0,-0.001714548
17532,13.59936,0.01621829,0.01470551,-0.2111007,0,0,-0.001714548
17533,13.60002,0.01613295,0.01470551,-0.2111072,0,0,-0.001682309
17534,13.60091,0.01613295,0.01470551,-0.2111072,0,0,-0.001682309
17535,13.60156,0.01613295,0.01470551,-0.2111072,0,0,-0.001682309
17536,13.60222,0.01613295,0.01470551,-0.2111072,0,0,-0.001682309
17537,13.60284,0.01613295,0.01470551,-0.2111072,0,0,-0.001682309
17538,13.60349,0.01613295,0.01470551,-0.2111072,0,0,-0.001628753
17539,13.60412,0.01604767,0.01470551,-0.2111137,0,0,-0.001594412
17540,13.60481,0.01604767,0.01470551,-0.2111137,0,0,-0.001594412
17541,13.6055,0.01604767,0.01470551,-0.2111137,0,0,-0.001594412
17542,13.60615,0.01604767,0.01470551,-0.2111137,0,0,-0.001517296
17543,13.60676,0.01604767,0.01470551,-0.2111137,0,0,-0.001517296
17544,13.60738,0.01604767,0.01470551,-0.2111137,0,0,-0.001517296
17545,13.60798,0.01604767,0.01470551,-0.2111137,0,0,-0.001517296
17546,13.60859,0.01604767,0.01470551,-0.2111137,0,0,-0.001517296
17547,13.60922,0.01604767,0.01470551,-0.2111137,0,0,-0.001501279
17548,13.60988,0.01604767,0.01470551,-0.2111137,0,0,-0.001501279
17549,13.61064,0.01604767,0.01470551,-0.2111137,0,0,-0.001501279
17550,13.61128,0.01604767,0.01470551,-0.2111137,0,0,-0.001501279
17551,13.61191,0.01604767,0.01470551,-0.2111137,0,0,-0.001501279
17552,13.61252,0.01604767,0.01470551,-0.2111137,0,0,0
17553,13.61312,0.01596237,0.01470551,-0.2111202,0,0,0
17554,13.61387,0.01596237,0.01470551,-0.2111202,0,0,-0.001256946
17555,13.61449,0.01596237,0.01470551,-0.2111202,0,0,-0.001256946
17556,13.61511,0.01596237,0.01470551,-0.2111202,0,0,-0.001256946
17557,13.61587,0.01596237,0.01470551,-0.2111202,0,0,-0.001256946
17558,13.61653,0.01596237,0.01470551,-0.2111202,0,0,-0.001256946
17559,13.61717,0.01596237,0.01470551,-0.2111202,0,0,-0.001256946
17560,13.6178,0.01596237,0.01470551,-0.2111202,0,0,-0.001256946
17561,13.61847,0.01596237,0.01470551,-0.2111202,0,0,-0.001256946
17562,13.61911,0.01596237,0.01470551,-0.2111202,0,0,-0.00125205
17563,13.61973,0.01596237,0.01470551,-0.2111202,0,0,-0.00125205
17564,13.62034,0.01596237,0.01470551,-0.2111202,0,0,-0.00125205
17565,13.62115,0.01587706,0.01470551,-0.2111266,0,0,-0.001245358
17566,13.62185,0.01587706,0.01470551,-0.2111266,0,0,-0.001141858
17567,13.62248,0.01587706,0.01470551,-0.2111266,0,0,-0.001141858
17568,13.62308,0.01587706,0.01470551,-0.2111266,0,0,-0.0010821
17569,13.6237,0.01587706,0.01470551,-0.2111266,0,0,-0.0010821
17570,13.62433,0.01587706,0.01470551,-0.2111266,0,0,-0.0010821
17571,13.62496,0.01587706,0.01470551,-0.2111266,0,0,-0.0010821
17572,13.62568,0.01587706,0.01470551,-0.2111266,0,0,-0.0009768681
17573,13.62652,0.01587706,0.01470551,-0.2111266,0,0,-0.0009768681
17574,13.62723,0.01587706,0.01470551,-0.2111266,0,0,-0.0009768681
17575,13.62795,0.01587706,0.01470551,-0.2111266,0,0,-0.0009768681
17576,13.62859,0.01587706,0.01470551,-0.2111266,0,0,-0.0009768681
17577,13.62922,0.01587706,0.01470551,-0.2111266,0,0,-0.0009768681
17578,13.62982,0.01587706,0.01470551,-0.2111266,0,0,0
17579,13.63044,0.01587706,0.01470551,-0.2111266,0,0,0
17580,13.63104,0.01587706,0.01470551,-0.2111266,0,0,0
17581,13.63171,0.01587706,0.01470551,-0.2111266,0,0,0
17582,13.63234,0.01587706,0.01470551,-0.2111266,0,0,0
17583,13.63298,0.01587706,0.01470551,-0.2111266,0,0,0
17584,13.63365,0.01587706,0.01470551,-0.2111266,0,0,0
17585,13.63427,0.01587706,0.01470551,-0.2111266,0,0,0
17586,13.63493,0.01587706,0.01470551,-0.2111266,0,0,0
17587,13.63555,0.01587706,0.01470551,-0.2111266,0,0,0
17588,13.63622,0.01587706,0.01470551,-0.2111266,0,0,0
17589,13.63702,0.01587706,0.01470551,-0.2111266,0,0,0
17590,13.63774,0.01587706,0.01470551,-0.2111266,0,0,0
17591,13.63838,0.01587706,0.01470551,-0.2111266,0,0,0
17592,13.63905,0.01587706,0.01470551,-0.2111266,0,0,0
17593,13.63967,0.01587706,0.01470551,-0.2111266,0,0,0
17594,13.64032,0.01587706,0.01470551,-0.2111266,0,0,0
17595,13.64113,0.01587706,0.01470551,-0.2111266,0,0,0
17596,13.64182,0.01587706,0.01470551,-0.2111266,0,0,0
17597,13.64256,0.01587706,0.01470551,-0.2111266,0,0,0
17598,13.6433,0.01587706,0.01470551,-0.2111266,0,0,0
17599,13.64407,0.01587706,0.01470551,-0.2111266,0,0,0
17600,13.64683,0.01587706,0.01470551,-0.2111266,0,0,0
17601,13.6475,0.01587706,0.01470551,-0.2111266,0,0,0
17602,13.64818,0.01587706,0.01470551,-0.2111266,0,0,0
17603,13.64882,0.01587706,0.01470551,-0.2111266,0,0,0
17604,13.64948,0.01587706,0.01470551,-0.2111266,0,0,0
17605,13.65011,0.01587706,0.01470551,-0.2111266,0,0,0
17606,13.65376,0.01587706,0.01470551,-0.2111266,0,0,0
